7.5e-05 7.4999999999916e-05
0.000225 0.00012499999999998
0.000375 0.000194999999999998
0.000525 0.000267857142857282
0.000675 0.000341666666666625
0.000825 0.000415909090909134
0.000975 0.000490384615384733
0.001125 0.000565000000000042
0.001275 0.000639705882353053
0.001425 0.000714473684210782
0.001575 0.000789285714286062
0.001725 0.000864130434782708
0.001875 0.000939000000000002
0.002025 0.00101388888888883
0.002175 0.00108879310344808
0.002325 0.00116370967741932
0.002475 0.00123863636363599
0.002625 0.00131357142857138
0.002775 0.00138851351351364
0.002925 0.00146346153846168
0.003075 0.0015384146341465
0.003225 0.00161337209302316
0.003375 0.00168833333333353
0.003525 0.00176329787234077
0.003675 0.00183826530612262
0.003825 0.00191323529411818
0.003975 0.00198820754717004
0.004125 0.00206318181818232
0.004275 0.00213815789473691
0.004425 0.00221313559322054
0.004575 0.00228811475409865
0.004725 0.00236309523809535
0.004875 0.00243807692307762
0.005025 0.00251305970149293
0.005175 0.00258804347826152
0.005325 0.00266302816901433
0.005475 0.00273801369863046
0.005625 0.00281300000000027
0.005775 0.00288798701298747
0.005925 0.00296297468354507
0.006075 0.00303796296296317
0.006225 0.00311295180722909
0.006375 0.00318794117647058
0.006525 0.00326293103448236
0.006675 0.00333792134831437
0.006825 0.00341291208791185
0.006975 0.00348790322580622
0.007125 0.00356289473684194
0.007275 0.00363788659793745
0.007425 0.00371287878787798
0.007575 0.003787871287128
0.007725 0.00386286407766903
0.007875 0.00393785714285639
0.008025 0.0040128504672892
0.008175 0.00408784403669683
0.008325 0.00416283783783719
0.008475 0.0042378318584066
0.008625 0.00431282608695609
0.008775 0.00438782051282015
0.008925 0.0044628151260498
0.009075 0.00453780991735509
0.009225 0.00461280487804867
0.009375 0.00468779999999967
0.009525 0.0047627952755903
0.009675 0.00483779069767406
0.009825 0.00491278625954141
0.009975 0.00498778195488646
0.010125 0.0050627777777773
0.010275 0.00513777372262702
0.010425 0.00521276978417195
0.010575 0.00528776595744621
0.010725 0.00536276223776109
0.010875 0.00543775862068861
0.011025 0.00551275510203957
0.011175 0.00558775167785123
0.011325 0.00566274834436972
0.011475 0.00573774509803823
0.011625 0.00581274193548282
0.011775 0.00588773885350186
0.011925 0.00596273584905571
0.012075 0.00603773291925387
0.012225 0.00611273006134883
0.012375 0.00618772727272626
0.012525 0.00626272455089708
0.012675 0.00633772189349008
0.012825 0.00641271929824458
0.012975 0.00648771676300475
0.013125 0.00656271428571348
0.013275 0.00663771186440616
0.013425 0.00671270949720594
0.013575 0.00678770718232003
0.013725 0.00686270491803218
0.013875 0.00693770270270195
0.014025 0.00701270053475857
0.014175 0.00708769841269756
0.014325 0.0071626963350778
0.014475 0.0072376943005174
0.014625 0.00731269230769148
0.014775 0.00738769035532924
0.014925 0.00746268844221024
0.015175 0.00758850906095501
0.015525 0.0077634863123987
0.015875 0.00793846456692889
0.016225 0.00811344375962975
0.016575 0.00828842383107082
0.016925 0.00846340472673555
0.017275 0.00863838639652644
0.017625 0.00881336879432563
0.017975 0.008988351877607
0.018325 0.009163335607093
0.018675 0.00933831994645139
0.019025 0.00951330486202226
0.019375 0.0096882903225793
0.019725 0.00986327629911178
0.020075 0.0100382627646318
0.020425 0.0102132496940021
0.020775 0.0103882370637783
0.021125 0.0105632248520709
0.021475 0.0107382130384168
0.021825 0.0109132016036657
0.022175 0.0110881905298769
0.022525 0.011263179800223
0.022875 0.0114381693989086
0.023225 0.0116131593110886
0.023575 0.011788149522801
0.023925 0.0119631400208997
0.024275 0.0121381307929977
0.024625 0.0123131218274123
0.024975 0.0124881131131139
0.025325 0.0126631046396848
0.025675 0.0128380963972748
0.026025 0.0130130883765613
0.026375 0.0131880805687208
0.026725 0.0133630729653885
0.027075 0.0135380655586335
0.027425 0.0137130583409297
0.027775 0.0138880513051304
0.028125 0.0140630444444445
0.028475 0.0142380377524144
0.028825 0.0144130312228967
0.029175 0.0145880248500431
0.029525 0.0147630186282815
0.029875 0.0149380125523021
0.030225 0.0151130066170398
0.030575 0.0152880008176625
0.030925 0.0154629951495565
0.031275 0.0156379896083144
0.031625 0.0158129841897245
0.031975 0.0159879788897591
0.032325 0.0161629737045646
0.032675 0.0163379686304529
0.033025 0.0165129636638927
0.033375 0.0166879588014999
0.033725 0.0168629540400312
0.034075 0.0170379493763772
0.034425 0.0172129448075544
0.034775 0.0173879403306987
0.035125 0.0175629359430618
0.035475 0.0177379316420026
0.035825 0.0179129274249836
0.036175 0.0180879232895657
0.036525 0.0182629192334028
0.036875 0.0184379152542382
0.037225 0.0186129113499004
0.037575 0.0187879075182978
0.037925 0.0189629037574171
0.038275 0.019137900065318
0.038625 0.0193128964401308
0.038975 0.0194878928800524
0.039325 0.0196628893833451
0.039675 0.0198378859483316
0.040025 0.0200128825733929
0.040375 0.0201878792569674
0.040725 0.0203628759975461
0.041075 0.0205378727936717
0.041425 0.0207128696439364
0.041775 0.0208878665469794
0.042125 0.0210628635014853
0.042475 0.0212378605061816
0.042825 0.021412857559838
0.043175 0.0215878546612637
0.043525 0.0217628518093064
0.043875 0.0219378490028504
0.044225 0.0221128462408155
0.044575 0.0222878435221552
0.044925 0.0224628408458556
0.045275 0.0226378382109346
0.045625 0.0228128356164398
0.045975 0.0229878330614478
0.046325 0.0231628305450634
0.046675 0.023337828066418
0.047025 0.0235128256246691
0.047375 0.0236878232189987
0.047725 0.0238628208486132
0.048075 0.0240378185127418
0.048425 0.0242128162106364
0.048775 0.0243878139415698
0.049125 0.024562811704836
0.049475 0.0247378094997487
0.049825 0.0249128073256411
