7.5e-06 7.50000000075054e-06
2.25e-05 1.25000000006486e-05
3.75e-05 1.950000000159e-05
5.25e-05 2.67857142860715e-05
6.75e-05 3.41666666674757e-05
8.25e-05 4.15909090930999e-05
9.75e-05 4.90384615401719e-05
0.0001125 5.65000000001126e-05
0.0001275 6.39705882359558e-05
0.0001425 7.14473684244935e-05
0.0001575 7.89285714296723e-05
0.0001725 8.64130434796803e-05
0.0001875 9.39000000006508e-05
0.0002025 0.000101388888891539
0.0002175 0.000108879310347374
0.0002325 0.000116370967744896
0.0002475 0.000123863636363328
0.0002625 0.000131357142856813
0.0002775 0.000138851351349521
0.0002925 0.000146346153842266
0.0003075 0.000153841463409138
0.0003225 0.000161337209298721
0.0003375 0.000168833333325493
0.0003525 0.000176329787231619
0.0003675 0.000183826530608883
0.0003825 0.000191323529407916
0.0003975 0.000198820754711239
0.0004125 0.000206318181811691
0.0004275 0.00021381578946433
0.0004425 0.000221313559315423
0.0004575 0.000228811475401896
0.0004725 0.000236309523804403
0.0004875 0.000243807692302177
0.0005025 0.000251305970145355
0.0005175 0.000258804347820062
0.0005325 0.000266302816893013
0.0005475 0.000273801369852492
0.0005625 0.000281299999990901
0.0005775 0.000288798701289114
0.0005925 0.000296297468344192
0.0006075 0.000303796296282637
0.0006225 0.000311295180711633
0.0006375 0.000318794117637697
0.0006525 0.000326293103437793
0.0006675 0.000333792134821353
0.0006825 0.000341291208781537
0.0006975 0.000348790322569888
0.0007125 0.000356289473672866
0.0007275 0.000363788659786534
0.0007425 0.000371287878780442
0.0007575 0.000378787128704832
0.0007725 0.000386286407756316
0.0007875 0.000393785714274252
0.0008025 0.000401285046717266
0.0008175 0.000408784403659638
0.0008325 0.000416283783771413
0.0008475 0.000423783185829241
0.0008625 0.000431282608685684
0.0008775 0.000438782051270993
0.0008925 0.000446281512593129
0.0009075 0.000453780991725079
0.0009225 0.000461280487795888
0.0009375 0.000468779999988783
0.0009525 0.00047627952754844
0.0009675 0.000483779069759276
0.0009825 0.000491278625943674
0.0009975 0.000498778195476415
0.0010125 0.00050627777776658
0.0010275 0.000513777372252242
0.0010425 0.000521276978405696
0.0010575 0.000528776595733691
0.0010725 0.000536276223766353
0.0010875 0.000543775862060996
0.0011025 0.000551275510194781
0.0011175 0.000558775167773758
0.0011325 0.000566274834423902
0.0011475 0.00057377450978561
0.0011625 0.000581274193528201
0.0011775 0.000588773885330028
0.0011925 0.000596273584885716
0.0012075 0.000603773291904312
0.0012225 0.000611273006118405
0.0012375 0.000618772727258751
0.0012525 0.000626272455070528
0.0012675 0.000633772189335152
0.0012825 0.000641271929806796
0.0012975 0.000648771676284957
0.0013125 0.000656271428556353
0.0013275 0.000663771186427634
0.0013425 0.000671270949705509
0.0013575 0.000678770718216437
0.0013725 0.000686270491790599
0.0013875 0.000693770270258126
0.0014025 0.000701270053465425
0.0014175 0.000708769841264319
0.0014325 0.000716269633503031
0.0014475 0.00072376943004962
0.0014625 0.000731269230766783
0.0014775 0.000738769035529838
0.0014925 0.00074626884421948
0.0015075 0.000753768656712907
0.0015225 0.000761268472903421
0.0015375 0.000768768292679073
0.0015525 0.000776268115938595
0.0015675 0.000783767942582646
0.0015825 0.000791267772510035
0.0015975 0.000798767605628557
0.0016125 0.000806267441855171
0.0016275 0.000813767281101254
0.0016425 0.000821267123280115
0.0016575 0.000828766968317656
0.0016725 0.000836266816136188
0.0016875 0.000843766666656166
0.0017025 0.000851266519817995
0.0017175 0.000858766375540349
0.0017325 0.000866266233763595
0.0017475 0.000873766094417274
0.0017625 0.000881265957443511
0.0017775 0.000888765822780956
0.0017925 0.000896265690371709
0.0018075 0.00090376556016156
0.0018225 0.000911265432096376
0.0018375 0.000918765306121843
0.0018525 0.000926265182183856
0.0018675 0.000933765060237146
0.0018825 0.000941264940234786
0.0018975 0.000948764822131587
0.0019125 0.000956264705880581
0.0019275 0.000963764591438357
0.0019425 0.000971264478763397
0.0019575 0.000978764367814139
0.0019725 0.000986264258550773
0.0019875 0.000993764150937259
0.0020025 0.00100126404493918
0.0020175 0.00100876394051858
0.0020325 0.00101626383763577
0.0020475 0.00102376373626007
0.0020625 0.00103126363636237
0.0020775 0.00103876353790491
0.0020925 0.00104626344085692
0.0021075 0.00105376334519496
0.0021225 0.0010612632508809
0.0021375 0.00106876315789144
0.0021525 0.00107626306619763
0.0021675 0.00108376297577592
0.0021825 0.00109126288659559
0.0021975 0.00109876279863324
0.0022125 0.00110626271185987
0.0022275 0.00111376262625741
0.0022425 0.00112126254180065
0.0022575 0.00112876245846416
0.0022725 0.00113626237623183
0.0022875 0.00114376229507462
0.0023025 0.00115126221497629
0.0023175 0.00115876213591525
0.0023325 0.00116626205786786
0.0023475 0.00117376198081801
0.0023625 0.0011812619047493
0.0023775 0.00118876182964198
0.0023925 0.00119626175547607
0.0024075 0.00120376168223532
0.0024225 0.00121126160989813
0.0024375 0.00121876153845177
0.0024525 0.00122626146787634
0.0024675 0.0012337613981647
0.0024825 0.00124126132929519
0.0024975 0.00124876126124954
0.0025125 0.00125626119401891
0.0025275 0.00126376112758344
0.0025425 0.00127126106193748
0.0025575 0.00127876099705596
0.0025725 0.00128626093293338
0.0025875 0.00129376086955536
0.0026025 0.00130126080690541
0.0026175 0.00130876074497473
0.0026325 0.00131626068374885
0.0026475 0.00132376062321852
0.0026625 0.0013312605633695
0.0026775 0.00133876050419273
0.0026925 0.00134626044567367
0.0027075 0.00135376038780509
0.0027225 0.00136126033057084
0.0027375 0.00136876027396355
0.0027525 0.00137626021797614
0.0027675 0.001383760162594
0.0027825 0.00139126010780825
0.0027975 0.00139876005360792
0.0028125 0.00140625999999122
0.0028275 0.0014137599469402
0.0028425 0.00142125989444926
0.0028575 0.00142875984251315
0.0028725 0.00143625979111549
0.0028875 0.00144375974025266
0.0029025 0.00145125968991575
0.0029175 0.00145875964009922
0.0029325 0.00146625959078319
0.0029475 0.00147375954197677
0.0029625 0.00148125949366375
0.0029775 0.00148875944583664
0.0029925 0.00149625939848848
0.0030075 0.00150375935161018
0.0030225 0.00151125930519985
0.0030375 0.00151875925924845
0.0030525 0.00152625921374885
0.0030675 0.00153375916869205
0.0030825 0.00154125912407599
0.0030975 0.00154875907989189
0.0031125 0.00155625903613247
0.0031275 0.00156375899279586
0.0031425 0.001571258949873
0.0031575 0.00157875890735861
0.0031725 0.00158625886524172
0.0031875 0.00159375882352233
0.0032025 0.0016012587821951
0.0032175 0.00160875874125281
0.0032325 0.00161625870068994
0.0032475 0.00162375866050108
0.0032625 0.00163125862068274
0.0032775 0.00163875858123118
0.0032925 0.00164625854213375
0.0033075 0.00165375850339239
0.0033225 0.0016612584650033
0.0033375 0.00166875842695764
0.0033525 0.00167625838925526
0.0033675 0.00168375835188713
0.0033825 0.00169125831484977
0.0033975 0.00169875827813582
0.0034125 0.00170625824174889
0.0034275 0.00171375820568185
0.0034425 0.00172125816992566
0.0034575 0.00172875813447842
0.0034725 0.00173625809933832
0.0034875 0.00174375806450371
0.0035025 0.00175125802996901
0.0035175 0.00175875799572337
0.0035325 0.00176625796177233
0.0035475 0.0017737579281069
0.0035625 0.00178125789472677
0.0035775 0.00178875786162502
0.0035925 0.00179625782879985
0.0036075 0.00180375779624733
0.0036225 0.00181125776396234
0.0036375 0.00181875773194846
0.0036525 0.00182625770019655
0.0036675 0.00183375766870298
0.0036825 0.00184125763746606
0.0036975 0.00184875760648036
0.0037125 0.00185625757574759
0.0037275 0.00186375754526233
0.0037425 0.00187125751502113
0.0037575 0.00187875748501839
0.0037725 0.00188625745525593
0.0037875 0.0018937574257321
0.0038025 0.00190125739643946
0.0038175 0.00190875736737823
0.0038325 0.0019162573385392
0.0038475 0.00192375730992961
0.0038625 0.00193125728154239
0.0038775 0.00193875725337009
0.0038925 0.00194625722541835
0.0039075 0.00195375719767974
0.0039225 0.00196125717015451
0.0039375 0.00196875714283868
0.0039525 0.00197625711573618
0.0039675 0.00198375708883618
0.0039825 0.00199125706213653
0.0039975 0.00199875703563577
0.0040125 0.00200625700933389
0.0040275 0.00201375698323043
0.0040425 0.00202125695731718
0.0040575 0.00202875693159704
0.0040725 0.00203625690606279
0.0040875 0.00204375688072235
0.0041025 0.00205125685556419
0.0041175 0.00205875683059372
0.0041325 0.00206625680579539
0.0041475 0.00207375678118102
0.0041625 0.00208125675674928
0.0041775 0.0020887567324839
0.0041925 0.00209625670839343
0.0042075 0.00210375668448235
0.0042225 0.00211125666073546
0.0042375 0.00211875663715999
0.0042525 0.00212625661374583
0.0042675 0.00213375659049948
0.0042825 0.0021412565674119
0.0042975 0.00214875654449286
0.0043125 0.00215625652172524
0.0043275 0.00216375649911857
0.0043425 0.00217125647667104
0.0043575 0.00217875645437866
0.0043725 0.00218625643224
0.0043875 0.00219375641024965
0.0044025 0.00220125638840902
0.0044175 0.00220875636671307
0.0044325 0.00221625634516543
0.0044475 0.0022237563237621
0.0044625 0.00223125630250887
0.0044775 0.00223875628139491
0.0044925 0.00224625626042165
0.0045075 0.00225375623958584
0.0045225 0.00226125621888736
0.0045375 0.00226875619832815
0.0045525 0.00227625617790783
0.0045675 0.00228375615762135
0.0045825 0.0022912561374633
0.0045975 0.00229875611744051
0.0046125 0.00230625609754434
0.0046275 0.00231375607778022
0.0046425 0.00232125605814232
0.0046575 0.00232875603863105
0.0046725 0.00233625601924988
0.0046875 0.0023437559999881
0.0047025 0.00235125598084894
0.0047175 0.00235875596183097
0.0047325 0.00236625594293227
0.0047475 0.00237375592415659
0.0047625 0.00238125590549627
0.0047775 0.00238875588695536
0.0047925 0.00239625586853023
0.0048075 0.00240375585022048
0.0048225 0.00241125583202109
0.0048375 0.00241875581393568
0.0048525 0.00242625579596383
0.0048675 0.00243375577810777
0.0048825 0.00244125576035304
0.0048975 0.00244875574270812
0.0049125 0.00245625572517761
0.0049275 0.00246375570774619
0.0049425 0.00247125569042834
0.0049575 0.00247875567320863
0.0049725 0.00248625565609525
0.0049875 0.00249375563908277
0.0050025 0.00250125562217568
0.0050175 0.00250875560536768
0.0050325 0.00251625558866059
0.0050475 0.00252375557205346
0.0050625 0.00253125555554181
0.0050775 0.00253875553913106
0.0050925 0.00254625552281667
0.0051075 0.00255375550659565
0.0051225 0.00256125549046919
0.0051375 0.00256875547444182
0.0051525 0.00257625545850269
0.0051675 0.00258375544265813
0.0051825 0.00259125542690542
0.0051975 0.00259875541124276
0.0052125 0.00260625539567106
0.0052275 0.00261375538018759
0.0052425 0.00262125536479599
0.0052575 0.0026287553494881
0.0052725 0.00263625533426666
0.0052875 0.00264375531913525
0.0053025 0.00265125530408758
0.0053175 0.00265875528912981
0.0053325 0.00266625527424807
0.0053475 0.00267375525945504
0.0053625 0.0026812552447394
0.0053775 0.00268875523011426
0.0053925 0.00269625521556337
0.0054075 0.00270375520109709
0.0054225 0.00271125518670867
0.0054375 0.00271875517239811
0.0054525 0.00272625515817036
0.0054675 0.00273375514402227
0.0054825 0.00274125512994827
0.0054975 0.00274875511595032
0.0055125 0.00275625510203156
0.0055275 0.00276375508818163
0.0055425 0.0027712550744094
0.0055575 0.00277875506071503
0.0055725 0.00278625504709262
0.0055875 0.00279375503354626
0.0056025 0.00280125502006874
0.0056175 0.00280875500666136
0.0056325 0.00281625499332823
0.0056475 0.00282375498006574
0.0056625 0.0028312549668752
0.0056775 0.00283875495375168
0.0056925 0.00284625494070225
0.0057075 0.00285375492771442
0.0057225 0.00286125491479674
0.0057375 0.00286875490194427
0.0057525 0.00287625488916064
0.0057675 0.00288375487644715
0.0057825 0.00289125486379887
0.0057975 0.00289875485121582
0.0058125 0.00290625483869929
0.0058275 0.00291375482624075
0.0058425 0.00292125481385285
0.0058575 0.00292875480152407
0.0058725 0.00293625478926103
0.0058875 0.00294375477705728
0.0059025 0.00295125476491824
0.0059175 0.00295875475283951
0.0059325 0.00296625474082188
0.0059475 0.00297375472886715
0.0059625 0.00298125471697093
0.0059775 0.00298875470513401
0.0059925 0.00299625469335636
0.0060075 0.00300375468163723
0.0060225 0.00301125466997541
0.0060375 0.003018754658377
0.0060525 0.00302625464682937
0.0060675 0.00303375463534084
0.0060825 0.00304125462391083
0.0060975 0.00304875461253288
0.0061125 0.00305625460121421
0.0061275 0.00306375458995226
0.0061425 0.00307125457874236
0.0061575 0.00307875456758993
0.0061725 0.00308625455649061
0.0061875 0.00309375454544334
0.0062025 0.00310125453444993
0.0062175 0.00310875452351144
0.0062325 0.00311625451262481
0.0062475 0.00312375450179257
0.0062625 0.00313125449101111
0.0062775 0.0031387544802817
0.0062925 0.00314625446959944
0.0063075 0.00315375445896977
0.0063225 0.00316125444839214
0.0063375 0.00316875443786348
0.0063525 0.00317625442738199
0.0063675 0.00318375441695072
0.0063825 0.00319125440657024
0.0063975 0.00319875439623872
0.0064125 0.00320625438595545
0.0064275 0.00321375437571809
0.0064425 0.00322125436552896
0.0064575 0.00322875435539242
0.0064725 0.00323625434529582
0.0064875 0.00324375433524763
0.0065025 0.00325125432524662
0.0065175 0.00325875431529278
0.0065325 0.00326625430538192
0.0065475 0.00327375429552005
0.0065625 0.00328125428570534
0.0065775 0.00328875427593363
0.0065925 0.00329625426620367
0.0066075 0.00330375425651726
0.0066225 0.00331125424687565
0.0066375 0.0033187542372794
0.0066525 0.00332625422772833
0.0066675 0.00333375421821721
0.0066825 0.00334125420874726
0.0066975 0.00334875419932087
0.0067125 0.00335625418993624
0.0067275 0.00336375418059278
0.0067425 0.00337125417129469
0.0067575 0.00337875416203474
0.0067725 0.00338625415281597
0.0067875 0.00339375414363894
0.0068025 0.00340125413450187
0.0068175 0.00340875412540577
0.0068325 0.00341625411635022
0.0068475 0.00342375410733041
0.0068625 0.00343125409835357
0.0068775 0.00343875408941547
0.0068925 0.00344625408051472
0.0069075 0.00345375407165392
0.0069225 0.00346125406283128
0.0069375 0.00346875405404798
0.0069525 0.00347625404530103
0.0069675 0.00348375403659222
0.0069825 0.00349125402791915
0.0069975 0.00349875401928423
0.0070125 0.00350625401068566
0.0070275 0.00351375400212442
0.0070425 0.00352125399360013
0.0070575 0.00352875398511158
0.0070725 0.00353625397665695
0.0070875 0.0035437539682447
0.0071025 0.00355125395986457
0.0071175 0.00355875395152197
0.0071325 0.00356625394320731
0.0071475 0.00357375393493198
0.0071625 0.00358125392669057
0.0071775 0.00358875391848433
0.0071925 0.003596253910312
0.0072075 0.0036037539021772
0.0072225 0.00361125389407215
0.0072375 0.003618753885999
0.0072525 0.00362625387796582
0.0072675 0.00363375386996175
0.0072825 0.00364125386198979
0.0072975 0.00364875385404876
0.0073125 0.00365625384614227
0.0073275 0.00366375383827129
0.0073425 0.00367125383042827
0.0073575 0.00367875382261915
0.0073725 0.00368625381484032
0.0073875 0.00369375380709487
0.0074025 0.00370125379938131
0.0074175 0.00370875379169507
0.0074325 0.00371625378404157
0.0074475 0.00372375377642197
0.0074625 0.0037312537688333
0.0074775 0.00373875376127377
0.0074925 0.0037462537537409
0.0075075 0.00375375374624078
0.0075225 0.0037612537387716
0.0075375 0.00376875373133089
0.0075525 0.00377625372391931
0.0075675 0.00378375371653867
0.0075825 0.0037912537091865
0.0075975 0.00379875370186166
0.0076125 0.00380625369456754
0.0076275 0.00381375368730074
0.0076425 0.00382125368006241
0.0076575 0.00382875367285503
0.0076725 0.00383625366567316
0.0076875 0.00384375365852157
0.0077025 0.00385125365139911
0.0077175 0.00385875364430398
0.0077325 0.00386625363723551
0.0077475 0.00387375363019256
0.0077625 0.00388125362317852
0.0077775 0.00388875361618978
0.0077925 0.00389625360922837
0.0078075 0.00390375360229384
0.0078225 0.00391125359538597
0.0078375 0.0039187535885061
0.0078525 0.00392625358164927
0.0078675 0.00393375357482271
0.0078825 0.00394125356801693
0.0078975 0.00394875356124323
0.0079125 0.00395625355449075
0.0079275 0.00396375354776629
0.0079425 0.00397125354106306
0.0079575 0.00397875353438466
0.0079725 0.0039862535277379
0.0079875 0.00399375352111191
0.0080025 0.00400125351451395
0.0080175 0.00400875350793674
0.0080325 0.00401625350138442
0.0080475 0.00402375349485915
0.0080625 0.00403125348835649
0.0080775 0.00403875348187465
0.0080925 0.00404625347542527
0.0081075 0.00405375346899309
0.0081225 0.00406125346259075
0.0081375 0.00406875345620642
0.0081525 0.00407625344984652
0.0081675 0.00408375344350744
0.0081825 0.00409125343719719
0.0081975 0.00409875343090956
0.0082125 0.00410625342464457
0.0082275 0.00411375341839937
0.0082425 0.0041212534121768
0.0082575 0.00412875340598
0.0082725 0.004136253399799
0.0082875 0.00414375339365003
0.0083025 0.00415125338751649
0.0083175 0.00415875338140957
0.0083325 0.00416625337532204
0.0083475 0.00417375336925716
0.0083625 0.00418125336320987
0.0083775 0.00418875335718739
0.0083925 0.00419625335118528
0.0084075 0.00420375334520582
0.0084225 0.00421125333924971
0.0084375 0.00421875333331265
0.0084525 0.00422625332740005
0.0084675 0.00423375332150177
0.0084825 0.00424125331562975
0.0084975 0.00424875330977318
0.0085125 0.00425625330394536
0.0085275 0.00426375329813298
0.0085425 0.00427125329234327
0.0085575 0.00427875328657146
0.0085725 0.00428625328082052
0.0085875 0.00429375327508684
0.0086025 0.00430125326937827
0.0086175 0.00430875326368696
0.0086325 0.00431625325801964
0.0086475 0.00432375325237169
0.0086625 0.00433125324673951
0.0086775 0.0043387532411264
0.0086925 0.00434625323553086
0.0087075 0.00435375322996012
0.0087225 0.00436125322440303
0.0087375 0.00436875321886893
0.0087525 0.00437625321334878
0.0087675 0.00438375320785674
0.0087825 0.00439125320237324
0.0087975 0.00439875319691452
0.0088125 0.00440625319147309
0.0088275 0.00441375318605102
0.0088425 0.00442125318065013
0.0088575 0.00442875317525929
0.0088725 0.00443625316988963
0.0088875 0.00444375316453932
0.0089025 0.00445125315920993
0.0089175 0.00445875315389628
0.0089325 0.00446625314859838
0.0089475 0.00447375314332139
0.0089625 0.00448125313805834
0.0089775 0.00448875313281646
0.0089925 0.00449625312759006
0.0090075 0.00450375312238484
0.0090225 0.00451125311719354
0.0090375 0.00451875311201956
0.0090525 0.0045262531068626
0.0090675 0.00453375310172295
0.0090825 0.00454125309660084
0.0090975 0.00454875309149809
0.0091125 0.00455625308641265
0.0091275 0.00456375308133753
0.0091425 0.00457125307628176
0.0091575 0.0045787530712433
0.0091725 0.00458625306622239
0.0091875 0.0045937530612154
0.0092025 0.00460125305622213
0.0092175 0.0046087530512482
0.0092325 0.00461625304628999
0.0092475 0.00462375304134732
0.0092625 0.00463125303642579
0.0092775 0.00463875303151638
0.0092925 0.0046462530266261
0.0093075 0.00465375302174921
0.0093225 0.00466125301688786
0.0093375 0.00466875301204403
0.0093525 0.00467625300721051
0.0093675 0.00468375300239613
0.0093825 0.00469125299759568
0.0093975 0.00469875299280913
0.0094125 0.00470625298803993
0.0094275 0.00471375298328411
0.0094425 0.00472125297854383
0.0094575 0.00472875297381565
0.0094725 0.0047362529691068
0.0094875 0.0047437529644117
0.0095025 0.00475125295973592
0.0095175 0.00475875295507405
0.0095325 0.00476625295042593
0.0095475 0.00477375294578991
0.0095625 0.00478125294116599
0.0095775 0.00478875293656124
0.0095925 0.00479625293197039
0.0096075 0.00480375292739164
0.0096225 0.00481125292282665
0.0096375 0.00481875291827375
0.0096525 0.00482625291374017
0.0096675 0.00483375290921855
0.0096825 0.00484125290471444
0.0096975 0.00484875290022242
0.0097125 0.00485625289574598
0.0097275 0.00486375289127982
0.0097425 0.00487125288682755
0.0097575 0.00487875288238905
0.0097725 0.00488625287796807
0.0097875 0.00489375287355374
0.0098025 0.00490125286915624
0.0098175 0.00490875286477434
0.0098325 0.00491625286040281
0.0098475 0.00492375285604507
0.0098625 0.00493125285170292
0.0098775 0.00493875284737114
0.0098925 0.00494625284305496
0.0099075 0.00495375283874896
0.0099225 0.00496125283445693
0.0099375 0.0049687528301787
0.0099525 0.00497625282591426
0.0099675 0.00498375282166198
0.0099825 0.0049912528174217
0.0099975 0.00499875281319341
0.0100125 0.00500625280898087
0.0100275 0.00501375280477853
0.0100425 0.00502125280059
0.0100575 0.00502875279641361
0.0100725 0.00503625279224921
0.0100875 0.00504375278809864
0.0101025 0.00505125278395837
0.0101175 0.00505875277983012
0.0101325 0.00506625277571388
0.0101475 0.00507375277161156
0.0101625 0.00508125276751945
0.0101775 0.00508875276344179
0.0101925 0.00509625275937615
0.0102075 0.00510375275532081
0.0102225 0.00511125275127568
0.0102375 0.00511875274724438
0.0102525 0.00512625274322698
0.0102675 0.00513375273921979
0.0102825 0.00514125273522464
0.0102975 0.00514875273123795
0.0103125 0.0051562527272651
0.0103275 0.00516375272330429
0.0103425 0.00517125271935554
0.0103575 0.00517875271541702
0.0103725 0.00518625271149054
0.0103875 0.00519375270757432
0.0104025 0.00520125270367013
0.0104175 0.005208752699778
0.0104325 0.0052162526958961
0.0104475 0.00522375269202444
0.0104625 0.00523125268816483
0.0104775 0.00523875268431726
0.0104925 0.00524625268047813
0.0105075 0.00525375267665286
0.0105225 0.00526125267283781
0.0105375 0.00526875266903301
0.0105525 0.00527625266523847
0.0105675 0.00528375266145594
0.0105825 0.00529125265768186
0.0105975 0.00529875265392104
0.0106125 0.00530625265016683
0.0106275 0.00531375264642647
0.0106425 0.00532125264269276
0.0106575 0.00532875263897651
0.0106725 0.00533625263526686
0.0106875 0.00534375263156929
0.0107025 0.00535125262787834
0.0107175 0.00535875262420302
0.0107325 0.00536625262053798
0.0107475 0.00537375261688136
0.0107625 0.00538125261323315
0.0107775 0.00538875260959702
0.0107925 0.00539625260596931
0.0108075 0.00540375260235001
0.0108225 0.00541125259874099
0.0108375 0.0054187525951458
0.0108525 0.00542625259155902
0.0108675 0.00543375258798253
0.0108825 0.00544125258441265
0.0108975 0.00544875258085839
0.0109125 0.00545625257731082
0.0109275 0.00546375257377526
0.0109425 0.00547125257024811
0.0109575 0.00547875256672764
0.0109725 0.00548625256321856
0.0109875 0.00549375255972158
0.0110025 0.00550125255623301
0.0110175 0.00550875255275284
0.0110325 0.00551625254928116
0.0110475 0.00552375254581969
0.0110625 0.00553125254236843
0.0110775 0.00553875253892386
0.0110925 0.00554625253549067
0.0111075 0.00555375253206598
0.0111225 0.00556125252864969
0.0111375 0.0055687525252472
0.0111525 0.00557625252185143
0.0111675 0.00558375251846586
0.0111825 0.00559125251508687
0.0111975 0.0055987525117182
0.0112125 0.00560625250835612
0.0112275 0.00561375250500423
0.0112425 0.00562125250165906
0.0112575 0.00562875249832769
0.0112725 0.00563625249500291
0.0112875 0.00564375249168665
0.0113025 0.00565125248837878
0.0113175 0.0056587524850829
0.0113325 0.00566625248179737
0.0113475 0.00567375247851594
0.0113625 0.00568125247524306
0.0113775 0.00568875247197855
0.0113925 0.00569625246872243
0.0114075 0.00570375246547846
0.0114225 0.00571125246223925
0.0114375 0.00571875245901203
0.0114525 0.00572625245578975
0.0114675 0.00573375245257765
0.0114825 0.00574125244937392
0.0114975 0.00574875244617874
0.0115125 0.00575625244299374
0.0115275 0.0057637524398135
0.0115425 0.00577125243664363
0.0115575 0.00577875243347851
0.0115725 0.00578625243032356
0.0115875 0.00579375242717718
0.0116025 0.00580125242404278
0.0116175 0.00580875242091494
0.0116325 0.00581625241779024
0.0116475 0.00582375241467391
0.0116625 0.00583125241156956
0.0116775 0.00583875240847197
0.0116925 0.00584625240538455
0.0117075 0.00585375240230007
0.0117225 0.0058612523992253
0.0117375 0.00586875239615912
0.0117525 0.00587625239310287
0.0117675 0.00588375239004978
0.0117825 0.00589125238700709
0.0117975 0.00589875238397433
0.0118125 0.00590625238094654
0.0118275 0.00591375237792735
0.0118425 0.00592125237491445
0.0118575 0.00592875237191196
0.0118725 0.00593625236891265
0.0118875 0.00594375236592325
0.0119025 0.00595125236294244
0.0119175 0.00595875235996843
0.0119325 0.00596625235700251
0.0119475 0.00597375235404339
0.0119625 0.00598125235109107
0.0119775 0.00598875234814683
0.0119925 0.00599625234520939
0.0120075 0.00600375234227988
0.0120225 0.00601125233936051
0.0120375 0.00601875233644587
0.0120525 0.00602625233353623
0.0120675 0.00603375233063313
0.0120825 0.00604125232774017
0.0120975 0.00604875232485513
0.0121125 0.00605625232197692
0.0121275 0.00606375231910494
0.0121425 0.00607125231623798
0.0121575 0.00607875231338145
0.0121725 0.00608625231053115
0.0121875 0.00609375230768587
0.0122025 0.00610125230485104
0.0122175 0.00610875230202241
0.0122325 0.00611625229919882
0.0122475 0.00612375229638206
0.0122625 0.00613125229357331
0.0122775 0.00613875229076959
0.0122925 0.00614625228797633
0.0123075 0.00615375228518745
0.0123225 0.00616125228240361
0.0123375 0.00616875227963022
0.0123525 0.00617625227686122
0.0123675 0.00618375227409906
0.0123825 0.00619125227134556
0.0123975 0.00619875226859823
0.0124125 0.00620625226585414
0.0124275 0.00621375226312053
0.0124425 0.00622125226039307
0.0124575 0.00622875225767067
0.0124725 0.00623625225495621
0.0124875 0.00624375225224827
0.0125025 0.00625125224954682
0.0125175 0.00625875224685044
0.0125325 0.00626625224416056
0.0125475 0.006273752241479
0.0125625 0.00628125223880069
0.0125775 0.00628875223613249
0.0125925 0.00629625223346718
0.0126075 0.00630375223081056
0.0126225 0.00631125222816044
0.0126375 0.0063187522255132
0.0126525 0.00632625222287645
0.0126675 0.00633375222024621
0.0126825 0.00634125221762065
0.0126975 0.00634875221499836
0.0127125 0.00635625221238438
0.0127275 0.00636375220977689
0.0127425 0.00637125220717448
0.0127575 0.00637875220458038
0.0127725 0.00638625220199276
0.0127875 0.00639375219941023
0.0128025 0.00640125219683058
0.0128175 0.00640875219426284
0.0128325 0.00641625219169765
0.0128475 0.00642375218913755
0.0128625 0.00643125218658352
0.0128775 0.00643875218404001
0.0128925 0.00644625218149724
0.0129075 0.00645375217896277
0.0129225 0.00646125217643116
0.0129375 0.00646875217390827
0.0129525 0.00647625217139006
0.0129675 0.00648375216887833
0.0129825 0.00649125216637351
0.0129975 0.00649875216387518
0.0130125 0.0065062521613779
0.0130275 0.00651375215888935
0.0130425 0.00652125215640547
0.0130575 0.00652875215393168
0.0130725 0.00653625215145578
0.0130875 0.00654375214899178
0.0131025 0.00655125214653244
0.0131175 0.00655875214407823
0.0131325 0.00656625214162869
0.0131475 0.0065737521391838
0.0131625 0.00658125213674766
0.0131775 0.00658875213431438
0.0131925 0.00659625213188937
0.0132075 0.00660375212946769
0.0132225 0.00661125212705067
0.0132375 0.00661875212464192
0.0132525 0.0066262521222347
0.0132675 0.0066337521198386
0.0132825 0.00664125211744222
0.0132975 0.00664875211505231
0.0133125 0.00665625211267066
0.0133275 0.00666375211029416
0.0133425 0.00667125210792232
0.0133575 0.00667875210555693
0.0133725 0.00668625210319308
0.0133875 0.0066937521008375
0.0134025 0.00670125209848476
0.0134175 0.00670875209613537
0.0134325 0.00671625209379605
0.0134475 0.00672375209146138
0.0134625 0.00673125208913006
0.0134775 0.0067387520868052
0.0134925 0.00674625208448679
0.0135075 0.00675375208217174
0.0135225 0.00676125207986314
0.0135375 0.00676875207755918
0.0135525 0.0067762520752604
0.0135675 0.00678375207296444
0.0135825 0.00679125207067494
0.0135975 0.006798752068387
0.0136125 0.00680625206611093
0.0136275 0.00681375206383587
0.0136425 0.00682125206156702
0.0136575 0.00682875205930337
0.0136725 0.00683625205704379
0.0136875 0.0068437520547894
0.0137025 0.0068512520525384
0.0137175 0.00685875205029507
0.0137325 0.00686625204805694
0.0137475 0.00687375204582323
0.0137625 0.00688125204359413
0.0137775 0.00688875204136967
0.0137925 0.0068962520391486
0.0138075 0.00690375203693216
0.0138225 0.00691125203472214
0.0138375 0.00691875203251373
0.0138525 0.00692625203031355
0.0138675 0.00693375202811799
0.0138825 0.00694125202592765
0.0138975 0.00694875202373831
0.0139125 0.0069562520215572
0.0139275 0.00696375201938312
0.0139425 0.00697125201721186
0.0139575 0.0069787520150434
0.0139725 0.00698625201288016
0.0139875 0.00699375201071974
0.0140025 0.00700125200856392
0.0140175 0.00700875200641615
0.0140325 0.00701625200426999
0.0140475 0.00702375200213143
0.0140625 0.00703125199999631
0.0140775 0.00703875199786461
0.0140925 0.0070462519957387
0.0141075 0.0070537519936126
0.0141225 0.00706125199149537
0.0141375 0.00706875198938391
0.0141525 0.00707625198727589
0.0141675 0.00708375198517131
0.0141825 0.0070912519830743
0.0141975 0.00709875198097531
0.0142125 0.00710625197888519
0.0142275 0.00711375197679901
0.0142425 0.0071212519747181
0.0142575 0.00712875197264063
0.0142725 0.0071362519705671
0.0142875 0.00714375196849883
0.0143025 0.00715125196643402
0.0143175 0.00715875196437314
0.0143325 0.00716625196231571
0.0143475 0.00717375196026717
0.0143625 0.00718125195821893
0.0143775 0.00718875195617595
0.0143925 0.00719625195413465
0.0144075 0.00720375195210085
0.0144225 0.00721125195007234
0.0144375 0.00721875194804827
0.0144525 0.00722625194602518
0.0144675 0.00723375194400848
0.0144825 0.00724125194199706
0.0144975 0.00724875193998662
0.0145125 0.00725625193798076
0.0145275 0.00726375193598019
0.0145425 0.0072712519339842
0.0145575 0.00727875193198918
0.0145725 0.00728625192999945
0.0145875 0.0072937519280143
0.0146025 0.00730125192603373
0.0146175 0.00730875192405762
0.0146325 0.00731625192208501
0.0146475 0.00732375192011805
0.0146625 0.00733125191815278
0.0146775 0.00733875191619101
0.0146925 0.00734625191423669
0.0147075 0.00735375191228227
0.0147225 0.00736125191033496
0.0147375 0.00736875190839148
0.0147525 0.0073762519064497
0.0147675 0.00738375190451324
0.0147825 0.0073912519025806
0.0147975 0.00739875190065328
0.0148125 0.00740625189872681
0.0148275 0.00741375189680672
0.0148425 0.00742125189488757
0.0148575 0.00742875189297376
0.0148725 0.0074362518910645
0.0148875 0.00744375188915801
0.0149025 0.00745125188725684
0.0149175 0.00745875188536024
0.0149325 0.00746625188346819
0.0149475 0.00747375188157788
0.0149625 0.00748125187969031
0.0149775 0.0074887518778091
0.0149925 0.00749625187592963
0.01500875 0.00750437755058393
0.01502625 0.00751312754761542
0.01504375 0.00752187754464692
0.01506125 0.007530627541697
0.01507875 0.00753937753874089
0.01509625 0.00754812753579791
0.01511375 0.00755687753285964
0.01513125 0.0075656275299283
0.01514875 0.00757437752700936
0.01516625 0.00758312752409662
0.01518375 0.00759187752118387
0.01520125 0.00760062751828352
0.01521875 0.00760937751538316
0.01523625 0.0076181275124952
0.01525375 0.00762687750961343
0.01527125 0.00763562750673786
0.01528875 0.00764437750386924
0.01530625 0.0076531275010053
0.01532375 0.00766187749814831
0.01534125 0.00767062749529752
0.01535875 0.00767937749245292
0.01537625 0.00768812748961452
0.01539375 0.00769687748678851
0.01541125 0.0077056274839625
0.01542875 0.00771437748114888
0.01544625 0.00772312747833527
0.01546375 0.00773187747552784
0.01548125 0.00774062747272661
0.01549875 0.00774937746993855
0.01551625 0.00775812746714894
0.01553375 0.0077668774643725
0.01555125 0.00777562746159605
0.01556875 0.00778437745883199
0.01558625 0.00779312745606794
0.01560375 0.00780187745331627
0.01562125 0.00781062745055919
0.01563875 0.00781937744781914
0.01565625 0.00782812744508606
0.01567375 0.00783687744235918
0.01569125 0.0078456274396323
0.01570875 0.00785437743691781
0.01572625 0.00786312743420951
0.01574375 0.00787187743149502
0.01576125 0.00788062742879911
0.01577875 0.00788937742610321
0.01579625 0.0078981274234135
0.01581375 0.00790687742073618
0.01583125 0.00791562741805886
0.01584875 0.00792437741538774
0.01586625 0.00793312741272901
0.01588375 0.00794187741006408
0.01590125 0.00795062740741774
0.01591875 0.00795937740477139
0.01593625 0.00796812740212505
0.01595375 0.0079768773994911
0.01597125 0.00798562739686335
0.01598875 0.00799437739423098
0.01600625 0.00800312739161403
0.01602375 0.00801187738900486
0.01604125 0.00802062738639569
0.01605875 0.00802937738380511
0.01607625 0.00803812738119594
0.01609375 0.00804687737861155
0.01611125 0.00805562737602717
0.01612875 0.00806437737344897
0.01614625 0.00807312737087698
0.01616375 0.00808187736831118
0.01618125 0.00809062736575157
0.01619875 0.00809937736319197
0.01621625 0.00810812736063856
0.01623375 0.00811687735809754
0.01625125 0.00812562735556271
0.01626875 0.00813437735302789
0.01628625 0.00814312735050546
0.01630375 0.00815187734797063
0.01632125 0.00816062734545439
0.01633875 0.00816937734294435
0.01635625 0.00817812734043431
0.01637375 0.00818687733794285
0.01639125 0.00819562733544063
0.01640875 0.00820437733295375
0.01642625 0.00821312733046849
0.01644375 0.00822187732799562
0.01646125 0.00823062732551655
0.01647875 0.00823937732304988
0.01649625 0.0082481273205894
0.01651375 0.00825687731814131
0.01653125 0.00826562731568703
0.01654875 0.00827437731324514
0.01656625 0.00828312731080944
0.01658375 0.00829187730837994
0.01660125 0.00830062730595044
0.01661875 0.00830937730353333
0.01663625 0.00831812730110383
0.01665375 0.00832687729868672
0.01667125 0.00833562729626961
0.01668875 0.00834437729386489
0.01670625 0.00835312729146017
0.01672375 0.00836187728906164
0.01674125 0.00837062728667551
0.01675875 0.00837937728427245
0.01677625 0.00838812728190158
0.01679375 0.00839687727951877
0.01681125 0.00840562727715576
0.01682875 0.00841437727477582
0.01684625 0.00842312727242066
0.01686375 0.00843187727005931
0.01688125 0.00844062726770416
0.01689875 0.00844937726536139
0.01691625 0.00845812726301863
0.01693375 0.00846687726067586
0.01695125 0.00847562725833929
0.01696875 0.00848437725601511
0.01698625 0.00849312725369093
0.01700375 0.00850187725136676
0.01702125 0.00851062724905497
0.01703875 0.00851937724674318
0.01705625 0.00852812724444378
0.01707375 0.00853687724213819
0.01709125 0.00854562723983879
0.01710875 0.00855437723755179
0.01712625 0.00856312723526478
0.01714375 0.00857187723299017
0.01716125 0.00858062723070935
0.01717875 0.00858937722843474
0.01719625 0.00859812722616803
0.01721375 0.0086068772238979
0.01723125 0.00861562722164807
0.01724875 0.00862437721939204
0.01726625 0.0086331272171422
0.01728375 0.00864187721489857
0.01730125 0.00865062721265493
0.01731875 0.00865937721041749
0.01733625 0.00866812720818624
0.01735375 0.00867687720596119
0.01737125 0.00868562720374233
0.01738875 0.00869437720152347
0.01740625 0.00870312719930462
0.01742375 0.00871187719709815
0.01744125 0.00872062719489788
0.01745875 0.00872937719269761
0.01747625 0.00873812719049734
0.01749375 0.00874687718830327
0.01751125 0.00875562718612158
0.01752875 0.00876437718393371
0.01754625 0.00877312718176441
0.01756375 0.00878187717959067
0.01758125 0.00879062717741789
0.01759875 0.00879937717525208
0.01761625 0.00880812717309169
0.01763375 0.00881687717093828
0.01765125 0.00882562716878583
0.01766875 0.00883437716664132
0.01768625 0.00884312716449681
0.01770375 0.00885187716235849
0.01772125 0.00886062716022018
0.01773875 0.00886937715809425
0.01775625 0.00887812715596213
0.01777375 0.0088868771538486
0.01779125 0.00889562715172267
0.01780875 0.00890437714960914
0.01782625 0.0089131271474956
0.01784375 0.00892187714539446
0.01786125 0.00893062714329332
0.01787875 0.00893937714119218
0.01789625 0.00894812713909723
0.01791375 0.00895687713701467
0.01793125 0.00896562713491973
0.01794875 0.00897437713283097
0.01796625 0.00898312713076259
0.01798375 0.00899187712869505
0.01800125 0.00900062712661606
0.01801875 0.00900937712453792
0.01803625 0.00901812712248634
0.01805375 0.00902687712044095
0.01807125 0.00903562711838938
0.01808875 0.00904437711634399
0.01810625 0.009053127114311
0.01812375 0.00906187711227801
0.01814125 0.00907062711023882
0.01815875 0.00907937710821822
0.01817625 0.00908812710619761
0.01819375 0.00909687710418321
0.01821125 0.0091056271021626
0.01822875 0.00911437710015439
0.01824625 0.00912312709813999
0.01826375 0.00913187709613797
0.01828125 0.00914062709413595
0.01829875 0.00914937709214013
0.01831625 0.00915812709015051
0.01833375 0.00916687708816088
0.01835125 0.00917562708617745
0.01836875 0.00918437708418345
0.01838625 0.00919312708220877
0.01840375 0.00920187708023519
0.01842125 0.00921062707826852
0.01843875 0.00921937707627889
0.01845625 0.00922812707430785
0.01847375 0.00923687707233681
0.01849125 0.00924562707037197
0.01850875 0.00925437706840093
0.01852625 0.00926312706644229
0.01854375 0.00927187706448364
0.01856125 0.00928062706253119
0.01857875 0.00928937706057873
0.01859625 0.00929812705863867
0.01861375 0.00930687705669241
0.01863125 0.00931562705474616
0.01864875 0.00932437705281849
0.01866625 0.00933312705088462
0.01868375 0.00934187704895695
0.01870125 0.00935062704703548
0.01871875 0.0093593770451202
0.01873625 0.00936812704319872
0.01875375 0.00937687704128344
0.01877125 0.00938562703938241
0.01878875 0.009394377037482
0.01880625 0.00940312703558283
0.01882375 0.00941187703368428
0.01884125 0.00942062703179378
0.01885875 0.00942937702990328
0.01887625 0.00943812702802517
0.01889375 0.00944687702614707
0.01891125 0.00945562702426896
0.01892875 0.00946437702240324
0.01894625 0.00947312702053753
0.01896375 0.00948187701866562
0.01898125 0.00949062701680609
0.01899875 0.00949937701494658
0.01901625 0.00950812701309325
0.01903375 0.00951687701124612
0.01905125 0.00952562700939899
0.01906875 0.00953437700755186
0.01908625 0.00954312700570473
0.01910375 0.00955187700386999
0.01912125 0.00956062700204145
0.01913875 0.00956937700020241
0.01915625 0.00957812699837627
0.01917375 0.00958687699655152
0.01919125 0.00959562699473157
0.01920875 0.00960437699290683
0.01922625 0.00961312699109497
0.01924375 0.00962187698928501
0.01926125 0.00963062698748744
0.01927875 0.00963937698569607
0.01929625 0.00964812698389851
0.01931375 0.00965687698210714
0.01933125 0.00966562698031577
0.01934875 0.00967437697853059
0.01936625 0.00968312697673922
0.01938375 0.00969187697496024
0.01940125 0.00970062697317506
0.01941875 0.00970937697140228
0.01943625 0.0097181269696233
0.01945375 0.0097268769678691
0.01947125 0.00973562696610251
0.01948875 0.00974437696434212
0.01950625 0.00975312696258792
0.01952375 0.00976187696083372
0.01954125 0.00977062695907952
0.01955875 0.00977937695733772
0.01957625 0.00978812695557926
0.01959375 0.00979687695382932
0.01961125 0.00980562695207512
0.01962875 0.00981437695032712
0.01964625 0.00982312694859151
0.01966375 0.0098318769468497
0.01968125 0.00984062694510789
0.01969875 0.00984937694337848
0.01971625 0.00985812694164286
0.01973375 0.00986687693991964
0.01975125 0.00987562693820262
0.01976875 0.0098843769364794
0.01978625 0.00989312693477476
0.01980375 0.00990187693306393
0.01982125 0.00991062693134691
0.01983875 0.00991937692964847
0.01985625 0.00992812692795003
0.01987375 0.00993687692625159
0.01989125 0.00994562692455934
0.01990875 0.00995437692286907
0.01992625 0.00996312692118527
0.01994375 0.00997187691949698
0.01996125 0.00998062691781937
0.01997875 0.00998937691614347
0.01999625 0.00999812691446585
0.02001375 0.01000687691279
0.02003125 0.0100156269111247
0.02004875 0.010024376909455
0.02006625 0.0100331269077918
0.02008375 0.0100418769061367
0.02010125 0.0100506269044816
0.02011875 0.0100593769028328
0.02013625 0.0100681269011839
0.02015375 0.0100768768995412
0.02017125 0.0100856268978985
0.02018875 0.0100943768962621
0.02020625 0.0101031268946194
0.02022375 0.0101118768929829
0.02024125 0.0101206268913588
0.02025875 0.0101293768897347
0.02027625 0.010138126888094
0.02029375 0.0101468768864659
0.02031125 0.0101556268848458
0.02032875 0.0101643768832177
0.02034625 0.0101731268816039
0.02036375 0.0101818768799757
0.02038125 0.0101906268783619
0.02039875 0.0101993768767523
0.02041625 0.0102081268751385
0.02043375 0.0102168768735351
0.02045125 0.0102256268719336
0.02046875 0.0102343768703323
0.02048625 0.010243126868733
0.02050375 0.0102518768671275
0.02052125 0.0102606268655282
0.02053875 0.0102693768639351
0.02055625 0.0102781268623419
0.02057375 0.0102868768607426
0.02059125 0.0102956268591557
0.02060875 0.010304376857575
0.02062625 0.0103131268559881
0.02064375 0.0103218768544135
0.02066125 0.0103306268528328
0.02067875 0.0103393768512645
0.02069625 0.0103481268496837
0.02071375 0.0103568768481237
0.02073125 0.0103656268465698
0.02074875 0.0103743768450056
0.02076625 0.0103831268434517
0.02078375 0.0103918768418937
0.02080125 0.010400626840346
0.02081875 0.0104093768387942
0.02083625 0.0104181268372424
0.02085375 0.010426876835705
0.02087125 0.0104356268341739
0.02088875 0.0104443768326489
0.02090625 0.0104531268311177
0.02092375 0.0104618768295866
0.02094125 0.0104706268280616
0.02095875 0.0104793768265366
0.02097625 0.0104881268250241
0.02099375 0.0104968768235053
0.02101125 0.0105056268219927
0.02102875 0.0105143768204801
0.02104625 0.01052312681898
0.02106375 0.0105318768174736
0.02108125 0.0105406268159672
0.02109875 0.010549376814467
0.02111625 0.0105581268129668
0.02113375 0.010566876811479
0.02115125 0.0105756268099809
0.02116875 0.0105843768084787
0.02118625 0.0105931268069847
0.02120375 0.0106018768054907
0.02122125 0.0106106268040029
0.02123875 0.0106193768025151
0.02125625 0.0106281268010211
0.02127375 0.0106368767995271
0.02129125 0.0106456267980517
0.02130875 0.0106543767965701
0.02132625 0.0106631267950885
0.02134375 0.0106718767936131
0.02136125 0.0106806267921377
0.02137875 0.0106893767906747
0.02139625 0.0106981267892055
0.02141375 0.0107068767877425
0.02143125 0.0107156267862857
0.02144875 0.0107243767848226
0.02146625 0.0107331267833782
0.02148375 0.0107418767819214
0.02150125 0.0107506267804708
0.02151875 0.0107593767790223
0.02153625 0.0107681267775736
0.02155375 0.0107768767761211
0.02157125 0.0107856267746847
0.02158875 0.0107943767732446
0.02160625 0.0108031267718104
0.02162375 0.0108118767703784
0.02164125 0.0108206267689463
0.02165875 0.0108293767675143
0.02167625 0.0108381267660885
0.02169375 0.0108468767646626
0.02171125 0.010855626763243
0.02172875 0.0108643767618233
0.02174625 0.0108731267604037
0.02176375 0.0108818767589841
0.02178125 0.0108906267575706
0.02179875 0.0108993767561634
0.02181625 0.0109081267547561
0.02183375 0.0109168767533426
0.02185125 0.0109256267519416
0.02186875 0.0109343767505405
0.02188625 0.0109431267491416
0.02190375 0.0109518767477424
0.02192125 0.0109606267463457
0.02193875 0.0109693767449527
0.02195625 0.0109781267435684
0.02197375 0.0109868767421878
0.02199125 0.0109956267407973
0.02200875 0.0110043767394166
0.02202625 0.0110131267380323
0.02204375 0.0110218767366517
0.02206125 0.0110306267352736
0.02207875 0.0110393767339013
0.02209625 0.0110481267325374
0.02211375 0.0110568767311735
0.02213125 0.0110656267298035
0.02214875 0.011074376728452
0.02216625 0.0110831267270943
0.02218375 0.0110918767257304
0.02220125 0.0111006267243789
0.02221875 0.0111093767230274
0.02223625 0.0111181267216821
0.02225375 0.0111268767203306
0.02227125 0.0111356267189853
0.02228875 0.011144376717636
0.02230625 0.0111531267162925
0.02232375 0.0111618767149516
0.02234125 0.0111706267136019
0.02235875 0.0111793767122672
0.02237625 0.0111881267109175
0.02239375 0.0111968767095766
0.02241125 0.0112056267082393
0.02242875 0.011214376706917
0.02244625 0.0112231267055881
0.02246375 0.011231876704249
0.02248125 0.0112406267029223
0.02249875 0.0112493767016017
0.02251625 0.011258126700275
0.02253375 0.0112668766989607
0.02255125 0.0112756266976278
0.02256875 0.0112843766963011
0.02258625 0.0112931266949868
0.02260375 0.0113018766936662
0.02262125 0.0113106266923457
0.02263875 0.0113193766910314
0.02265625 0.0113281266897295
0.02267375 0.0113368766884152
0.02269125 0.0113456266871008
0.02270875 0.0113543766857989
0.02272625 0.0113631266844992
0.02274375 0.0113718766832114
0.02276125 0.0113806266819139
0.02277875 0.011389376680616
0.02279625 0.0113981266793326
0.02281375 0.011406876678047
0.02283125 0.0114156266767558
0.02284875 0.0114243766754741
0.02286625 0.0114331266741953
0.02288375 0.0114418766729159
0.02290125 0.0114506266716449
0.02291875 0.011459376670374
0.02293625 0.011468126669103
0.02295375 0.0114768766678383
0.02297125 0.0114856266665673
0.02298875 0.0114943766652964
0.02300625 0.0115031266640316
0.02302375 0.0115118766627668
0.02304125 0.0115206266615083
0.02305875 0.0115293766602458
0.02307625 0.0115381266589765
0.02309375 0.0115468766577225
0.02311125 0.0115556266564593
0.02312875 0.0115643766552116
0.02314625 0.0115731266539546
0.02316375 0.0115818766527068
0.02318125 0.0115906266514561
0.02319875 0.0115993766502145
0.02321625 0.0116081266489699
0.02323375 0.0116168766477222
0.02325125 0.0116256266464838
0.02326875 0.0116343766452484
0.02328625 0.0116431266440061
0.02330375 0.0116518766427661
0.02332125 0.0116606266415262
0.02333875 0.0116693766402862
0.02335625 0.0116781266390524
0.02337375 0.0116868766378248
0.02339125 0.0116956266365972
0.02340875 0.0117043766353696
0.02342625 0.0117131266341599
0.02344375 0.0117218766329462
0.02346125 0.0117306266317233
0.02347875 0.0117393766305096
0.02349625 0.0117481266292929
0.02351375 0.0117568766280823
0.02353125 0.011765626626878
0.02354875 0.0117743766256736
0.02356625 0.01178312662446
0.02358375 0.0117918766232649
0.02360125 0.0118006266220575
0.02361875 0.0118093766208562
0.02363625 0.011818126619655
0.02365375 0.011826876618463
0.02367125 0.0118356266172649
0.02368875 0.0118443766160729
0.02370625 0.0118531266148779
0.02372375 0.0118618766136951
0.02374125 0.011870626612497
0.02375875 0.0118793766113097
0.02377625 0.0118881266101208
0.02379375 0.0118968766089413
0.02381125 0.0119056266077555
0.02382875 0.0119143766065791
0.02384625 0.0119231266054025
0.02386375 0.0119318766042261
0.02388125 0.0119406266030465
0.02389875 0.0119493766018794
0.02391625 0.0119581266007059
0.02393375 0.0119668765995357
0.02395125 0.0119756265983591
0.02396875 0.0119843765972014
0.02398625 0.0119931265960248
0.02400375 0.012001876594867
0.02402125 0.0120106265936997
0.02403875 0.0120193765925481
0.02405625 0.012028126591387
0.02407375 0.0120368765902324
0.02409125 0.0120456265890743
0.02410875 0.012054376587929
0.02412625 0.0120631265867703
0.02414375 0.012071876585617
0.02416125 0.0120806265844638
0.02417875 0.0120893765833105
0.02419625 0.0120981265821597
0.02421375 0.0121068765810171
0.02423125 0.0121156265798718
0.02424875 0.0121243765787354
0.02426625 0.0121331265775932
0.02428375 0.012141876576463
0.02430125 0.0121506265753177
0.02431875 0.0121593765741844
0.02433625 0.0121681265730546
0.02435375 0.0121768765719244
0.02437125 0.0121856265707946
0.02438875 0.0121943765696706
0.02440625 0.0122031265685377
0.02442375 0.0122118765674168
0.02444125 0.0122206265662962
0.02445875 0.0122293765651722
0.02447625 0.0122381265640579
0.02449375 0.0122468765629363
0.02451125 0.0122556265618265
0.02452875 0.0122643765607135
0.02454625 0.0122731265596098
0.02456375 0.0122818765585061
0.02458125 0.0122906265573963
0.02459875 0.0122993765562926
0.02461625 0.0123081265551858
0.02463375 0.0123168765540722
0.02465125 0.0123256265529729
0.02466875 0.0123343765518741
0.02468625 0.0123431265507686
0.02470375 0.0123518765496792
0.02472125 0.0123606265485706
0.02473875 0.012369376547478
0.02475625 0.0123781265463849
0.02477375 0.0123868765452954
0.02479125 0.0123956265442054
0.02480875 0.0124043765431129
0.02482625 0.0124131265420284
0.02484375 0.0124218765409402
0.02486125 0.012430626539852
0.02487875 0.01243937653877
0.02489625 0.0124481265376912
0.02491375 0.0124568765366154
0.02493125 0.0124656265355365
0.02494875 0.0124743765344576
0.02496625 0.0124831265333818
0.02498375 0.0124918765323029
0.02500125 0.0125006265312364
0.02501875 0.0125093765301637
0.02503625 0.0125181265290972
0.02505375 0.0125268765280245
0.02507125 0.012535626526958
0.02508875 0.0125443765258946
0.02510625 0.0125531265248305
0.02512375 0.0125618765237745
0.02514125 0.0125706265227099
0.02515875 0.0125793765216508
0.02517625 0.0125881265205955
0.02519375 0.0125968765195358
0.02521125 0.0126056265184755
0.02522875 0.0126143765174214
0.02524625 0.0126231265163673
0.02526375 0.0126318765153224
0.02528125 0.0126406265142714
0.02529875 0.0126493765132266
0.02531625 0.0126581265121756
0.02533375 0.0126668765111246
0.02535125 0.0126756265100798
0.02536875 0.0126843765090287
0.02538625 0.012693126507987
0.02540375 0.0127018765069422
0.02542125 0.0127106265059036
0.02543875 0.0127193765048711
0.02545625 0.0127281265038325
0.02547375 0.0127368765028032
0.02549125 0.0127456265017677
0.02550875 0.0127543765007383
0.02552625 0.012763126499709
0.02554375 0.0127718764986884
0.02556125 0.0127806264976596
0.02557875 0.0127893764966365
0.02559625 0.0127981264956164
0.02561375 0.0128068764946088
0.02563125 0.0128156264935888
0.02564875 0.012824376492578
0.02566625 0.0128331264915549
0.02568375 0.0128418764905441
0.02570125 0.0128506264895272
0.02571875 0.0128593764885134
0.02573625 0.0128681264875026
0.02575375 0.0128768764864919
0.02577125 0.0128856264854842
0.02578875 0.0128943764844797
0.02580625 0.0129031264834751
0.02582375 0.0129118764824768
0.02584125 0.0129206264814722
0.02585875 0.0129293764804615
0.02587625 0.0129381264794631
0.02589375 0.0129468764784679
0.02591125 0.0129556264774597
0.02592875 0.0129643764764562
0.02594625 0.0129731264754661
0.02596375 0.0129818764744688
0.02598125 0.0129906264734725
0.02599875 0.0129993764724808
0.02601625 0.0130081264714887
0.02603375 0.0130168764705027
0.02605125 0.0130256264695105
0.02606875 0.0130343764685246
0.02608625 0.0130431264675417
0.02610375 0.0130518764665558
0.02612125 0.0130606264655698
0.02613875 0.01306937646459
0.02615625 0.0130781264636102
0.02617375 0.0130868764626305
0.02619125 0.0130956264616569
0.02620875 0.0131043764606771
0.02622625 0.0131131264597036
0.02624375 0.01312187645873
0.02626125 0.0131306264577595
0.02627875 0.0131393764567886
0.02629625 0.0131481264558284
0.02631375 0.0131568764548569
0.02633125 0.0131656264538967
0.02634875 0.0131743764529191
0.02636625 0.0131831264519619
0.02638375 0.0131918764509998
0.02640125 0.0132006264500396
0.02641875 0.0132093764490774
0.02643625 0.0132181264481167
0.02645375 0.0132268764471617
0.02647125 0.0132356264462068
0.02648875 0.0132443764452518
0.02650625 0.0132531264442937
0.02652375 0.0132618764433418
0.02654125 0.0132706264423899
0.02655875 0.0132793764414442
0.02657625 0.0132881264404954
0.02659375 0.0132968764395435
0.02661125 0.0133056264386009
0.02662875 0.0133143764376552
0.02664625 0.013323126436706
0.02666375 0.0133318764357643
0.02668125 0.013340626434827
0.02669875 0.013349376433876
0.02671625 0.0133581264329387
0.02673375 0.013366876431997
0.02675125 0.0133756264310659
0.02676875 0.0133843764301273
0.02678625 0.0133931264291962
0.02680375 0.0134018764282638
0.02682125 0.0134106264273358
0.02683875 0.0134193764263972
0.02685625 0.0134281264254723
0.02687375 0.0134368764245394
0.02689125 0.0134456264236123
0.02690875 0.0134543764226821
0.02692625 0.013463126421755
0.02694375 0.013471876420831
0.02696125 0.013480626419907
0.02697875 0.0134893764189888
0.02699625 0.0134981264180749
0.02701375 0.0135068764171501
0.02703125 0.0135156264162393
0.02704875 0.0135243764153175
0.02706625 0.0135331264144036
0.02708375 0.0135418764134881
0.02710125 0.0135506264125773
0.02711875 0.0135593764116587
0.02713625 0.0135681264107572
0.02715375 0.0135768764098416
0.02717125 0.0135856264089401
0.02718875 0.0135943764080339
0.02720625 0.0136031264071262
0.02722375 0.0136118764062199
0.02724125 0.0136206264053153
0.02725875 0.0136293764044153
0.02727625 0.0136381264035169
0.02729375 0.0136468764026138
0.02731125 0.0136556264017149
0.02732875 0.0136643764008219
0.02734625 0.0136731263999223
0.02736375 0.0136818763990269
0.02738125 0.0136906263981331
0.02739875 0.0136993763972377
0.02741625 0.0137081263963502
0.02743375 0.0137168763954548
0.02745125 0.0137256263945703
0.02746875 0.0137343763936811
0.02748625 0.0137431263927966
0.02750375 0.0137518763919105
0.02752125 0.0137606263910198
0.02753875 0.0137693763901368
0.02755625 0.0137781263892586
0.02757375 0.0137868763883694
0.02759125 0.0137956263874942
0.02760875 0.0138043763866174
0.02762625 0.0138131263857391
0.02764375 0.0138218763848592
0.02766125 0.013830626383984
0.02767875 0.0138393763831072
0.02769625 0.0138481263822382
0.02771375 0.013856876381361
0.02773125 0.0138656263804866
0.02774875 0.0138743763796091
0.02776625 0.0138831263787346
0.02778375 0.013891876377866
0.02780125 0.0139006263769954
0.02781875 0.0139093763761326
0.02783625 0.0139181263752743
0.02785375 0.0139268763743992
0.02787125 0.0139356263735409
0.02788875 0.0139443763726782
0.02790625 0.0139531263718199
0.02792375 0.0139618763709572
0.02794125 0.0139706263700989
0.02795875 0.0139793763692393
0.02797625 0.0139881263683779
0.02799375 0.0139968763675245
0.02801125 0.0140056263666693
0.02802875 0.0140143763658159
0.02804625 0.0140231263649603
0.02806375 0.0140318763641076
0.02808125 0.0140406263632579
0.02809875 0.0140493763624082
0.02811625 0.0140581263615617
0.02813375 0.0140668763607151
0.02815125 0.0140756263598685
0.02816875 0.0140843763590251
0.02818625 0.0140931263581785
0.02820375 0.014101876357335
0.02822125 0.0141106263564975
0.02823875 0.0141193763556546
0.02825625 0.0141281263548198
0.02827375 0.01413687635398
0.02829125 0.0141456263531422
0.02830875 0.0141543763523024
0.02832625 0.0141631263514707
0.02834375 0.0141718763506402
0.02836125 0.0141806263498055
0.02837875 0.014189376348975
0.02839625 0.0141981263481402
0.02841375 0.0142068763473063
0.02843125 0.0142156263464815
0.02844875 0.0142243763456504
0.02846625 0.0142331263448255
0.02848375 0.0142418763440006
0.02850125 0.0142506263431757
0.02851875 0.014259376342354
0.02853625 0.0142681263415291
0.02855375 0.0142768763407042
0.02857125 0.0142856263398855
0.02858875 0.0142943763390668
0.02860625 0.014303126338245
0.02862375 0.0143118763374294
0.02864125 0.0143206263366077
0.02865875 0.0143293763357949
0.02867625 0.0143381263349736
0.02869375 0.0143468763341606
0.02871125 0.0143556263333425
0.02872875 0.0143643763325326
0.02874625 0.0143731263317237
0.02876375 0.0143818763309107
0.02878125 0.0143906263301077
0.02879875 0.0143993763292921
0.02881625 0.0144081263284858
0.02883375 0.0144168763276734
0.02885125 0.014425626326864
0.02886875 0.0144343763260577
0.02888625 0.0144431263252545
0.02890375 0.0144518763244513
0.02892125 0.0144606263236512
0.02893875 0.0144693763228511
0.02895625 0.014478126322051
0.02897375 0.014486876321254
0.02899125 0.014495626320457
0.02900875 0.01450437631966
0.02902625 0.0145131263188599
0.02904375 0.0145218763180691
0.02906125 0.014530626317272
0.02907875 0.0145393763164843
0.02909625 0.0145481263156904
0.02911375 0.0145568763149056
0.02913125 0.0145656263141119
0.02914875 0.0145743763133242
0.02916625 0.0145831263125427
0.02918375 0.014591876311755
0.02920125 0.0146006263109642
0.02921875 0.0146093763101827
0.02923625 0.0146181263094011
0.02925375 0.0146268763086165
0.02927125 0.0146356263078319
0.02928875 0.0146443763070504
0.02930625 0.014653126306272
0.02932375 0.0146618763054905
0.02934125 0.0146706263047152
0.02935875 0.0146793763039306
0.02937625 0.0146881263031583
0.02939375 0.0146968763023799
0.02941125 0.0147056263016108
0.02942875 0.0147143763008324
0.02944625 0.0147231263000602
0.02946375 0.0147318762992879
0.02948125 0.0147406262985188
0.02949875 0.0147493762977464
0.02951625 0.0147581262969714
0.02953375 0.0147668762962051
0.02955125 0.0147756262954301
0.02956875 0.0147843762946699
0.02958625 0.0147931262939134
0.02960375 0.0148018762931411
0.02962125 0.0148106262923689
0.02963875 0.0148193762916091
0.02965625 0.0148281262908431
0.02967375 0.0148368762900832
0.02969125 0.0148456262893234
0.02970875 0.0148543762885667
0.02972625 0.0148631262878037
0.02974375 0.0148718762870501
0.02976125 0.0148806262862934
0.02977875 0.0148893762855366
0.02979625 0.0148981262847799
0.02981375 0.0149068762840263
0.02983125 0.0149156262832726
0.02984875 0.0149243762825221
0.02986625 0.0149331262817714
0.02988375 0.0149418762810274
0.02990125 0.0149506262802704
0.02991875 0.0149593762795263
0.02993625 0.0149681262787755
0.02995375 0.0149768762780283
0.02997125 0.0149856262772775
0.02998875 0.0149943762765365
0.03000625 0.0150031262757919
0.03002375 0.0150118762750508
0.03004125 0.0150206262743096
0.03005875 0.0150293762735683
0.03007625 0.0150381262728302
0.03009375 0.015046876272092
0.03011125 0.0150556262713477
0.03012875 0.0150643762706096
0.03014625 0.0150731262698714
0.03016375 0.0150818762691364
0.03018125 0.0150906262683982
0.03019875 0.0150993762676662
0.03021625 0.0151081262669313
0.03023375 0.0151168762661961
0.03025125 0.0151256262654612
0.03026875 0.0151343762647353
0.03028625 0.0151431262639973
0.03030375 0.0151518762632683
0.03032125 0.0151606262625365
0.03033875 0.0151693762618106
0.03035625 0.015178126261085
0.03037375 0.0151868762603591
0.03039125 0.0151956262596335
0.03040875 0.0152043762589107
0.03042625 0.0152131262581789
0.03044375 0.0152218762574591
0.03046125 0.0152306262567428
0.03047875 0.0152393762560139
0.03049625 0.0152481262552913
0.03051375 0.0152568762545686
0.03053125 0.015265626253849
0.03054875 0.0152743762531326
0.03056625 0.0152831262524191
0.03058375 0.015291876251709
0.03060125 0.0153006262509862
0.03061875 0.0153093762502668
0.03063625 0.0153181262495565
0.03065375 0.01532687624884
0.03067125 0.0153356262481235
0.03068875 0.0153443762474164
0.03070625 0.0153531262467061
0.03072375 0.0153618762459958
0.03074125 0.0153706262452855
0.03075875 0.0153793762445815
0.03077625 0.0153881262438743
0.03079375 0.0153968762431734
0.03081125 0.0154056262424662
0.03082875 0.0154143762417621
0.03084625 0.015423126241058
0.03086375 0.0154318762403509
0.03088125 0.0154406262396499
0.03089875 0.0154493762389489
0.03091625 0.015458126238248
0.03093375 0.0154668762375439
0.03095125 0.015475626236846
0.03096875 0.015484376236145
0.03098625 0.0154931262354472
0.03100375 0.0155018762347493
0.03102125 0.0155106262340545
0.03103875 0.0155193762333597
0.03105625 0.015528126232665
0.03107375 0.0155368762319702
0.03109125 0.0155456262312692
0.03110875 0.0155543762305775
0.03112625 0.015563126229892
0.03114375 0.0155718762291973
0.03116125 0.0155806262285056
0.03117875 0.015589376227817
0.03119625 0.0155981262271253
0.03121375 0.0156068762264367
0.03123125 0.0156156262257512
0.03124875 0.0156243762250658
0.03126625 0.0156331262243803
0.03128375 0.0156418762236979
0.03130125 0.0156506262230155
0.03131875 0.01565937622233
0.03133625 0.0156681262216445
0.03135375 0.0156768762209652
0.03137125 0.0156856262202828
0.03138875 0.0156943762196067
0.03140625 0.0157031262189243
0.03142375 0.0157118762182512
0.03144125 0.015720626217575
0.03145875 0.0157293762168958
0.03147625 0.0157381262162164
0.03149375 0.0157468762155433
0.03151125 0.0157556262148671
0.03152875 0.0157643762141941
0.03154625 0.0157731262135147
0.03156375 0.0157818762128447
0.03158125 0.0157906262121748
0.03159875 0.0157993762115017
0.03161625 0.0158081262108316
0.03163375 0.0158168762101585
0.03165125 0.0158256262094917
0.03166875 0.0158343762088248
0.03168625 0.0158431262081578
0.03170375 0.0158518762074909
0.03172125 0.0158606262068303
0.03173875 0.0158693762061572
0.03175625 0.0158781262054933
0.03177375 0.0158868762048295
0.03179125 0.0158956262041658
0.03180875 0.0159043762034989
0.03182625 0.0159131262028412
0.03184375 0.0159218762021805
0.03186125 0.015930626201517
0.03187875 0.0159393762008591
0.03189625 0.0159481262002015
0.03191375 0.0159568761995439
0.03193125 0.0159656261988866
0.03194875 0.0159743761982287
0.03196625 0.0159831261975742
0.03198375 0.0159918761969197
0.03200125 0.0160006261962655
0.03201875 0.0160093761956137
0.03203625 0.0160181261949592
0.03205375 0.0160268761943049
0.03207125 0.0160356261936535
0.03208875 0.016044376193005
0.03210625 0.0160531261923536
0.03212375 0.0160618761916992
0.03214125 0.0160706261910509
0.03215875 0.0160793761904055
0.03217625 0.0160881261897541
0.03219375 0.0160968761891062
0.03221125 0.0161056261884606
0.03222875 0.0161143761878154
0.03224625 0.0161231261871733
0.03226375 0.0161318761865316
0.03228125 0.016140626185889
0.03229875 0.0161493761852469
0.03231625 0.0161581261846048
0.03233375 0.0161668761839631
0.03235125 0.0161756261833237
0.03236875 0.0161843761826815
0.03238625 0.0161931261820456
0.03240375 0.0162018761814071
0.03242125 0.0162106261807645
0.03243875 0.0162193761801286
0.03245625 0.0162281261794926
0.03247375 0.0162368761788572
0.03249125 0.0162456261782239
0.03250875 0.016254376177588
0.03252625 0.0162631261769556
0.03254375 0.0162718761763223
0.03256125 0.0162806261756926
0.03257875 0.0162893761750598
0.03259625 0.0162981261744275
0.03261375 0.0163068761737972
0.03263125 0.0163156261731675
0.03264875 0.0163243761725409
0.03266625 0.0163331261719086
0.03268375 0.0163418761712845
0.03270125 0.0163506261706548
0.03271875 0.0163593761700312
0.03273625 0.0163681261694052
0.03275375 0.0163768761687811
0.03277125 0.0163856261681544
0.03278875 0.0163943761675309
0.03280625 0.0164031261669111
0.03282375 0.0164118761662869
0.03284125 0.0164206261656696
0.03285875 0.0164293761650492
0.03287625 0.0164381261644294
0.03289375 0.0164468761638083
0.03291125 0.0164556261631941
0.03292875 0.0164643761625743
0.03294625 0.0164731261619532
0.03296375 0.016481876161339
0.03298125 0.0164906261607216
0.03299875 0.016499376160105
0.03301625 0.0165081261594869
0.03303375 0.0165168761588789
0.03305125 0.0165256261582616
0.03306875 0.0165343761576542
0.03308625 0.0165431261570393
0.03310375 0.0165518761564312
0.03312125 0.016560626155817
0.03313875 0.0165693761552097
0.03315625 0.0165781261545978
0.03317375 0.0165868761539898
0.03319125 0.0165956261533817
0.03320875 0.0166043761527683
0.03322625 0.0166131261521625
0.03324375 0.0166218761515545
0.03326125 0.01663062615095
0.03327875 0.016639376150345
0.03329625 0.0166481261497428
0.03331375 0.0166568761491347
0.03333125 0.0166656261485333
0.03334875 0.0166743761479314
0.03336625 0.0166831261473323
0.03338375 0.0166918761467304
0.03340125 0.0167006261461294
0.03341875 0.0167093761455329
0.03343625 0.016718126144928
0.03345375 0.0167268761443292
0.03347125 0.0167356261437314
0.03348875 0.0167443761431317
0.03350625 0.016753126142533
0.03352375 0.0167618761419373
0.03354125 0.0167706261413426
0.03355875 0.016779376140746
0.03357625 0.0167881261401566
0.03359375 0.0167968761395614
0.03361125 0.0168056261389626
0.03362875 0.0168143761383727
0.03364625 0.0168231261377833
0.03366375 0.0168318761371881
0.03368125 0.0168406261366017
0.03369875 0.0168493761360118
0.03371625 0.0168581261354254
0.03373375 0.0168668761348334
0.03375125 0.016875626134247
0.03376875 0.0168843761336571
0.03378625 0.0168931261330676
0.03380375 0.0169018761324879
0.03382125 0.0169106261318985
0.03383875 0.0169193761313085
0.03385625 0.0169281261307284
0.03387375 0.016936876130143
0.03389125 0.0169456261295587
0.03390875 0.0169543761289786
0.03392625 0.0169631261283953
0.03394375 0.0169718761278131
0.03396125 0.0169806261272381
0.03397875 0.0169893761266548
0.03399625 0.0169981261260752
0.03401375 0.0170068761254981
0.03403125 0.0170156261249205
0.03404875 0.0170243761243373
0.03406625 0.0170331261237608
0.03408375 0.0170418761231868
0.03410125 0.0170506261226123
0.03411875 0.0170593761220383
0.03413625 0.0170681261214587
0.03415375 0.0170768761208847
0.03417125 0.0170856261203133
0.03418875 0.0170943761197362
0.03420625 0.0171031261191597
0.03422375 0.0171118761185889
0.03424125 0.0171206261180236
0.03425875 0.0171293761174496
0.03427625 0.01713812611688
0.03429375 0.0171468761163141
0.03431125 0.0171556261157401
0.03432875 0.017164376115173
0.03434625 0.0171731261146021
0.03436375 0.0171818761140337
0.03438125 0.0171906261134659
0.03439875 0.0171993761128988
0.03441625 0.0172081261123341
0.03443375 0.0172168761117719
0.03445125 0.017225626111201
0.03446875 0.0172343761106401
0.03448625 0.0172431261100785
0.03450375 0.0172518761095132
0.03452125 0.0172606261089547
0.03453875 0.0172693761083938
0.03455625 0.0172781261078322
0.03457375 0.01728687610727
0.03459125 0.0172956261067115
0.03460875 0.0173043761061506
0.03462625 0.0173131261055952
0.03464375 0.0173218761050361
0.03466125 0.0173306261044783
0.03467875 0.0173393761039253
0.03469625 0.0173481261033706
0.03471375 0.0173568761028114
0.03473125 0.0173656261022506
0.03474875 0.0173743761016983
0.03476625 0.0173831261011453
0.03478375 0.0173918761005899
0.03480125 0.0174006261000352
0.03481875 0.0174093760994892
0.03483625 0.0174181260989362
0.03485375 0.0174268760983839
0.03487125 0.0174356260978292
0.03488875 0.0174443760972831
0.03490625 0.0174531260967301
0.03492375 0.017461876096184
0.03494125 0.0174706260956325
0.03495875 0.0174793760950833
0.03497625 0.0174881260945396
0.03499375 0.0174968760939904
0.03501125 0.0175056260934419
0.03502875 0.0175143760928959
0.03504625 0.0175231260923521
0.03506375 0.0175318760918068
0.03508125 0.017540626091263
0.03509875 0.0175493760907177
0.03511625 0.017558126090174
0.03513375 0.0175668760896317
0.03515125 0.0175756260890911
0.03516875 0.0175843760885489
0.03518625 0.0175931260880082
0.03520375 0.017601876087466
0.03522125 0.0176106260869292
0.03523875 0.0176193760863885
0.03525625 0.0176281260858486
0.03527375 0.0176368760853126
0.03529125 0.0176456260847789
0.03530875 0.0176543760842351
0.03532625 0.0176631260837014
0.03534375 0.0176718760831654
0.03536125 0.0176806260826287
0.03537875 0.0176893760820941
0.03539625 0.0176981260815551
0.03541375 0.0177068760810236
0.03543125 0.0177156260804939
0.03544875 0.0177243760799655
0.03546625 0.0177331260794327
0.03548375 0.0177418760789012
0.03550125 0.0177506260783684
0.03551875 0.0177593760778338
0.03553625 0.0177681260773041
0.03555375 0.0177768760767757
0.03557125 0.0177856260762522
0.03558875 0.0177943760757238
0.03560625 0.0178031260751941
0.03562375 0.0178118760746666
0.03564125 0.0178206260741413
0.03565875 0.0178293760736107
0.03567625 0.0178381260730841
0.03569375 0.0178468760725597
0.03571125 0.0178556260720375
0.03572875 0.0178643760715109
0.03574625 0.0178731260709887
0.03576375 0.0178818760704652
0.03578125 0.0178906260699399
0.03579875 0.0178993760694195
0.03581625 0.0179081260688973
0.03583375 0.0179168760683707
0.03585125 0.0179256260678485
0.03586875 0.0179343760673219
0.03588625 0.0179431260668028
0.03590375 0.0179518760662824
0.03592125 0.0179606260657663
0.03593875 0.0179693760652429
0.03595625 0.0179781260647237
0.03597375 0.0179868760642065
0.03599125 0.0179956260636935
0.03600875 0.0180043760631793
0.03602625 0.0180131260626664
0.03604375 0.0180218760621522
0.03606125 0.0180306260616423
0.03607875 0.018039376061122
0.03609625 0.0180481260606038
0.03611375 0.0180568760600908
0.03613125 0.0180656260595767
0.03614875 0.0180743760590668
0.03616625 0.0180831260585588
0.03618375 0.0180918760580459
0.03620125 0.0181006260575348
0.03621875 0.018109376057028
0.03623625 0.0181181260565201
0.03625375 0.0181268760560133
0.03627125 0.0181356260555023
0.03628875 0.0181443760549924
0.03630625 0.0181531260544844
0.03632375 0.0181618760539807
0.03634125 0.0181706260534697
0.03635875 0.0181793760529691
0.03637625 0.0181881260524674
0.03639375 0.0181968760519574
0.03641125 0.0182056260514527
0.03642875 0.018214376050952
0.03644625 0.0182231260504503
0.03646375 0.0182318760499497
0.03648125 0.0182406260494418
0.03649875 0.018249376048936
0.03651625 0.0182581260484291
0.03653375 0.0182668760479305
0.03655125 0.018275626047433
0.03656875 0.0182843760469375
0.03658625 0.0182931260464399
0.03660375 0.0183018760459413
0.03662125 0.0183106260454438
0.03663875 0.0183193760449421
0.03665625 0.0183281260444414
0.03667375 0.018336876043946
0.03669125 0.0183456260434515
0.03670875 0.0183543760429529
0.03672625 0.0183631260424491
0.03674375 0.0183718760419568
0.03676125 0.0183806260414623
0.03677875 0.0183893760409637
0.03679625 0.0183981260404661
0.03681375 0.0184068760399769
0.03683125 0.0184156260394773
0.03684875 0.0184243760389827
0.03686625 0.0184331260384862
0.03688375 0.018441876037997
0.03690125 0.0184506260375067
0.03691875 0.0184593760370121
0.03693625 0.0184681260365187
0.03695375 0.0184768760360326
0.03697125 0.0184856260355485
0.03698875 0.0184943760350539
0.03700625 0.0185031260345678
0.03702375 0.0185118760340763
0.03704125 0.018520626033581
0.03705875 0.0185293760330957
0.03707625 0.0185381260326065
0.03709375 0.0185468760321181
0.03711125 0.018555626031632
0.03712875 0.0185643760311406
0.03714625 0.0185731260306607
0.03716375 0.0185818760301754
0.03718125 0.0185906260296893
0.03719875 0.0185993760292009
0.03721625 0.018608126028718
0.03723375 0.0186168760282369
0.03725125 0.0186256260277578
0.03726875 0.0186343760272768
0.03728625 0.0186431260267938
0.03730375 0.0186518760263159
0.03732125 0.0186606260258399
0.03733875 0.0186693760253557
0.03735625 0.0186781260248759
0.03737375 0.0186868760244011
0.03739125 0.0186956260239188
0.03740875 0.0187043760234421
0.03742625 0.0187131260229598
0.03744375 0.0187218760224769
0.03746125 0.0187306260220009
0.03747875 0.018739376021518
0.03749625 0.0187481260210419
0.03751375 0.0187568760205652
0.03753125 0.0187656260200953
0.03754875 0.0187743760196124
0.03756625 0.0187831260191469
0.03758375 0.0187918760186739
0.03760125 0.018800626018199
0.03761875 0.0188093760177223
0.03763625 0.0188181260172537
0.03765375 0.0188268760167838
0.03767125 0.0188356260163121
0.03768875 0.0188443760158416
0.03770625 0.0188531260153729
0.03772375 0.018861876014903
0.03774125 0.0188706260144344
0.03775875 0.0188793760139608
0.03777625 0.0188881260134891
0.03779375 0.0188968760130222
0.03781125 0.0189056260125505
0.03782875 0.0189143760120801
0.03784625 0.0189231260116021
0.03786375 0.0189318760111384
0.03788125 0.0189406260106741
0.03789875 0.0189493760102055
0.03791625 0.0189581260097386
0.03793375 0.0189668760092731
0.03795125 0.0189756260088058
0.03796875 0.0189843760083402
0.03798625 0.0189931260078733
0.03800375 0.0190018760074109
0.03802125 0.0190106260069467
0.03803875 0.0190193760064842
0.03805625 0.0190281260060204
0.03807375 0.0190368760055611
0.03809125 0.0190456260050969
0.03810875 0.0190543760046313
0.03812625 0.0190631260041706
0.03814375 0.0190718760037113
0.03816125 0.0190806260032471
0.03817875 0.0190893760027815
0.03819625 0.0190981260023208
0.03821375 0.0191068760018646
0.03823125 0.0191156260014035
0.03824875 0.0191243760009411
0.03826625 0.0191331260004834
0.03828375 0.0191418760000272
0.03830125 0.0191506259995644
0.03831875 0.0191593759991115
0.03833625 0.0191681259986553
0.03835375 0.0191768759982035
0.03837125 0.0191856259977473
0.03838875 0.0191943759972865
0.03840625 0.0192031259968303
0.03842375 0.0192118759963785
0.03844125 0.0192206259959192
0.03845875 0.0192293759954646
0.03847625 0.0192381259950114
0.03849375 0.0192468759945597
0.03851125 0.0192556259941066
0.03852875 0.019264375993652
0.03854625 0.0192731259931988
0.03856375 0.0192818759927471
0.03858125 0.0192906259922971
0.03859875 0.0192993759918424
0.03861625 0.0193081259913924
0.03863375 0.0193168759909483
0.03865125 0.0193256259904985
0.03866875 0.0193343759900515
0.03868625 0.0193431259896014
0.03870375 0.0193518759891574
0.03872125 0.0193606259887075
0.03873875 0.0193693759882606
0.03875625 0.0193781259878182
0.03877375 0.0193868759873712
0.03879125 0.0193956259869259
0.03880875 0.0194043759864789
0.03882625 0.0194131259860396
0.03884375 0.0194218759855896
0.03886125 0.0194306259851473
0.03887875 0.0194393759847065
0.03889625 0.019448125984258
0.03891375 0.0194568759838203
0.03893125 0.019465625983378
0.03894875 0.0194743759829342
0.03896625 0.0194831259824965
0.03898375 0.0194918759820526
0.03900125 0.0195006259816119
0.03901875 0.0195093759811711
0.03903625 0.0195181259807365
0.03905375 0.0195268759802958
0.03907125 0.0195356259798535
0.03908875 0.0195443759794158
0.03910625 0.0195531259789781
0.03912375 0.0195618759785389
0.03914125 0.0195706259780997
0.03915875 0.0195793759776651
0.03917625 0.0195881259772244
0.03919375 0.0195968759767867
0.03921125 0.0196056259763537
0.03922875 0.0196143759759176
0.03924625 0.0196231259754877
0.03926375 0.019631875975053
0.03928125 0.0196406259746216
0.03929875 0.0196493759741886
0.03931625 0.019658125973754
0.03933375 0.0196668759733287
0.03935125 0.0196756259728926
0.03936875 0.0196843759724612
0.03938625 0.0196931259720296
0.03940375 0.0197018759715966
0.03942125 0.0197106259711667
0.03943875 0.0197193759707354
0.03945625 0.0197281259703006
0.03947375 0.0197368759698707
0.03949125 0.0197456259694408
0.03950875 0.019754375969011
0.03952625 0.0197631259685825
0.03954375 0.0197718759681557
0.03956125 0.0197806259677257
0.03957875 0.0197893759672976
0.03959625 0.0197981259668705
0.03961375 0.0198068759664422
0.03963125 0.0198156259660139
0.03964875 0.0198243759655902
0.03966625 0.0198331259651632
0.03968375 0.019841875964738
0.03970125 0.0198506259643129
0.03971875 0.0198593759638859
0.03973625 0.0198681259634606
0.03975375 0.0198768759630384
0.03977125 0.0198856259626134
0.03978875 0.0198943759621909
0.03980625 0.0199031259617657
0.03982375 0.0199118759613435
0.03984125 0.0199206259609216
0.03985875 0.0199293759605007
0.03987625 0.0199381259600785
0.03989375 0.0199468759596594
0.03991125 0.019955625959236
0.03992875 0.0199643759588166
0.03994625 0.019973125958396
0.03996375 0.0199818759579784
0.03998125 0.0199906259575597
0.03999875 0.0199993759571403
0.04001625 0.0200081259567212
0.04003375 0.0200168759563038
0.04005125 0.0200256259558879
0.04006875 0.0200343759554717
0.04008625 0.020043125955051
0.04010375 0.0200518759546308
0.04012125 0.0200606259542191
0.04013875 0.0200693759538031
0.04015625 0.0200781259533887
0.04017375 0.0200868759529685
0.04019125 0.0200956259525536
0.04020875 0.0201043759521407
0.04022625 0.0201131259517232
0.04024375 0.0201218759513107
0.04026125 0.0201306259508974
0.04027875 0.0201393759504845
0.04029625 0.0201481259500716
0.04031375 0.0201568759496608
0.04033125 0.0201656259492489
0.04034875 0.0201743759488376
0.04036625 0.0201831259484232
0.04038375 0.0201918759480155
0.04040125 0.0202006259476036
0.04041875 0.0202093759471923
0.04043625 0.0202181259467858
0.04045375 0.0202268759463745
0.04047125 0.0202356259459613
0.04048875 0.0202443759455531
0.04050625 0.0202531259451436
0.04052375 0.0202618759447323
0.04054125 0.0202706259443237
0.04055875 0.0202793759439155
0.04057625 0.0202881259435094
0.04059375 0.0202968759431021
0.04061125 0.0203056259426954
0.04062875 0.0203143759422887
0.04064625 0.0203231259418842
0.04066375 0.0203318759414784
0.04068125 0.0203406259410733
0.04069875 0.0203493759406697
0.04071625 0.0203581259402668
0.04073375 0.0203668759398625
0.04075125 0.0203756259394589
0.04076875 0.0203843759390588
0.04078625 0.0203931259386521
0.04080375 0.0204018759382512
0.04082125 0.0204106259378492
0.04083875 0.020419375937449
0.04085625 0.0204281259370439
0.04087375 0.0204368759366431
0.04089125 0.0204456259362426
0.04090875 0.0204543759358424
0.04092625 0.020463125935445
0.04094375 0.0204718759350457
0.04096125 0.0204806259346468
0.04097875 0.0204893759342501
0.04099625 0.0204981259338535
0.04101375 0.020506875933453
0.04103125 0.0205156259330556
0.04104875 0.0205243759326606
0.04106625 0.0205331259322577
0.04108375 0.0205418759318603
0.04110125 0.0205506259314649
0.04111875 0.0205593759310659
0.04113625 0.0205681259306712
0.04115375 0.0205768759302754
0.04117125 0.0205856259298784
0.04118875 0.0205943759294826
0.04120625 0.0206031259290894
0.04122375 0.0206118759286966
0.04124125 0.0206206259282997
0.04125875 0.0206293759279085
0.04127625 0.0206381259275168
0.04129375 0.0206468759271225
0.04131125 0.0206556259267287
0.04132875 0.020664375926339
0.04134625 0.0206731259259458
0.04136375 0.0206818759255531
0.04138125 0.0206906259251608
0.04139875 0.0206993759247727
0.04141625 0.020708125924381
0.04143375 0.0207168759239898
0.04145125 0.0207256259235996
0.04146875 0.0207343759232105
0.04148625 0.0207431259228208
0.04150375 0.0207518759224332
0.04152125 0.0207606259220451
0.04153875 0.0207693759216581
0.04155625 0.02077812592127
0.04157375 0.0207868759208793
0.04159125 0.0207956259204943
0.04160875 0.0208043759201072
0.04162625 0.0208131259197191
0.04164375 0.0208218759193315
0.04166125 0.0208306259189481
0.04167875 0.020839375918561
0.04169625 0.020848125918176
0.04171375 0.0208568759177899
0.04173125 0.020865625917408
0.04174875 0.020874375917021
0.04176625 0.020883125916639
0.04178375 0.020891875916253
0.04180125 0.020900625915868
0.04181875 0.0209093759154856
0.04183625 0.0209181259151027
0.04185375 0.0209268759147202
0.04187125 0.0209356259143404
0.04188875 0.0209443759139595
0.04190625 0.0209531259135766
0.04192375 0.0209618759131978
0.04194125 0.0209706259128138
0.04195875 0.0209793759124349
0.04197625 0.0209881259120536
0.04199375 0.0209968759116748
0.04201125 0.0210056259112954
0.04202875 0.021014375910915
0.04204625 0.0210231259105368
0.04206375 0.0210318759101565
0.04208125 0.0210406259097755
0.04209875 0.0210493759093982
0.04211625 0.02105812590902
0.04213375 0.0210668759086412
0.04215125 0.0210756259082618
0.04216875 0.0210843759078867
0.04218625 0.0210931259075088
0.04220375 0.0211018759071337
0.04222125 0.0211106259067559
0.04223875 0.0211193759063823
0.04225625 0.021128125906006
0.04227375 0.0211368759056309
0.04229125 0.0211456259052545
0.04230875 0.021154375904881
0.04232625 0.0211631259045069
0.04234375 0.0211718759041305
0.04236125 0.0211806259037563
0.04237875 0.0211893759033859
0.04239625 0.0211981259030118
0.04241375 0.0212068759026369
0.04243125 0.0212156259022659
0.04244875 0.0212243759018955
0.04246625 0.0212331259015229
0.04248375 0.0212418759011511
0.04250125 0.02125062590078
0.04251875 0.0212593759004112
0.04253625 0.0212681259000371
0.04255375 0.0212768758996699
0.04257125 0.0212856258992996
0.04258875 0.0212943758989294
0.04260625 0.0213031258985605
0.04262375 0.0213118758981888
0.04264125 0.0213206258978184
0.04265875 0.0213293758974482
0.04267625 0.0213381258970794
0.04269375 0.0213468758967107
0.04271125 0.021355625896345
0.04272875 0.0213643758959763
0.04274625 0.021373125895606
0.04276375 0.0213818758952404
0.04278125 0.0213906258948731
0.04279875 0.0213993758945052
0.04281625 0.0214081258941411
0.04283375 0.0214168758937762
0.04285125 0.0214256258934121
0.04286875 0.0214343758930441
0.04288625 0.0214431258926816
0.04290375 0.021451875892316
0.04292125 0.0214606258919519
0.04293875 0.0214693758915893
0.04295625 0.0214781258912283
0.04297375 0.0214868758908642
0.04299125 0.0214956258905017
0.04300875 0.0215043758901376
0.04302625 0.0215131258897781
0.04304375 0.021521875889414
0.04306125 0.021530625889053
0.04307875 0.021539375888692
0.04309625 0.021548125888331
0.04311375 0.0215568758879701
0.04313125 0.0215656258876075
0.04314875 0.021574375887245
0.04316625 0.0215831258868855
0.04318375 0.021591875886523
0.04320125 0.021600625886165
0.04321875 0.0216093758858056
0.04323625 0.0216181258854469
0.04325375 0.0216268758850905
0.04327125 0.0216356258847327
0.04328875 0.0216443758843763
0.04330625 0.0216531258840169
0.04332375 0.021661875883662
0.04334125 0.0216706258833073
0.04335875 0.0216793758829509
0.04337625 0.0216881258825915
0.04339375 0.0216968758822366
0.04341125 0.0217056258818788
0.04342875 0.021714375881527
0.04344625 0.0217231258811707
0.04346375 0.0217318758808174
0.04348125 0.0217406258804642
0.04349875 0.0217493758801078
0.04351625 0.0217581258797531
0.04353375 0.0217668758794013
0.04355125 0.0217756258790497
0.04356875 0.0217843758786963
0.04358625 0.0217931258783447
0.04360375 0.0218018758779929
0.04362125 0.0218106258776413
0.04363875 0.0218193758772926
0.04365625 0.0218281258769379
0.04367375 0.0218368758765885
0.04369125 0.0218456258762382
0.04370875 0.0218543758758867
0.04372625 0.0218631258755379
0.04374375 0.0218718758751879
0.04376125 0.0218806258748361
0.04377875 0.0218893758744876
0.04379625 0.0218981258741357
0.04381375 0.0219068758737888
0.04383125 0.0219156258734385
0.04384875 0.0219243758730901
0.04386625 0.0219331258727413
0.04388375 0.0219418758723944
0.04390125 0.0219506258720456
0.04391875 0.0219593758717003
0.04393625 0.0219681258713531
0.04395375 0.0219768758710077
0.04397125 0.0219856258706589
0.04398875 0.0219943758703121
0.04400625 0.0220031258699673
0.04402375 0.0220118758696201
0.04404125 0.0220206258692753
0.04405875 0.0220293758689316
0.04407625 0.0220381258685853
0.04409375 0.0220468758682396
0.04411125 0.0220556258678964
0.04412875 0.0220643758675542
0.04414625 0.0220731258672079
0.04416375 0.0220818758668622
0.04418125 0.0220906258665231
0.04419875 0.0220993758661805
0.04421625 0.0221081258658383
0.04423375 0.0221168758654925
0.04425125 0.0221256258651519
0.04426875 0.0221343758648108
0.04428625 0.0221431258644671
0.04430375 0.0221518758641244
0.04432125 0.0221606258637854
0.04433875 0.0221693758634422
0.04435625 0.0221781258631026
0.04437375 0.022186875862761
0.04439125 0.0221956258624219
0.04440875 0.0222043758620818
0.04442625 0.0222131258617407
0.04444375 0.0222218758614006
0.04446125 0.0222306258610631
0.04447875 0.0222393758607215
0.04449625 0.0222481258603819
0.04451375 0.0222568758600449
0.04453125 0.0222656258597074
0.04454875 0.0222743758593689
0.04456625 0.0222831258590308
0.04458375 0.0222918758586949
0.04460125 0.0223006258583568
0.04461875 0.0223093758580178
0.04463625 0.0223181258576828
0.04465375 0.0223268758573439
0.04467125 0.0223356258570058
0.04468875 0.0223443758566699
0.04470625 0.0223531258563333
0.04472375 0.022361875855999
0.04474125 0.022370625855662
0.04475875 0.0223793758553285
0.04477625 0.0223881258549946
0.04479375 0.0223968758546619
0.04481125 0.0224056258543249
0.04482875 0.022414375853993
0.04484625 0.0224231258536598
0.04486375 0.0224318758533271
0.04488125 0.0224406258529932
0.04489875 0.0224493758526612
0.04491625 0.0224581258523304
0.04493375 0.0224668758519969
0.04495125 0.0224756258516669
0.04496875 0.022484375851335
0.04498625 0.0224931258510049
0.04500375 0.0225018758506738
0.04502125 0.0225106258503437
0.04503875 0.0225193758500172
0.04505625 0.0225281258496853
0.04507375 0.0225368758493537
0.04509125 0.0225456258490248
0.04510875 0.0225543758486971
0.04512625 0.0225631258483652
0.04514375 0.0225718758480367
0.04516125 0.0225806258477094
0.04517875 0.0225893758473816
0.04519625 0.0225981258470528
0.04521375 0.0226068758467259
0.04523125 0.0226156258463986
0.04524875 0.0226243758460716
0.04526625 0.0226331258457428
0.04528375 0.0226418758454167
0.04530125 0.0226506258450916
0.04531875 0.0226593758447647
0.04533625 0.0226681258444382
0.04535375 0.0226768758441129
0.04537125 0.0226856258437878
0.04538875 0.0226943758434616
0.04540625 0.0227031258431365
0.04542375 0.0227118758428117
0.04544125 0.0227206258424863
0.04545875 0.0227293758421637
0.04547625 0.0227381258418407
0.04549375 0.0227468758415164
0.04551125 0.0227556258411925
0.04552875 0.0227643758408692
0.04554625 0.0227731258405469
0.04556375 0.0227818758402234
0.04558125 0.0227906258399003
0.04559875 0.0227993758395793
0.04561625 0.0228081258392571
0.04563375 0.0228168758389343
0.04565125 0.022825625838612
0.04566875 0.022834375838291
0.04568625 0.0228431258379711
0.04570375 0.0228518758376498
0.04572125 0.0228606258373298
0.04573875 0.0228693758370104
0.04575625 0.0228781258366897
0.04577375 0.0228868758363692
0.04579125 0.02289562583605
0.04580875 0.0229043758357304
0.04582625 0.0229131258354116
0.04584375 0.0229218758350932
0.04586125 0.0229306258347748
0.04587875 0.0229393758344553
0.04589625 0.0229481258341388
0.04591375 0.0229568758338212
0.04593125 0.0229656258335041
0.04594875 0.022974375833188
0.04596625 0.0229831258328698
0.04598375 0.022991875832553
0.04600125 0.0230006258322367
0.04601875 0.0230093758319206
0.04603625 0.0230181258316032
0.04605375 0.0230268758312871
0.04607125 0.0230356258309732
0.04608875 0.0230443758306563
0.04610625 0.0230531258303412
0.04612375 0.0230618758300258
0.04614125 0.0230706258297102
0.04615875 0.0230793758293968
0.04617625 0.0230881258290822
0.04619375 0.0230968758287677
0.04621125 0.0231056258284545
0.04622875 0.0231143758281417
0.04624625 0.0231231258278287
0.04626375 0.0231318758275156
0.04628125 0.023140625827202
0.04629875 0.0231493758268897
0.04631625 0.0231581258265776
0.04633375 0.0231668758262653
0.04635125 0.0231756258259524
0.04636875 0.0231843758256416
0.04638625 0.0231931258253303
0.04640375 0.0232018758250188
0.04642125 0.0232106258247074
0.04643875 0.0232193758243967
0.04645625 0.0232281258240869
0.04647375 0.0232368758237761
0.04649125 0.0232456258234662
0.04650875 0.0232543758231564
0.04652625 0.0232631258228472
0.04654375 0.0232718758225374
0.04656125 0.0232806258222275
0.04657875 0.02328937582192
0.04659625 0.02329812582161
0.04661375 0.0233068758213017
0.04663125 0.0233156258209941
0.04664875 0.0233243758206874
0.04666625 0.0233331258203782
0.04668375 0.0233418758200715
0.04670125 0.0233506258197639
0.04671875 0.0233593758194571
0.04673625 0.0233681258191503
0.04675375 0.0233768758188428
0.04677125 0.0233856258185367
0.04678875 0.0233943758182307
0.04680625 0.0234031258179247
0.04682375 0.0234118758176179
0.04684125 0.0234206258173127
0.04685875 0.0234293758170059
0.04687625 0.0234381258167007
0.04689375 0.0234468758163962
0.04691125 0.0234556258160925
0.04692875 0.0234643758157881
0.04694625 0.0234731258154851
0.04696375 0.0234818758151814
0.04698125 0.0234906258148762
0.04699875 0.0234993758145733
0.04701625 0.0235081258142696
0.04703375 0.0235168758139675
0.04705125 0.0235256258136653
0.04706875 0.0235343758133609
0.04708625 0.0235431258130587
0.04710375 0.0235518758127566
0.04712125 0.0235606258124552
0.04713875 0.0235693758121531
0.04715625 0.0235781258118517
0.04717375 0.0235868758115503
0.04719125 0.0235956258112498
0.04720875 0.0236043758109483
0.04722625 0.0236131258106485
0.04724375 0.0236218758103488
0.04726125 0.0236306258100489
0.04727875 0.0236393758097506
0.04729625 0.0236481258094509
0.04731375 0.0236568758091517
0.04733125 0.0236656258088528
0.04734875 0.0236743758085544
0.04736625 0.0236831258082562
0.04738375 0.0236918758079579
0.04740125 0.0237006258076597
0.04741875 0.0237093758073613
0.04743625 0.0237181258070639
0.04745375 0.0237268758067663
0.04747125 0.0237356258064705
0.04748875 0.0237443758061733
0.04750625 0.0237531258058763
0.04752375 0.0237618758055791
0.04754125 0.023770625805284
0.04755875 0.0237793758049877
0.04757625 0.0237881258046916
0.04759375 0.023796875804396
0.04761125 0.0238056258041002
0.04762875 0.0238143758038051
0.04764625 0.0238231258035094
0.04766375 0.0238318758032146
0.04768125 0.0238406258029196
0.04769875 0.0238493758026255
0.04771625 0.023858125802331
0.04773375 0.0238668758020368
0.04775125 0.0238756258017433
0.04776875 0.0238843758014495
0.04778625 0.0238931258011549
0.04780375 0.0239018758008623
0.04782125 0.0239106258005692
0.04783875 0.0239193758002758
0.04785625 0.0239281257999831
0.04787375 0.0239368757996913
0.04789125 0.023945625799399
0.04790875 0.0239543757991067
0.04792625 0.0239631257988151
0.04794375 0.0239718757985224
0.04796125 0.0239806257982311
0.04797875 0.0239893757979396
0.04799625 0.0239981257976479
0.04801375 0.0240068757973568
0.04803125 0.0240156257970666
0.04804875 0.0240243757967756
0.04806625 0.0240331257964858
0.04808375 0.0240418757961947
0.04810125 0.0240506257959045
0.04811875 0.0240593757956154
0.04813625 0.0240681257953268
0.04815375 0.0240768757950372
0.04817125 0.0240856257947481
0.04818875 0.0240943757944596
0.04820625 0.0241031257941709
0.04822375 0.0241118757938825
0.04824125 0.0241206257935938
0.04825875 0.0241293757933061
0.04827625 0.0241381257930181
0.04829375 0.0241468757927311
0.04831125 0.0241556257924445
0.04832875 0.0241643757921571
0.04834625 0.02417312579187
0.04836375 0.0241818757915829
0.04838125 0.0241906257912972
0.04839875 0.0241993757910113
0.04841625 0.0242081257907249
0.04843375 0.0242168757904394
0.04845125 0.024225625790154
0.04846875 0.0242343757898689
0.04848625 0.0242431257895834
0.04850375 0.0242518757892986
0.04852125 0.0242606257890144
0.04853875 0.0242693757887297
0.04855625 0.0242781257884453
0.04857375 0.0242868757881609
0.04859125 0.024295625787877
0.04860875 0.0243043757875931
0.04862625 0.0243131257873092
0.04864375 0.0243218757870263
0.04866125 0.0243306257867436
0.04867875 0.0243393757864612
0.04869625 0.0243481257861784
0.04871375 0.024356875785896
0.04873125 0.024365625785614
0.04874875 0.0243743757853328
0.04876625 0.0243831257850512
0.04878375 0.0243918757847693
0.04880125 0.0244006257844879
0.04881875 0.0244093757842073
0.04883625 0.024418125783926
0.04885375 0.0244268757836452
0.04887125 0.0244356257833649
0.04888875 0.0244443757830843
0.04890625 0.0244531257828042
0.04892375 0.0244618757825239
0.04894125 0.0244706257822441
0.04895875 0.024479375781964
0.04897625 0.0244881257816843
0.04899375 0.0244968757814056
0.04901125 0.0245056257811263
0.04902875 0.0245143757808474
0.04904625 0.0245231257805686
0.04906375 0.0245318757802901
0.04908125 0.0245406257800118
0.04909875 0.0245493757797339
0.04911625 0.0245581257794559
0.04913375 0.0245668757791782
0.04915125 0.0245756257789007
0.04916875 0.0245843757786233
0.04918625 0.0245931257783465
0.04920375 0.0246018757780697
0.04922125 0.024610625777793
0.04923875 0.0246193757775166
0.04925625 0.0246281257772403
0.04927375 0.0246368757769643
0.04929125 0.0246456257766884
0.04930875 0.0246543757764128
0.04932625 0.0246631257761375
0.04934375 0.0246718757758623
0.04936125 0.0246806257755873
0.04937875 0.0246893757753124
0.04939625 0.0246981257750379
0.04941375 0.0247068757747631
0.04943125 0.0247156257744888
0.04944875 0.0247243757742148
0.04946625 0.0247331257739408
0.04948375 0.0247418757736671
0.04950125 0.0247506257733936
0.04951875 0.0247593757731201
0.04953625 0.0247681257728469
0.04955375 0.0247768757725739
0.04957125 0.0247856257723013
0.04958875 0.0247943757720288
0.04960625 0.0248031257717563
0.04962375 0.0248118757714841
0.04964125 0.0248206257712123
0.04965875 0.0248293757709405
0.04967625 0.0248381257706689
0.04969375 0.0248468757703973
0.04971125 0.0248556257701262
0.04972875 0.024864375769855
0.04974625 0.0248731257695843
0.04976375 0.0248818757693136
0.04978125 0.0248906257690432
0.04979875 0.0248993757687729
0.04981625 0.0249081257685029
0.04983375 0.024916875768233
0.04985125 0.0249256257679634
0.04986875 0.0249343757676939
0.04988625 0.0249431257674246
0.04990375 0.0249518757671555
0.04992125 0.0249606257668865
0.04993875 0.0249693757666178
0.04995625 0.0249781257663492
0.04997375 0.0249868757660809
0.04999125 0.0249956257658127
