7.5e-05 7.4999999999916e-05
0.000225 0.00012499999999998
0.000375 0.000194999999999998
0.000525 0.000267857142857282
0.000675 0.000341666666666625
0.000825 0.000415909090909134
0.000975 0.000490384615384733
0.001125 0.000565000000000042
0.001275 0.000639705882353053
0.001425 0.000714473684210782
0.001575 0.000789285714286062
0.001725 0.000864130434782708
0.001875 0.000939000000000002
0.002025 0.00101388888888883
0.002175 0.00108879310344808
0.002325 0.00116370967741932
0.002475 0.00123863636363599
0.002625 0.00131357142857138
0.002775 0.00138851351351364
0.002925 0.00146346153846168
0.003075 0.0015384146341465
0.003225 0.00161337209302316
0.003375 0.00168833333333353
0.003525 0.00176329787234077
0.003675 0.00183826530612262
0.003825 0.00191323529411818
0.003975 0.00198820754717004
0.004125 0.00206318181818232
0.004275 0.00213815789473691
0.004425 0.00221313559322054
0.004575 0.00228811475409865
0.004725 0.00236309523809535
0.004875 0.00243807692307762
0.005025 0.00251305970149293
0.005175 0.00258804347826152
0.005325 0.00266302816901433
0.005475 0.00273801369863046
0.005625 0.00281300000000027
0.005775 0.00288798701298747
0.005925 0.00296297468354507
0.006075 0.00303796296296317
0.006225 0.00311295180722909
0.006375 0.00318794117647058
0.006525 0.00326293103448236
0.006675 0.00333792134831437
0.006825 0.00341291208791185
0.006975 0.00348790322580622
0.007125 0.00356289473684194
0.007275 0.00363788659793745
0.007425 0.00371287878787798
0.007575 0.003787871287128
0.007725 0.00386286407766903
0.007875 0.00393785714285639
0.008025 0.0040128504672892
0.008175 0.00408784403669683
0.008325 0.00416283783783719
0.008475 0.0042378318584066
0.008625 0.00431282608695609
0.008775 0.00438782051282015
0.008925 0.0044628151260498
0.009075 0.00453780991735509
0.009225 0.00461280487804867
0.009375 0.00468779999999967
0.009525 0.0047627952755903
0.009675 0.00483779069767406
0.009825 0.00491278625954141
0.009975 0.00498778195488646
0.010125 0.0050627777777773
0.010275 0.00513777372262702
0.010425 0.00521276978417195
0.010575 0.00528776595744621
0.010725 0.00536276223776109
0.010875 0.00543775862068861
0.011025 0.00551275510203957
0.011175 0.00558775167785123
0.011325 0.00566274834436972
0.011475 0.00573774509803823
0.011625 0.00581274193548282
0.011775 0.00588773885350186
0.011925 0.00596273584905571
0.012075 0.00603773291925387
0.012225 0.00611273006134883
0.012375 0.00618772727272626
0.012525 0.00626272455089708
0.012675 0.00633772189349008
0.012825 0.00641271929824458
0.012975 0.00648771676300475
0.013125 0.00656271428571348
0.013275 0.00663771186440616
0.013425 0.00671270949720594
0.013575 0.00678770718232003
0.013725 0.00686270491803218
0.013875 0.00693770270270195
0.014025 0.00701270053475857
0.014175 0.00708769841269756
0.014325 0.0071626963350778
0.014475 0.0072376943005174
0.014625 0.00731269230769148
0.014775 0.00738769035532924
0.014925 0.00746268844221024
0.015175 0.00189712726523875
0.015525 0.00194087157809967
0.015875 0.00198461614173222
0.016225 0.00202836093990744
0.016575 0.0020721059577677
0.016925 0.00211585118168389
0.017275 0.00215959659913161
0.017625 0.00220334219858141
0.017975 0.00224708796940175
0.018325 0.00229083390177325
0.018675 0.00233457998661285
0.019025 0.00237832621550556
0.019375 0.00242207258064483
0.019725 0.00246581907477795
0.020075 0.00250956569115796
0.020425 0.00255331242350052
0.020775 0.00259705926594459
0.021125 0.00264080621301772
0.021475 0.0026845532596042
0.021825 0.00272830040091642
0.022175 0.00277204763246923
0.022525 0.00281579495005574
0.022875 0.00285954234972716
0.023225 0.00290328982777215
0.023575 0.00294703738070025
0.023925 0.00299078500522493
0.024275 0.00303453269824943
0.024625 0.00307828045685307
0.024975 0.00312202827827847
0.025325 0.0031657761599212
0.025675 0.00320952409931869
0.026025 0.00325327209414034
0.026375 0.00329702014218019
0.026725 0.00334076824134713
0.027075 0.00338451638965838
0.027425 0.00342826458523241
0.027775 0.00347201282628261
0.028125 0.00351576111111114
0.028475 0.0035595094381036
0.028825 0.00360325780572417
0.029175 0.00364700621251078
0.029525 0.00369075465707036
0.029875 0.00373450313807552
0.030225 0.00377825165425994
0.030575 0.00382200020441563
0.030925 0.00386574878738912
0.031275 0.00390949740207861
0.031625 0.00395324604743112
0.031975 0.00399699472243978
0.032325 0.00404074342614115
0.032675 0.00408449215761323
0.033025 0.00412824091597318
0.033375 0.00417198970037498
0.033725 0.00421573851000781
0.034075 0.00425948734409429
0.034425 0.00430323620188859
0.034775 0.00434698508267468
0.035125 0.00439073398576544
0.035475 0.00443448291050066
0.035825 0.0044782318562459
0.036175 0.00452198082239143
0.036525 0.00456572980835069
0.036875 0.00460947881355956
0.037225 0.00465322783747511
0.037575 0.00469697687957444
0.037925 0.00474072593935429
0.038275 0.00478447501632951
0.038625 0.00482822411003269
0.038975 0.00487197322001311
0.039325 0.00491572234583628
0.039675 0.00495947148708289
0.040025 0.00500322064334823
0.040375 0.00504696981424186
0.040725 0.00509071899938651
0.041075 0.00513446819841792
0.041425 0.00517821741098409
0.041775 0.00522196663674485
0.042125 0.00526571587537132
0.042475 0.0053094651265454
0.042825 0.00535321438995949
0.043175 0.00539696366531592
0.043525 0.0054407129523266
0.043875 0.00548446225071259
0.044225 0.00552821156020386
0.044575 0.00557196088053881
0.044925 0.0056157102114639
0.045275 0.00565945955273365
0.045625 0.00570320890410994
0.045975 0.00574695826536194
0.046325 0.00579070763626584
0.046675 0.00583445701660451
0.047025 0.00587820640616727
0.047375 0.00592195580474968
0.047725 0.00596570521215329
0.048075 0.00600945462818546
0.048425 0.00605320405265909
0.048775 0.00609695348539245
0.049125 0.00614070292620899
0.049475 0.00618445237493717
0.049825 0.00622820183141027
