7.5e-06 7.50000000075054e-06
2.25e-05 1.25000000006486e-05
3.75e-05 1.950000000159e-05
5.25e-05 2.67857142860715e-05
6.75e-05 3.41666666674757e-05
8.25e-05 4.15909090930999e-05
9.75e-05 4.90384615401719e-05
0.0001125 5.65000000001126e-05
0.0001275 6.39705882359558e-05
0.0001425 7.14473684244935e-05
0.0001575 7.89285714296723e-05
0.0001725 8.64130434796803e-05
0.0001875 9.39000000006508e-05
0.0002025 0.000101388888891539
0.0002175 0.000108879310347374
0.0002325 0.000116370967744896
0.0002475 0.000123863636363328
0.0002625 0.000131357142856813
0.0002775 0.000138851351349521
0.0002925 0.000146346153842266
0.0003075 0.000153841463409138
0.0003225 0.000161337209298721
0.0003375 0.000168833333325493
0.0003525 0.000176329787231619
0.0003675 0.000183826530608883
0.0003825 0.000191323529407916
0.0003975 0.000198820754711239
0.0004125 0.000206318181811691
0.0004275 0.00021381578946433
0.0004425 0.000221313559315423
0.0004575 0.000228811475401896
0.0004725 0.000236309523804403
0.0004875 0.000243807692302177
0.0005025 0.000251305970145355
0.0005175 0.000258804347820062
0.0005325 0.000266302816893013
0.0005475 0.000273801369852492
0.0005625 0.000281299999990901
0.0005775 0.000288798701289114
0.0005925 0.000296297468344192
0.0006075 0.000303796296282637
0.0006225 0.000311295180711633
0.0006375 0.000318794117637697
0.0006525 0.000326293103437793
0.0006675 0.000333792134821353
0.0006825 0.000341291208781537
0.0006975 0.000348790322569888
0.0007125 0.000356289473672866
0.0007275 0.000363788659786534
0.0007425 0.000371287878780442
0.0007575 0.000378787128704832
0.0007725 0.000386286407756316
0.0007875 0.000393785714274252
0.0008025 0.000401285046717266
0.0008175 0.000408784403659638
0.0008325 0.000416283783771413
0.0008475 0.000423783185829241
0.0008625 0.000431282608685684
0.0008775 0.000438782051270993
0.0008925 0.000446281512593129
0.0009075 0.000453780991725079
0.0009225 0.000461280487795888
0.0009375 0.000468779999988783
0.0009525 0.00047627952754844
0.0009675 0.000483779069759276
0.0009825 0.000491278625943674
0.0009975 0.000498778195476415
0.0010125 0.00050627777776658
0.0010275 0.000513777372252242
0.0010425 0.000521276978405696
0.0010575 0.000528776595733691
0.0010725 0.000536276223766353
0.0010875 0.000543775862060996
0.0011025 0.000551275510194781
0.0011175 0.000558775167773758
0.0011325 0.000566274834423902
0.0011475 0.00057377450978561
0.0011625 0.000581274193528201
0.0011775 0.000588773885330028
0.0011925 0.000596273584885716
0.0012075 0.000603773291904312
0.0012225 0.000611273006118405
0.0012375 0.000618772727258751
0.0012525 0.000626272455070528
0.0012675 0.000633772189335152
0.0012825 0.000641271929806796
0.0012975 0.000648771676284957
0.0013125 0.000656271428556353
0.0013275 0.000663771186427634
0.0013425 0.000671270949705509
0.0013575 0.000678770718216437
0.0013725 0.000686270491790599
0.0013875 0.000693770270258126
0.0014025 0.000701270053465425
0.0014175 0.000708769841264319
0.0014325 0.000716269633503031
0.0014475 0.00072376943004962
0.0014625 0.000731269230766783
0.0014775 0.000738769035529838
0.0014925 0.00074626884421948
0.0015075 0.000753768656712907
0.0015225 0.000761268472903421
0.0015375 0.000768768292679073
0.0015525 0.000776268115938595
0.0015675 0.000783767942582646
0.0015825 0.000791267772510035
0.0015975 0.000798767605628557
0.0016125 0.000806267441855171
0.0016275 0.000813767281101254
0.0016425 0.000821267123280115
0.0016575 0.000828766968317656
0.0016725 0.000836266816136188
0.0016875 0.000843766666656166
0.0017025 0.000851266519817995
0.0017175 0.000858766375540349
0.0017325 0.000866266233763595
0.0017475 0.000873766094417274
0.0017625 0.000881265957443511
0.0017775 0.000888765822780956
0.0017925 0.000896265690371709
0.0018075 0.00090376556016156
0.0018225 0.000911265432096376
0.0018375 0.000918765306121843
0.0018525 0.000926265182183856
0.0018675 0.000933765060237146
0.0018825 0.000941264940234786
0.0018975 0.000948764822131587
0.0019125 0.000956264705880581
0.0019275 0.000963764591438357
0.0019425 0.000971264478763397
0.0019575 0.000978764367814139
0.0019725 0.000986264258550773
0.0019875 0.000993764150937259
0.0020025 0.00100126404493918
0.0020175 0.00100876394051858
0.0020325 0.00101626383763577
0.0020475 0.00102376373626007
0.0020625 0.00103126363636237
0.0020775 0.00103876353790491
0.0020925 0.00104626344085692
0.0021075 0.00105376334519496
0.0021225 0.0010612632508809
0.0021375 0.00106876315789144
0.0021525 0.00107626306619763
0.0021675 0.00108376297577592
0.0021825 0.00109126288659559
0.0021975 0.00109876279863324
0.0022125 0.00110626271185987
0.0022275 0.00111376262625741
0.0022425 0.00112126254180065
0.0022575 0.00112876245846416
0.0022725 0.00113626237623183
0.0022875 0.00114376229507462
0.0023025 0.00115126221497629
0.0023175 0.00115876213591525
0.0023325 0.00116626205786786
0.0023475 0.00117376198081801
0.0023625 0.0011812619047493
0.0023775 0.00118876182964198
0.0023925 0.00119626175547607
0.0024075 0.00120376168223532
0.0024225 0.00121126160989813
0.0024375 0.00121876153845177
0.0024525 0.00122626146787634
0.0024675 0.0012337613981647
0.0024825 0.00124126132929519
0.0024975 0.00124876126124954
0.0025125 0.00125626119401891
0.0025275 0.00126376112758344
0.0025425 0.00127126106193748
0.0025575 0.00127876099705596
0.0025725 0.00128626093293338
0.0025875 0.00129376086955536
0.0026025 0.00130126080690541
0.0026175 0.00130876074497473
0.0026325 0.00131626068374885
0.0026475 0.00132376062321852
0.0026625 0.0013312605633695
0.0026775 0.00133876050419273
0.0026925 0.00134626044567367
0.0027075 0.00135376038780509
0.0027225 0.00136126033057084
0.0027375 0.00136876027396355
0.0027525 0.00137626021797614
0.0027675 0.001383760162594
0.0027825 0.00139126010780825
0.0027975 0.00139876005360792
0.0028125 0.00140625999999122
0.0028275 0.0014137599469402
0.0028425 0.00142125989444926
0.0028575 0.00142875984251315
0.0028725 0.00143625979111549
0.0028875 0.00144375974025266
0.0029025 0.00145125968991575
0.0029175 0.00145875964009922
0.0029325 0.00146625959078319
0.0029475 0.00147375954197677
0.0029625 0.00148125949366375
0.0029775 0.00148875944583664
0.0029925 0.00149625939848848
0.0030075 0.00150375935161018
0.0030225 0.00151125930519985
0.0030375 0.00151875925924845
0.0030525 0.00152625921374885
0.0030675 0.00153375916869205
0.0030825 0.00154125912407599
0.0030975 0.00154875907989189
0.0031125 0.00155625903613247
0.0031275 0.00156375899279586
0.0031425 0.001571258949873
0.0031575 0.00157875890735861
0.0031725 0.00158625886524172
0.0031875 0.00159375882352233
0.0032025 0.0016012587821951
0.0032175 0.00160875874125281
0.0032325 0.00161625870068994
0.0032475 0.00162375866050108
0.0032625 0.00163125862068274
0.0032775 0.00163875858123118
0.0032925 0.00164625854213375
0.0033075 0.00165375850339239
0.0033225 0.0016612584650033
0.0033375 0.00166875842695764
0.0033525 0.00167625838925526
0.0033675 0.00168375835188713
0.0033825 0.00169125831484977
0.0033975 0.00169875827813582
0.0034125 0.00170625824174889
0.0034275 0.00171375820568185
0.0034425 0.00172125816992566
0.0034575 0.00172875813447842
0.0034725 0.00173625809933832
0.0034875 0.00174375806450371
0.0035025 0.00175125802996901
0.0035175 0.00175875799572337
0.0035325 0.00176625796177233
0.0035475 0.0017737579281069
0.0035625 0.00178125789472677
0.0035775 0.00178875786162502
0.0035925 0.00179625782879985
0.0036075 0.00180375779624733
0.0036225 0.00181125776396234
0.0036375 0.00181875773194846
0.0036525 0.00182625770019655
0.0036675 0.00183375766870298
0.0036825 0.00184125763746606
0.0036975 0.00184875760648036
0.0037125 0.00185625757574759
0.0037275 0.00186375754526233
0.0037425 0.00187125751502113
0.0037575 0.00187875748501839
0.0037725 0.00188625745525593
0.0037875 0.0018937574257321
0.0038025 0.00190125739643946
0.0038175 0.00190875736737823
0.0038325 0.0019162573385392
0.0038475 0.00192375730992961
0.0038625 0.00193125728154239
0.0038775 0.00193875725337009
0.0038925 0.00194625722541835
0.0039075 0.00195375719767974
0.0039225 0.00196125717015451
0.0039375 0.00196875714283868
0.0039525 0.00197625711573618
0.0039675 0.00198375708883618
0.0039825 0.00199125706213653
0.0039975 0.00199875703563577
0.0040125 0.00200625700933389
0.0040275 0.00201375698323043
0.0040425 0.00202125695731718
0.0040575 0.00202875693159704
0.0040725 0.00203625690606279
0.0040875 0.00204375688072235
0.0041025 0.00205125685556419
0.0041175 0.00205875683059372
0.0041325 0.00206625680579539
0.0041475 0.00207375678118102
0.0041625 0.00208125675674928
0.0041775 0.0020887567324839
0.0041925 0.00209625670839343
0.0042075 0.00210375668448235
0.0042225 0.00211125666073546
0.0042375 0.00211875663715999
0.0042525 0.00212625661374583
0.0042675 0.00213375659049948
0.0042825 0.0021412565674119
0.0042975 0.00214875654449286
0.0043125 0.00215625652172524
0.0043275 0.00216375649911857
0.0043425 0.00217125647667104
0.0043575 0.00217875645437866
0.0043725 0.00218625643224
0.0043875 0.00219375641024965
0.0044025 0.00220125638840902
0.0044175 0.00220875636671307
0.0044325 0.00221625634516543
0.0044475 0.0022237563237621
0.0044625 0.00223125630250887
0.0044775 0.00223875628139491
0.0044925 0.00224625626042165
0.0045075 0.00225375623958584
0.0045225 0.00226125621888736
0.0045375 0.00226875619832815
0.0045525 0.00227625617790783
0.0045675 0.00228375615762135
0.0045825 0.0022912561374633
0.0045975 0.00229875611744051
0.0046125 0.00230625609754434
0.0046275 0.00231375607778022
0.0046425 0.00232125605814232
0.0046575 0.00232875603863105
0.0046725 0.00233625601924988
0.0046875 0.0023437559999881
0.0047025 0.00235125598084894
0.0047175 0.00235875596183097
0.0047325 0.00236625594293227
0.0047475 0.00237375592415659
0.0047625 0.00238125590549627
0.0047775 0.00238875588695536
0.0047925 0.00239625586853023
0.0048075 0.00240375585022048
0.0048225 0.00241125583202109
0.0048375 0.00241875581393568
0.0048525 0.00242625579596383
0.0048675 0.00243375577810777
0.0048825 0.00244125576035304
0.0048975 0.00244875574270812
0.0049125 0.00245625572517761
0.0049275 0.00246375570774619
0.0049425 0.00247125569042834
0.0049575 0.00247875567320863
0.0049725 0.00248625565609525
0.0049875 0.00249375563908277
0.0050025 0.00250125562217568
0.0050175 0.00250875560536768
0.0050325 0.00251625558866059
0.0050475 0.00252375557205346
0.0050625 0.00253125555554181
0.0050775 0.00253875553913106
0.0050925 0.00254625552281667
0.0051075 0.00255375550659565
0.0051225 0.00256125549046919
0.0051375 0.00256875547444182
0.0051525 0.00257625545850269
0.0051675 0.00258375544265813
0.0051825 0.00259125542690542
0.0051975 0.00259875541124276
0.0052125 0.00260625539567106
0.0052275 0.00261375538018759
0.0052425 0.00262125536479599
0.0052575 0.0026287553494881
0.0052725 0.00263625533426666
0.0052875 0.00264375531913525
0.0053025 0.00265125530408758
0.0053175 0.00265875528912981
0.0053325 0.00266625527424807
0.0053475 0.00267375525945504
0.0053625 0.0026812552447394
0.0053775 0.00268875523011426
0.0053925 0.00269625521556337
0.0054075 0.00270375520109709
0.0054225 0.00271125518670867
0.0054375 0.00271875517239811
0.0054525 0.00272625515817036
0.0054675 0.00273375514402227
0.0054825 0.00274125512994827
0.0054975 0.00274875511595032
0.0055125 0.00275625510203156
0.0055275 0.00276375508818163
0.0055425 0.0027712550744094
0.0055575 0.00277875506071503
0.0055725 0.00278625504709262
0.0055875 0.00279375503354626
0.0056025 0.00280125502006874
0.0056175 0.00280875500666136
0.0056325 0.00281625499332823
0.0056475 0.00282375498006574
0.0056625 0.0028312549668752
0.0056775 0.00283875495375168
0.0056925 0.00284625494070225
0.0057075 0.00285375492771442
0.0057225 0.00286125491479674
0.0057375 0.00286875490194427
0.0057525 0.00287625488916064
0.0057675 0.00288375487644715
0.0057825 0.00289125486379887
0.0057975 0.00289875485121582
0.0058125 0.00290625483869929
0.0058275 0.00291375482624075
0.0058425 0.00292125481385285
0.0058575 0.00292875480152407
0.0058725 0.00293625478926103
0.0058875 0.00294375477705728
0.0059025 0.00295125476491824
0.0059175 0.00295875475283951
0.0059325 0.00296625474082188
0.0059475 0.00297375472886715
0.0059625 0.00298125471697093
0.0059775 0.00298875470513401
0.0059925 0.00299625469335636
0.0060075 0.00300375468163723
0.0060225 0.00301125466997541
0.0060375 0.003018754658377
0.0060525 0.00302625464682937
0.0060675 0.00303375463534084
0.0060825 0.00304125462391083
0.0060975 0.00304875461253288
0.0061125 0.00305625460121421
0.0061275 0.00306375458995226
0.0061425 0.00307125457874236
0.0061575 0.00307875456758993
0.0061725 0.00308625455649061
0.0061875 0.00309375454544334
0.0062025 0.00310125453444993
0.0062175 0.00310875452351144
0.0062325 0.00311625451262481
0.0062475 0.00312375450179257
0.0062625 0.00313125449101111
0.0062775 0.0031387544802817
0.0062925 0.00314625446959944
0.0063075 0.00315375445896977
0.0063225 0.00316125444839214
0.0063375 0.00316875443786348
0.0063525 0.00317625442738199
0.0063675 0.00318375441695072
0.0063825 0.00319125440657024
0.0063975 0.00319875439623872
0.0064125 0.00320625438595545
0.0064275 0.00321375437571809
0.0064425 0.00322125436552896
0.0064575 0.00322875435539242
0.0064725 0.00323625434529582
0.0064875 0.00324375433524763
0.0065025 0.00325125432524662
0.0065175 0.00325875431529278
0.0065325 0.00326625430538192
0.0065475 0.00327375429552005
0.0065625 0.00328125428570534
0.0065775 0.00328875427593363
0.0065925 0.00329625426620367
0.0066075 0.00330375425651726
0.0066225 0.00331125424687565
0.0066375 0.0033187542372794
0.0066525 0.00332625422772833
0.0066675 0.00333375421821721
0.0066825 0.00334125420874726
0.0066975 0.00334875419932087
0.0067125 0.00335625418993624
0.0067275 0.00336375418059278
0.0067425 0.00337125417129469
0.0067575 0.00337875416203474
0.0067725 0.00338625415281597
0.0067875 0.00339375414363894
0.0068025 0.00340125413450187
0.0068175 0.00340875412540577
0.0068325 0.00341625411635022
0.0068475 0.00342375410733041
0.0068625 0.00343125409835357
0.0068775 0.00343875408941547
0.0068925 0.00344625408051472
0.0069075 0.00345375407165392
0.0069225 0.00346125406283128
0.0069375 0.00346875405404798
0.0069525 0.00347625404530103
0.0069675 0.00348375403659222
0.0069825 0.00349125402791915
0.0069975 0.00349875401928423
0.0070125 0.00350625401068566
0.0070275 0.00351375400212442
0.0070425 0.00352125399360013
0.0070575 0.00352875398511158
0.0070725 0.00353625397665695
0.0070875 0.0035437539682447
0.0071025 0.00355125395986457
0.0071175 0.00355875395152197
0.0071325 0.00356625394320731
0.0071475 0.00357375393493198
0.0071625 0.00358125392669057
0.0071775 0.00358875391848433
0.0071925 0.003596253910312
0.0072075 0.0036037539021772
0.0072225 0.00361125389407215
0.0072375 0.003618753885999
0.0072525 0.00362625387796582
0.0072675 0.00363375386996175
0.0072825 0.00364125386198979
0.0072975 0.00364875385404876
0.0073125 0.00365625384614227
0.0073275 0.00366375383827129
0.0073425 0.00367125383042827
0.0073575 0.00367875382261915
0.0073725 0.00368625381484032
0.0073875 0.00369375380709487
0.0074025 0.00370125379938131
0.0074175 0.00370875379169507
0.0074325 0.00371625378404157
0.0074475 0.00372375377642197
0.0074625 0.0037312537688333
0.0074775 0.00373875376127377
0.0074925 0.0037462537537409
0.0075075 0.00375375374624078
0.0075225 0.0037612537387716
0.0075375 0.00376875373133089
0.0075525 0.00377625372391931
0.0075675 0.00378375371653867
0.0075825 0.0037912537091865
0.0075975 0.00379875370186166
0.0076125 0.00380625369456754
0.0076275 0.00381375368730074
0.0076425 0.00382125368006241
0.0076575 0.00382875367285503
0.0076725 0.00383625366567316
0.0076875 0.00384375365852157
0.0077025 0.00385125365139911
0.0077175 0.00385875364430398
0.0077325 0.00386625363723551
0.0077475 0.00387375363019256
0.0077625 0.00388125362317852
0.0077775 0.00388875361618978
0.0077925 0.00389625360922837
0.0078075 0.00390375360229384
0.0078225 0.00391125359538597
0.0078375 0.0039187535885061
0.0078525 0.00392625358164927
0.0078675 0.00393375357482271
0.0078825 0.00394125356801693
0.0078975 0.00394875356124323
0.0079125 0.00395625355449075
0.0079275 0.00396375354776629
0.0079425 0.00397125354106306
0.0079575 0.00397875353438466
0.0079725 0.0039862535277379
0.0079875 0.00399375352111191
0.0080025 0.00400125351451395
0.0080175 0.00400875350793674
0.0080325 0.00401625350138442
0.0080475 0.00402375349485915
0.0080625 0.00403125348835649
0.0080775 0.00403875348187465
0.0080925 0.00404625347542527
0.0081075 0.00405375346899309
0.0081225 0.00406125346259075
0.0081375 0.00406875345620642
0.0081525 0.00407625344984652
0.0081675 0.00408375344350744
0.0081825 0.00409125343719719
0.0081975 0.00409875343090956
0.0082125 0.00410625342464457
0.0082275 0.00411375341839937
0.0082425 0.0041212534121768
0.0082575 0.00412875340598
0.0082725 0.004136253399799
0.0082875 0.00414375339365003
0.0083025 0.00415125338751649
0.0083175 0.00415875338140957
0.0083325 0.00416625337532204
0.0083475 0.00417375336925716
0.0083625 0.00418125336320987
0.0083775 0.00418875335718739
0.0083925 0.00419625335118528
0.0084075 0.00420375334520582
0.0084225 0.00421125333924971
0.0084375 0.00421875333331265
0.0084525 0.00422625332740005
0.0084675 0.00423375332150177
0.0084825 0.00424125331562975
0.0084975 0.00424875330977318
0.0085125 0.00425625330394536
0.0085275 0.00426375329813298
0.0085425 0.00427125329234327
0.0085575 0.00427875328657146
0.0085725 0.00428625328082052
0.0085875 0.00429375327508684
0.0086025 0.00430125326937827
0.0086175 0.00430875326368696
0.0086325 0.00431625325801964
0.0086475 0.00432375325237169
0.0086625 0.00433125324673951
0.0086775 0.0043387532411264
0.0086925 0.00434625323553086
0.0087075 0.00435375322996012
0.0087225 0.00436125322440303
0.0087375 0.00436875321886893
0.0087525 0.00437625321334878
0.0087675 0.00438375320785674
0.0087825 0.00439125320237324
0.0087975 0.00439875319691452
0.0088125 0.00440625319147309
0.0088275 0.00441375318605102
0.0088425 0.00442125318065013
0.0088575 0.00442875317525929
0.0088725 0.00443625316988963
0.0088875 0.00444375316453932
0.0089025 0.00445125315920993
0.0089175 0.00445875315389628
0.0089325 0.00446625314859838
0.0089475 0.00447375314332139
0.0089625 0.00448125313805834
0.0089775 0.00448875313281646
0.0089925 0.00449625312759006
0.0090075 0.00450375312238484
0.0090225 0.00451125311719354
0.0090375 0.00451875311201956
0.0090525 0.0045262531068626
0.0090675 0.00453375310172295
0.0090825 0.00454125309660084
0.0090975 0.00454875309149809
0.0091125 0.00455625308641265
0.0091275 0.00456375308133753
0.0091425 0.00457125307628176
0.0091575 0.0045787530712433
0.0091725 0.00458625306622239
0.0091875 0.0045937530612154
0.0092025 0.00460125305622213
0.0092175 0.0046087530512482
0.0092325 0.00461625304628999
0.0092475 0.00462375304134732
0.0092625 0.00463125303642579
0.0092775 0.00463875303151638
0.0092925 0.0046462530266261
0.0093075 0.00465375302174921
0.0093225 0.00466125301688786
0.0093375 0.00466875301204403
0.0093525 0.00467625300721051
0.0093675 0.00468375300239613
0.0093825 0.00469125299759568
0.0093975 0.00469875299280913
0.0094125 0.00470625298803993
0.0094275 0.00471375298328411
0.0094425 0.00472125297854383
0.0094575 0.00472875297381565
0.0094725 0.0047362529691068
0.0094875 0.0047437529644117
0.0095025 0.00475125295973592
0.0095175 0.00475875295507405
0.0095325 0.00476625295042593
0.0095475 0.00477375294578991
0.0095625 0.00478125294116599
0.0095775 0.00478875293656124
0.0095925 0.00479625293197039
0.0096075 0.00480375292739164
0.0096225 0.00481125292282665
0.0096375 0.00481875291827375
0.0096525 0.00482625291374017
0.0096675 0.00483375290921855
0.0096825 0.00484125290471444
0.0096975 0.00484875290022242
0.0097125 0.00485625289574598
0.0097275 0.00486375289127982
0.0097425 0.00487125288682755
0.0097575 0.00487875288238905
0.0097725 0.00488625287796807
0.0097875 0.00489375287355374
0.0098025 0.00490125286915624
0.0098175 0.00490875286477434
0.0098325 0.00491625286040281
0.0098475 0.00492375285604507
0.0098625 0.00493125285170292
0.0098775 0.00493875284737114
0.0098925 0.00494625284305496
0.0099075 0.00495375283874896
0.0099225 0.00496125283445693
0.0099375 0.0049687528301787
0.0099525 0.00497625282591426
0.0099675 0.00498375282166198
0.0099825 0.0049912528174217
0.0099975 0.00499875281319341
0.0100125 0.00500625280898087
0.0100275 0.00501375280477853
0.0100425 0.00502125280059
0.0100575 0.00502875279641361
0.0100725 0.00503625279224921
0.0100875 0.00504375278809864
0.0101025 0.00505125278395837
0.0101175 0.00505875277983012
0.0101325 0.00506625277571388
0.0101475 0.00507375277161156
0.0101625 0.00508125276751945
0.0101775 0.00508875276344179
0.0101925 0.00509625275937615
0.0102075 0.00510375275532081
0.0102225 0.00511125275127568
0.0102375 0.00511875274724438
0.0102525 0.00512625274322698
0.0102675 0.00513375273921979
0.0102825 0.00514125273522464
0.0102975 0.00514875273123795
0.0103125 0.0051562527272651
0.0103275 0.00516375272330429
0.0103425 0.00517125271935554
0.0103575 0.00517875271541702
0.0103725 0.00518625271149054
0.0103875 0.00519375270757432
0.0104025 0.00520125270367013
0.0104175 0.005208752699778
0.0104325 0.0052162526958961
0.0104475 0.00522375269202444
0.0104625 0.00523125268816483
0.0104775 0.00523875268431726
0.0104925 0.00524625268047813
0.0105075 0.00525375267665286
0.0105225 0.00526125267283781
0.0105375 0.00526875266903301
0.0105525 0.00527625266523847
0.0105675 0.00528375266145594
0.0105825 0.00529125265768186
0.0105975 0.00529875265392104
0.0106125 0.00530625265016683
0.0106275 0.00531375264642647
0.0106425 0.00532125264269276
0.0106575 0.00532875263897651
0.0106725 0.00533625263526686
0.0106875 0.00534375263156929
0.0107025 0.00535125262787834
0.0107175 0.00535875262420302
0.0107325 0.00536625262053798
0.0107475 0.00537375261688136
0.0107625 0.00538125261323315
0.0107775 0.00538875260959702
0.0107925 0.00539625260596931
0.0108075 0.00540375260235001
0.0108225 0.00541125259874099
0.0108375 0.0054187525951458
0.0108525 0.00542625259155902
0.0108675 0.00543375258798253
0.0108825 0.00544125258441265
0.0108975 0.00544875258085839
0.0109125 0.00545625257731082
0.0109275 0.00546375257377526
0.0109425 0.00547125257024811
0.0109575 0.00547875256672764
0.0109725 0.00548625256321856
0.0109875 0.00549375255972158
0.0110025 0.00550125255623301
0.0110175 0.00550875255275284
0.0110325 0.00551625254928116
0.0110475 0.00552375254581969
0.0110625 0.00553125254236843
0.0110775 0.00553875253892386
0.0110925 0.00554625253549067
0.0111075 0.00555375253206598
0.0111225 0.00556125252864969
0.0111375 0.0055687525252472
0.0111525 0.00557625252185143
0.0111675 0.00558375251846586
0.0111825 0.00559125251508687
0.0111975 0.0055987525117182
0.0112125 0.00560625250835612
0.0112275 0.00561375250500423
0.0112425 0.00562125250165906
0.0112575 0.00562875249832769
0.0112725 0.00563625249500291
0.0112875 0.00564375249168665
0.0113025 0.00565125248837878
0.0113175 0.0056587524850829
0.0113325 0.00566625248179737
0.0113475 0.00567375247851594
0.0113625 0.00568125247524306
0.0113775 0.00568875247197855
0.0113925 0.00569625246872243
0.0114075 0.00570375246547846
0.0114225 0.00571125246223925
0.0114375 0.00571875245901203
0.0114525 0.00572625245578975
0.0114675 0.00573375245257765
0.0114825 0.00574125244937392
0.0114975 0.00574875244617874
0.0115125 0.00575625244299374
0.0115275 0.0057637524398135
0.0115425 0.00577125243664363
0.0115575 0.00577875243347851
0.0115725 0.00578625243032356
0.0115875 0.00579375242717718
0.0116025 0.00580125242404278
0.0116175 0.00580875242091494
0.0116325 0.00581625241779024
0.0116475 0.00582375241467391
0.0116625 0.00583125241156956
0.0116775 0.00583875240847197
0.0116925 0.00584625240538455
0.0117075 0.00585375240230007
0.0117225 0.0058612523992253
0.0117375 0.00586875239615912
0.0117525 0.00587625239310287
0.0117675 0.00588375239004978
0.0117825 0.00589125238700709
0.0117975 0.00589875238397433
0.0118125 0.00590625238094654
0.0118275 0.00591375237792735
0.0118425 0.00592125237491445
0.0118575 0.00592875237191196
0.0118725 0.00593625236891265
0.0118875 0.00594375236592325
0.0119025 0.00595125236294244
0.0119175 0.00595875235996843
0.0119325 0.00596625235700251
0.0119475 0.00597375235404339
0.0119625 0.00598125235109107
0.0119775 0.00598875234814683
0.0119925 0.00599625234520939
0.0120075 0.00600375234227988
0.0120225 0.00601125233936051
0.0120375 0.00601875233644587
0.0120525 0.00602625233353623
0.0120675 0.00603375233063313
0.0120825 0.00604125232774017
0.0120975 0.00604875232485513
0.0121125 0.00605625232197692
0.0121275 0.00606375231910494
0.0121425 0.00607125231623798
0.0121575 0.00607875231338145
0.0121725 0.00608625231053115
0.0121875 0.00609375230768587
0.0122025 0.00610125230485104
0.0122175 0.00610875230202241
0.0122325 0.00611625229919882
0.0122475 0.00612375229638206
0.0122625 0.00613125229357331
0.0122775 0.00613875229076959
0.0122925 0.00614625228797633
0.0123075 0.00615375228518745
0.0123225 0.00616125228240361
0.0123375 0.00616875227963022
0.0123525 0.00617625227686122
0.0123675 0.00618375227409906
0.0123825 0.00619125227134556
0.0123975 0.00619875226859823
0.0124125 0.00620625226585414
0.0124275 0.00621375226312053
0.0124425 0.00622125226039307
0.0124575 0.00622875225767067
0.0124725 0.00623625225495621
0.0124875 0.00624375225224827
0.0125025 0.00625125224954682
0.0125175 0.00625875224685044
0.0125325 0.00626625224416056
0.0125475 0.006273752241479
0.0125625 0.00628125223880069
0.0125775 0.00628875223613249
0.0125925 0.00629625223346718
0.0126075 0.00630375223081056
0.0126225 0.00631125222816044
0.0126375 0.0063187522255132
0.0126525 0.00632625222287645
0.0126675 0.00633375222024621
0.0126825 0.00634125221762065
0.0126975 0.00634875221499836
0.0127125 0.00635625221238438
0.0127275 0.00636375220977689
0.0127425 0.00637125220717448
0.0127575 0.00637875220458038
0.0127725 0.00638625220199276
0.0127875 0.00639375219941023
0.0128025 0.00640125219683058
0.0128175 0.00640875219426284
0.0128325 0.00641625219169765
0.0128475 0.00642375218913755
0.0128625 0.00643125218658352
0.0128775 0.00643875218404001
0.0128925 0.00644625218149724
0.0129075 0.00645375217896277
0.0129225 0.00646125217643116
0.0129375 0.00646875217390827
0.0129525 0.00647625217139006
0.0129675 0.00648375216887833
0.0129825 0.00649125216637351
0.0129975 0.00649875216387518
0.0130125 0.0065062521613779
0.0130275 0.00651375215888935
0.0130425 0.00652125215640547
0.0130575 0.00652875215393168
0.0130725 0.00653625215145578
0.0130875 0.00654375214899178
0.0131025 0.00655125214653244
0.0131175 0.00655875214407823
0.0131325 0.00656625214162869
0.0131475 0.0065737521391838
0.0131625 0.00658125213674766
0.0131775 0.00658875213431438
0.0131925 0.00659625213188937
0.0132075 0.00660375212946769
0.0132225 0.00661125212705067
0.0132375 0.00661875212464192
0.0132525 0.0066262521222347
0.0132675 0.0066337521198386
0.0132825 0.00664125211744222
0.0132975 0.00664875211505231
0.0133125 0.00665625211267066
0.0133275 0.00666375211029416
0.0133425 0.00667125210792232
0.0133575 0.00667875210555693
0.0133725 0.00668625210319308
0.0133875 0.0066937521008375
0.0134025 0.00670125209848476
0.0134175 0.00670875209613537
0.0134325 0.00671625209379605
0.0134475 0.00672375209146138
0.0134625 0.00673125208913006
0.0134775 0.0067387520868052
0.0134925 0.00674625208448679
0.0135075 0.00675375208217174
0.0135225 0.00676125207986314
0.0135375 0.00676875207755918
0.0135525 0.0067762520752604
0.0135675 0.00678375207296444
0.0135825 0.00679125207067494
0.0135975 0.006798752068387
0.0136125 0.00680625206611093
0.0136275 0.00681375206383587
0.0136425 0.00682125206156702
0.0136575 0.00682875205930337
0.0136725 0.00683625205704379
0.0136875 0.0068437520547894
0.0137025 0.0068512520525384
0.0137175 0.00685875205029507
0.0137325 0.00686625204805694
0.0137475 0.00687375204582323
0.0137625 0.00688125204359413
0.0137775 0.00688875204136967
0.0137925 0.0068962520391486
0.0138075 0.00690375203693216
0.0138225 0.00691125203472214
0.0138375 0.00691875203251373
0.0138525 0.00692625203031355
0.0138675 0.00693375202811799
0.0138825 0.00694125202592765
0.0138975 0.00694875202373831
0.0139125 0.0069562520215572
0.0139275 0.00696375201938312
0.0139425 0.00697125201721186
0.0139575 0.0069787520150434
0.0139725 0.00698625201288016
0.0139875 0.00699375201071974
0.0140025 0.00700125200856392
0.0140175 0.00700875200641615
0.0140325 0.00701625200426999
0.0140475 0.00702375200213143
0.0140625 0.00703125199999631
0.0140775 0.00703875199786461
0.0140925 0.0070462519957387
0.0141075 0.0070537519936126
0.0141225 0.00706125199149537
0.0141375 0.00706875198938391
0.0141525 0.00707625198727589
0.0141675 0.00708375198517131
0.0141825 0.0070912519830743
0.0141975 0.00709875198097531
0.0142125 0.00710625197888519
0.0142275 0.00711375197679901
0.0142425 0.0071212519747181
0.0142575 0.00712875197264063
0.0142725 0.0071362519705671
0.0142875 0.00714375196849883
0.0143025 0.00715125196643402
0.0143175 0.00715875196437314
0.0143325 0.00716625196231571
0.0143475 0.00717375196026717
0.0143625 0.00718125195821893
0.0143775 0.00718875195617595
0.0143925 0.00719625195413465
0.0144075 0.00720375195210085
0.0144225 0.00721125195007234
0.0144375 0.00721875194804827
0.0144525 0.00722625194602518
0.0144675 0.00723375194400848
0.0144825 0.00724125194199706
0.0144975 0.00724875193998662
0.0145125 0.00725625193798076
0.0145275 0.00726375193598019
0.0145425 0.0072712519339842
0.0145575 0.00727875193198918
0.0145725 0.00728625192999945
0.0145875 0.0072937519280143
0.0146025 0.00730125192603373
0.0146175 0.00730875192405762
0.0146325 0.00731625192208501
0.0146475 0.00732375192011805
0.0146625 0.00733125191815278
0.0146775 0.00733875191619101
0.0146925 0.00734625191423669
0.0147075 0.00735375191228227
0.0147225 0.00736125191033496
0.0147375 0.00736875190839148
0.0147525 0.0073762519064497
0.0147675 0.00738375190451324
0.0147825 0.0073912519025806
0.0147975 0.00739875190065328
0.0148125 0.00740625189872681
0.0148275 0.00741375189680672
0.0148425 0.00742125189488757
0.0148575 0.00742875189297376
0.0148725 0.0074362518910645
0.0148875 0.00744375188915801
0.0149025 0.00745125188725684
0.0149175 0.00745875188536024
0.0149325 0.00746625188346819
0.0149475 0.00747375188157788
0.0149625 0.00748125187969031
0.0149775 0.0074887518778091
0.0149925 0.00749625187592963
0.01500875 0.00187609438764598
0.01502625 0.00187828188690386
0.01504375 0.00188046938616173
0.01506125 0.00188265688542425
0.01507875 0.00188484438468522
0.01509625 0.00188703188394948
0.01511375 0.00188921938321491
0.01513125 0.00189140688248208
0.01514875 0.00189359438175234
0.01516625 0.00189578188102415
0.01518375 0.00189796938029597
0.01520125 0.00190015687957088
0.01521875 0.00190234437884579
0.01523625 0.0019045318781238
0.01525375 0.00190671937740336
0.01527125 0.00190890687668446
0.01528875 0.00191109437596731
0.01530625 0.00191328187525132
0.01532375 0.00191546937453708
0.01534125 0.00191765687382438
0.01535875 0.00191984437311323
0.01537625 0.00192203187240363
0.01539375 0.00192421937169713
0.01541125 0.00192640687099063
0.01542875 0.00192859437028722
0.01544625 0.00193078186958382
0.01546375 0.00193296936888196
0.01548125 0.00193515686818165
0.01549875 0.00193734436748464
0.01551625 0.00193953186678724
0.01553375 0.00194171936609312
0.01555125 0.00194390686539901
0.01556875 0.001946094364708
0.01558625 0.00194828186401698
0.01560375 0.00195046936332907
0.01562125 0.0019526568626398
0.01563875 0.00195484436195479
0.01565625 0.00195703186127152
0.01567375 0.0019592193605898
0.01569125 0.00196140685990807
0.01570875 0.00196359435922945
0.01572625 0.00196578185855238
0.01574375 0.00196796935787375
0.01576125 0.00197015685719978
0.01577875 0.0019723443565258
0.01579625 0.00197453185585338
0.01581375 0.00197671935518404
0.01583125 0.00197890685451472
0.01584875 0.00198109435384693
0.01586625 0.00198328185318225
0.01588375 0.00198546935251602
0.01590125 0.00198765685185443
0.01591875 0.00198984435119285
0.01593625 0.00199203185053126
0.01595375 0.00199421934987278
0.01597125 0.00199640684921584
0.01598875 0.00199859434855774
0.01600625 0.00200078184790351
0.01602375 0.00200296934725122
0.01604125 0.00200515684659892
0.01605875 0.00200734434595128
0.01607625 0.00200953184529899
0.01609375 0.00201171934465289
0.01611125 0.00201390684400679
0.01612875 0.00201609434336224
0.01614625 0.00201828184271924
0.01616375 0.00202046934207779
0.01618125 0.00202265684143789
0.01619875 0.00202484434079799
0.01621625 0.00202703184015964
0.01623375 0.00202921933952438
0.01625125 0.00203140683889068
0.01626875 0.00203359433825697
0.01628625 0.00203578183762636
0.01630375 0.00203796933699266
0.01632125 0.0020401568363636
0.01633875 0.00204234433573609
0.01635625 0.00204453183510858
0.01637375 0.00204671933448571
0.01639125 0.00204890683386016
0.01640875 0.00205109433323844
0.01642625 0.00205328183261712
0.01644375 0.0020554693319989
0.01646125 0.00205765683137914
0.01647875 0.00205984433076247
0.01649625 0.00206203183014735
0.01651375 0.00206421932953533
0.01653125 0.00206640682892176
0.01654875 0.00206859432831128
0.01656625 0.00207078182770236
0.01658375 0.00207296932709498
0.01660125 0.00207515682648761
0.01661875 0.00207734432588333
0.01663625 0.00207953182527596
0.01665375 0.00208171932467168
0.01667125 0.0020839068240674
0.01668875 0.00208609432346622
0.01670625 0.00208828182286504
0.01672375 0.00209046932226541
0.01674125 0.00209265682166888
0.01675875 0.00209484432106811
0.01677625 0.0020970318204754
0.01679375 0.00209921931987969
0.01681125 0.00210140681928894
0.01682875 0.00210359431869396
0.01684625 0.00210578181810517
0.01686375 0.00210796931751483
0.01688125 0.00211015681692604
0.01689875 0.00211234431634035
0.01691625 0.00211453181575466
0.01693375 0.00211671931516897
0.01695125 0.00211890681458482
0.01696875 0.00212109431400378
0.01698625 0.00212328181342273
0.01700375 0.00212546931284169
0.01702125 0.00212765681226374
0.01703875 0.00212984431168579
0.01705625 0.00213203181111095
0.01707375 0.00213421931053455
0.01709125 0.0021364068099597
0.01710875 0.00213859430938795
0.01712625 0.0021407818088162
0.01714375 0.00214296930824754
0.01716125 0.00214515680767734
0.01717875 0.00214734430710869
0.01719625 0.00214953180654201
0.01721375 0.00215171930597448
0.01723125 0.00215390680541202
0.01724875 0.00215609430484801
0.01726625 0.00215828180428555
0.01728375 0.00216046930372464
0.01730125 0.00216265680316373
0.01731875 0.00216484430260437
0.01733625 0.00216703180204656
0.01735375 0.0021692193014903
0.01737125 0.00217140680093558
0.01738875 0.00217359430038087
0.01740625 0.00217578179982615
0.01742375 0.00217796929927454
0.01744125 0.00218015679872447
0.01745875 0.0021823442981744
0.01747625 0.00218453179762434
0.01749375 0.00218671929707582
0.01751125 0.0021889067965304
0.01752875 0.00219109429598343
0.01754625 0.0021932817954411
0.01756375 0.00219546929489767
0.01758125 0.00219765679435447
0.01759875 0.00219984429381302
0.01761625 0.00220203179327292
0.01763375 0.00220421929273457
0.01765125 0.00220640679219646
0.01766875 0.00220859429166033
0.01768625 0.0022107817911242
0.01770375 0.00221296929058962
0.01772125 0.00221515679005504
0.01773875 0.00221734428952356
0.01775625 0.00221953178899053
0.01777375 0.00222171928846215
0.01779125 0.00222390678793067
0.01780875 0.00222609428740228
0.01782625 0.0022282817868739
0.01784375 0.00223046928634862
0.01786125 0.00223265678582333
0.01787875 0.00223484428529804
0.01789625 0.00223703178477431
0.01791375 0.00223921928425367
0.01793125 0.00224140678372993
0.01794875 0.00224359428320774
0.01796625 0.00224578178269065
0.01798375 0.00224796928217376
0.01800125 0.00225015678165402
0.01801875 0.00225234428113448
0.01803625 0.00225453178062158
0.01805375 0.00225671928011024
0.01807125 0.00225890677959734
0.01808875 0.002261094279086
0.01810625 0.00226328177857775
0.01812375 0.0022654692780695
0.01814125 0.0022676567775597
0.01815875 0.00226984427705455
0.01817625 0.0022720317765494
0.01819375 0.0022742192760458
0.01821125 0.00227640677554065
0.01822875 0.0022785942750386
0.01824625 0.002280781774535
0.01826375 0.00228296927403449
0.01828125 0.00228515677353399
0.01829875 0.00228734427303503
0.01831625 0.00228953177253763
0.01833375 0.00229171927204022
0.01835125 0.00229390677154436
0.01836875 0.00229609427104586
0.01838625 0.00229828177055219
0.01840375 0.0023004692700588
0.01842125 0.00230265676956713
0.01843875 0.00230484426906972
0.01845625 0.00230703176857696
0.01847375 0.0023092192680842
0.01849125 0.00231140676759299
0.01850875 0.00231359426710023
0.01852625 0.00231578176661057
0.01854375 0.00231796926612091
0.01856125 0.0023201567656328
0.01857875 0.00232234426514468
0.01859625 0.00232453176465967
0.01861375 0.0023267192641731
0.01863125 0.00232890676368654
0.01864875 0.00233109426320462
0.01866625 0.00233328176272116
0.01868375 0.00233546926223924
0.01870125 0.00233765676175887
0.01871875 0.00233984426128005
0.01873625 0.00234203176079968
0.01875375 0.00234421926032086
0.01877125 0.0023464067598456
0.01878875 0.0023485942593705
0.01880625 0.00235078175889571
0.01882375 0.00235296925842107
0.01884125 0.00235515675794844
0.01885875 0.00235734425747582
0.01887625 0.00235953175700629
0.01889375 0.00236171925653677
0.01891125 0.00236390675606724
0.01892875 0.00236609425560081
0.01894625 0.00236828175513438
0.01896375 0.0023704692546664
0.01898125 0.00237265675420152
0.01899875 0.00237484425373664
0.01901625 0.00237703175327331
0.01903375 0.00237921925281153
0.01905125 0.00238140675234975
0.01906875 0.00238359425188797
0.01908625 0.00238578175142618
0.01910375 0.0023879692509675
0.01912125 0.00239015675051036
0.01913875 0.0023923442500506
0.01915625 0.00239453174959407
0.01917375 0.00239671924913788
0.01919125 0.00239890674868289
0.01920875 0.00240109424822671
0.01922625 0.00240328174777374
0.01924375 0.00240546924732125
0.01926125 0.00240765674687186
0.01927875 0.00240984424642402
0.01929625 0.00241203174597463
0.01931375 0.00241421924552678
0.01933125 0.00241640674507894
0.01934875 0.00241859424463265
0.01936625 0.0024207817441848
0.01938375 0.00242296924374006
0.01940125 0.00242515674329377
0.01941875 0.00242734424285057
0.01943625 0.00242953174240582
0.01945375 0.00243171924196728
0.01947125 0.00243390674152563
0.01948875 0.00243609424108553
0.01950625 0.00243828174064698
0.01952375 0.00244046924020843
0.01954125 0.00244265673976988
0.01955875 0.00244484423933443
0.01957625 0.00244703173889482
0.01959375 0.00244921923845733
0.01961125 0.00245140673801878
0.01962875 0.00245359423758178
0.01964625 0.00245578173714788
0.01966375 0.00245796923671242
0.01968125 0.00246015673627697
0.01969875 0.00246234423584462
0.01971625 0.00246453173541072
0.01973375 0.00246671923497991
0.01975125 0.00246890673455065
0.01976875 0.00247109423411985
0.01978625 0.00247328173369369
0.01980375 0.00247546923326598
0.01982125 0.00247765673283673
0.01983875 0.00247984423241212
0.01985625 0.00248203173198751
0.01987375 0.0024842192315629
0.01989125 0.00248640673113984
0.01990875 0.00248859423071727
0.01992625 0.00249078173029632
0.01994375 0.00249296922987425
0.01996125 0.00249515672945484
0.01997875 0.00249734422903587
0.01999625 0.00249953172861646
0.02001375 0.00250171922819749
0.02003125 0.00250390672778118
0.02004875 0.00250609422736376
0.02006625 0.00250828172694795
0.02008375 0.00251046922653418
0.02010125 0.00251265672612041
0.02011875 0.00251484422570819
0.02013625 0.00251703172529597
0.02015375 0.0025192192248853
0.02017125 0.00252140672447463
0.02018875 0.00252359422406551
0.02020625 0.00252578172365484
0.02022375 0.00252796922324572
0.02024125 0.0025301567228397
0.02025875 0.00253234422243367
0.02027625 0.00253453172202351
0.02029375 0.00253671922161648
0.02031125 0.00253890672121146
0.02032875 0.00254109422080443
0.02034625 0.00254328172040096
0.02036375 0.00254546921999393
0.02038125 0.00254765671959047
0.02039875 0.00254984421918808
0.02041625 0.00255203171878462
0.02043375 0.00255421921838378
0.02045125 0.00255640671798341
0.02046875 0.00255859421758308
0.02048625 0.00256078171718325
0.02050375 0.00256296921678187
0.02052125 0.00256515671638204
0.02053875 0.00256734421598376
0.02055625 0.00256953171558549
0.02057375 0.00257171921518566
0.02059125 0.00257390671478893
0.02060875 0.00257609421439375
0.02062625 0.00257828171399702
0.02064375 0.00258046921360338
0.02066125 0.0025826567132082
0.02067875 0.00258484421281612
0.02069625 0.00258703171242094
0.02071375 0.00258921921203091
0.02073125 0.00259140671164245
0.02074875 0.00259359421125139
0.02076625 0.00259578171086293
0.02078375 0.00259796921047342
0.02080125 0.0026001567100865
0.02081875 0.00260234420969855
0.02083625 0.0026045317093106
0.02085375 0.00260671920892626
0.02087125 0.00260890670854347
0.02088875 0.00261109420816223
0.02090625 0.00261328170777943
0.02092375 0.00261546920739664
0.02094125 0.0026176567070154
0.02095875 0.00261984420663416
0.02097625 0.00262203170625602
0.02099375 0.00262421920587632
0.02101125 0.00262640670549818
0.02102875 0.00262859420512004
0.02104625 0.00263078170474499
0.02106375 0.00263296920436839
0.02108125 0.0026351567039918
0.02109875 0.00263734420361675
0.02111625 0.00263953170324171
0.02113375 0.00264171920286976
0.02115125 0.00264390670249524
0.02116875 0.00264609420211967
0.02118625 0.00264828170174617
0.02120375 0.00265046920137267
0.02122125 0.00265265670100072
0.02123875 0.00265484420062877
0.02125625 0.00265703170025528
0.02127375 0.00265921919988178
0.02129125 0.00266140669951293
0.02130875 0.00266359419914253
0.02132625 0.00266578169877213
0.02134375 0.00266796919840328
0.02136125 0.00267015669803443
0.02137875 0.00267234419766867
0.02139625 0.00267453169730137
0.02141375 0.00267671919693562
0.02143125 0.00267890669657141
0.02144875 0.00268109419620566
0.02146625 0.00268328169584455
0.02148375 0.00268546919548035
0.02150125 0.00268765669511769
0.02151875 0.00268984419475557
0.02153625 0.0026920316943934
0.02155375 0.00269421919403026
0.02157125 0.00269640669367119
0.02158875 0.00269859419331115
0.02160625 0.0027007816929526
0.02162375 0.0027029691925946
0.02164125 0.00270515669223659
0.02165875 0.00270734419187858
0.02167625 0.00270953169152212
0.02169375 0.00271171919116566
0.02171125 0.00271390669081075
0.02172875 0.00271609419045584
0.02174625 0.00271828169010092
0.02176375 0.00272046918974601
0.02178125 0.00272265668939265
0.02179875 0.00272484418904084
0.02181625 0.00272703168868902
0.02183375 0.00272921918833566
0.02185125 0.0027314066879854
0.02186875 0.00273359418763513
0.02188625 0.00273578168728541
0.02190375 0.00273796918693561
0.02192125 0.00274015668658643
0.02193875 0.00274234418623818
0.02195625 0.0027445316858921
0.02197375 0.00274671918554694
0.02199125 0.00274890668519932
0.02200875 0.00275109418485416
0.02202625 0.00275328168450808
0.02204375 0.00275546918416292
0.02206125 0.00275765668381839
0.02207875 0.00275984418347533
0.02209625 0.00276203168313436
0.02211375 0.00276421918279338
0.02213125 0.00276640668245086
0.02214875 0.00276859418211299
0.02216625 0.00277078168177357
0.02218375 0.0027729691814326
0.02220125 0.00277515668109472
0.02221875 0.00277734418075685
0.02223625 0.00277953168042052
0.02225375 0.00278171918008265
0.02227125 0.00278390667974633
0.02228875 0.002786094179409
0.02230625 0.00278828167907312
0.02232375 0.0027904691787379
0.02234125 0.00279265667840047
0.02235875 0.00279484417806681
0.02237625 0.00279703167772937
0.02239375 0.00279921917739416
0.02241125 0.00280140667705982
0.02242875 0.00280359417672925
0.02244625 0.00280578167639702
0.02246375 0.00280796917606224
0.02248125 0.00281015667573056
0.02249875 0.00281234417540043
0.02251625 0.00281453167506876
0.02253375 0.00281671917474018
0.02255125 0.00281890667440695
0.02256875 0.00282109417407527
0.02258625 0.00282328167374669
0.02260375 0.00282546917341656
0.02262125 0.00282765667308643
0.02263875 0.00282984417275785
0.02265625 0.00283203167243237
0.02267375 0.00283421917210379
0.02269125 0.00283640667177521
0.02270875 0.00283859417144972
0.02272625 0.00284078167112481
0.02274375 0.00284296917080284
0.02276125 0.00284515667047849
0.02277875 0.00284734417015399
0.02279625 0.00284953166983315
0.02281375 0.00285171916951175
0.02283125 0.00285390666918895
0.02284875 0.00285609416886853
0.02286625 0.00285828166854883
0.02288375 0.00286046916822897
0.02290125 0.00286265666791123
0.02291875 0.0028648441675935
0.02293625 0.00286703166727576
0.02295375 0.00286921916695957
0.02297125 0.00287140666664183
0.02298875 0.00287359416632409
0.02300625 0.0028757816660079
0.02302375 0.00287796916569171
0.02304125 0.00288015666537707
0.02305875 0.00288234416506145
0.02307625 0.00288453166474412
0.02309375 0.00288671916443062
0.02311125 0.00288890666411484
0.02312875 0.00289109416380289
0.02314625 0.00289328166348865
0.02316375 0.00289546916317671
0.02318125 0.00289765666286402
0.02319875 0.00289984416255362
0.02321625 0.00290203166224248
0.02323375 0.00290421916193054
0.02325125 0.00290640666162094
0.02326875 0.0029085941613121
0.02328625 0.00291078166100153
0.02330375 0.00291296916069153
0.02332125 0.00291515666038154
0.02333875 0.00291734416007155
0.02335625 0.0029195316597631
0.02337375 0.0029217191594562
0.02339125 0.00292390665914931
0.02340875 0.00292609415884241
0.02342625 0.00292828165853997
0.02344375 0.00293046915823656
0.02346125 0.00293265665793082
0.02347875 0.00293484415762741
0.02349625 0.00293703165732323
0.02351375 0.00293921915702058
0.02353125 0.0029414066567195
0.02354875 0.00294359415641841
0.02356625 0.002945781656115
0.02358375 0.00294796915581623
0.02360125 0.00295015665551438
0.02361875 0.00295234415521405
0.02363625 0.00295453165491375
0.02365375 0.00295671915461575
0.02367125 0.00295890665431622
0.02368875 0.00296109415401822
0.02370625 0.00296328165371947
0.02372375 0.00296546915342378
0.02374125 0.00296765665312426
0.02375875 0.00296984415282743
0.02377625 0.0029720316525302
0.02379375 0.00297421915223532
0.02381125 0.00297640665193886
0.02382875 0.00297859415164476
0.02384625 0.00298078165135063
0.02386375 0.00298296915105653
0.02388125 0.00298515665076161
0.02389875 0.00298734415046984
0.02391625 0.00298953165017647
0.02393375 0.00299171914988393
0.02395125 0.00299390664958979
0.02396875 0.00299609414930034
0.02398625 0.00299828164900619
0.02400375 0.00300046914871675
0.02402125 0.00300265664842493
0.02403875 0.00300484414813703
0.02405625 0.00300703164784676
0.02407375 0.00300921914755809
0.02409125 0.00301140664726859
0.02410875 0.00301359414698225
0.02412625 0.00301578164669256
0.02414375 0.00301796914640425
0.02416125 0.00302015664611594
0.02417875 0.00302234414582763
0.02419625 0.00302453164553992
0.02421375 0.00302671914525429
0.02423125 0.00302890664496795
0.02424875 0.00303109414468386
0.02426625 0.0030332816443983
0.02428375 0.00303546914411576
0.02430125 0.00303765664382943
0.02431875 0.00303984414354611
0.02433625 0.00304203164326365
0.02435375 0.0030442191429811
0.02437125 0.00304640664269865
0.02438875 0.00304859414241765
0.02440625 0.00305078164213442
0.02442375 0.00305296914185419
0.02444125 0.00305515664157406
0.02445875 0.00305734414129306
0.02447625 0.00305953164101448
0.02449375 0.00306171914073408
0.02451125 0.00306390664045661
0.02452875 0.00306609414017837
0.02454625 0.00306828163990245
0.02456375 0.00307046913962653
0.02458125 0.00307265663934906
0.02459875 0.00307484413907314
0.02461625 0.00307703163879645
0.02463375 0.00307921913851804
0.02465125 0.00308140663824323
0.02466875 0.00308359413796853
0.02468625 0.00308578163769216
0.02470375 0.00308796913741979
0.02472125 0.00309015663714265
0.02473875 0.0030923441368695
0.02475625 0.00309453163659623
0.02477375 0.00309671913632386
0.02479125 0.00309890663605136
0.02480875 0.00310109413577822
0.02482625 0.0031032816355071
0.02484375 0.00310546913523506
0.02486125 0.00310765663496301
0.02487875 0.00310984413469251
0.02489625 0.00311203163442279
0.02491375 0.00311421913415384
0.02493125 0.00311640663388411
0.02494875 0.00311859413361439
0.02496625 0.00312078163334544
0.02498375 0.00312296913307572
0.02500125 0.00312515663280909
0.02501875 0.00312734413254092
0.02503625 0.00312953163227429
0.02505375 0.00313171913200612
0.02507125 0.00313390663173949
0.02508875 0.00313609413147364
0.02510625 0.00313828163120763
0.02512375 0.00314046913094364
0.02514125 0.00314265663067748
0.02515875 0.00314484413041271
0.02517625 0.00314703163014888
0.02519375 0.00314921912988395
0.02521125 0.00315140662961887
0.02522875 0.00315359412935534
0.02524625 0.00315578162909181
0.02526375 0.00315796912883061
0.02528125 0.00316015662856786
0.02529875 0.00316234412830665
0.02531625 0.0031645316280439
0.02533375 0.00316671912778114
0.02535125 0.00316890662751994
0.02536875 0.00317109412725718
0.02538625 0.00317328162699675
0.02540375 0.00317546912673555
0.02542125 0.00317765662647589
0.02543875 0.00317984412621779
0.02545625 0.00318203162595813
0.02547375 0.0031842191257008
0.02549125 0.00318640662544191
0.02550875 0.00318859412518458
0.02552625 0.00319078162492725
0.02554375 0.0031929691246721
0.02556125 0.00319515662441491
0.02557875 0.00319734412415912
0.02559625 0.00319953162390411
0.02561375 0.0032017191236522
0.02563125 0.00320390662339719
0.02564875 0.0032060941231445
0.02566625 0.00320828162288872
0.02568375 0.00321046912263603
0.02570125 0.0032126566223818
0.02571875 0.00321484412212834
0.02573625 0.00321703162187565
0.02575375 0.00321921912162297
0.02577125 0.00322140662137105
0.02578875 0.00322359412111992
0.02580625 0.00322578162086878
0.02582375 0.00322796912061919
0.02584125 0.00323015662036805
0.02585875 0.00323234412011537
0.02587625 0.00323453161986578
0.02589375 0.00323671911961696
0.02591125 0.00323890661936492
0.02592875 0.00324109411911405
0.02594625 0.00324328161886652
0.02596375 0.00324546911861719
0.02598125 0.00324765661836812
0.02599875 0.00324984411812021
0.02601625 0.00325203161787217
0.02603375 0.00325421911762568
0.02605125 0.00325640661737764
0.02606875 0.00325859411713114
0.02608625 0.00326078161688543
0.02610375 0.00326296911663894
0.02612125 0.00326515661639245
0.02613875 0.0032673441161475
0.02615625 0.00326953161590256
0.02617375 0.00327171911565762
0.02619125 0.00327390661541423
0.02620875 0.00327609411516929
0.02622625 0.00327828161492589
0.02624375 0.0032804691146825
0.02626125 0.00328265661443988
0.02627875 0.00328484411419714
0.02629625 0.00328703161395709
0.02631375 0.00328921911371423
0.02633125 0.00329140661347417
0.02634875 0.00329359411322976
0.02636625 0.00329578161299048
0.02638375 0.00329796911274995
0.02640125 0.00330015661250989
0.02641875 0.00330234411226936
0.02643625 0.00330453161202918
0.02645375 0.00330671911179044
0.02647125 0.00330890661155169
0.02648875 0.00331109411131294
0.02650625 0.00331328161107342
0.02652375 0.00331546911083545
0.02654125 0.00331765661059748
0.02655875 0.00331984411036105
0.02657625 0.00332203161012386
0.02659375 0.00332421910988588
0.02661125 0.00332640660965023
0.02662875 0.00332859410941381
0.02664625 0.0033307816091765
0.02666375 0.00333296910894108
0.02668125 0.00333515660870675
0.02669875 0.00333734410846901
0.02671625 0.00333953160823468
0.02673375 0.00334171910799926
0.02675125 0.00334390660776648
0.02676875 0.00334609410753183
0.02678625 0.00334828160729906
0.02680375 0.00335046910706595
0.02682125 0.00335265660683395
0.02683875 0.0033548441065993
0.02685625 0.00335703160636808
0.02687375 0.00335921910613486
0.02689125 0.00336140660590309
0.02690875 0.00336359410567053
0.02692625 0.00336578160543876
0.02694375 0.00336796910520776
0.02696125 0.00337015660497675
0.02697875 0.00337234410474719
0.02699625 0.00337453160451873
0.02701375 0.00337671910428751
0.02703125 0.00337890660405982
0.02704875 0.00338109410382938
0.02706625 0.00338328160360091
0.02708375 0.00338546910337202
0.02710125 0.00338765660314433
0.02711875 0.00338984410291467
0.02713625 0.00339203160268929
0.02715375 0.00339421910246041
0.02717125 0.00339640660223503
0.02718875 0.00339859410200847
0.02720625 0.00340078160178154
0.02722375 0.00340296910155499
0.02724125 0.00340515660132883
0.02725875 0.00340734410110383
0.02727625 0.00340953160087922
0.02729375 0.00341171910065344
0.02731125 0.00341390660042873
0.02732875 0.00341609410020547
0.02734625 0.00341828159998057
0.02736375 0.00342046909975673
0.02738125 0.00342265659953328
0.02739875 0.00342484409930944
0.02741625 0.00342703159908754
0.02743375 0.00342921909886369
0.02745125 0.00343140659864257
0.02746875 0.00343359409842028
0.02748625 0.00343578159819915
0.02750375 0.00343796909797763
0.02752125 0.00344015659775496
0.02753875 0.00344234409753421
0.02755625 0.00344453159731464
0.02757375 0.00344671909709234
0.02759125 0.00344890659687355
0.02760875 0.00345109409665434
0.02762625 0.00345328159643478
0.02764375 0.0034554690962148
0.02766125 0.00345765659599601
0.02767875 0.0034598440957768
0.02769625 0.00346203159555956
0.02771375 0.00346421909534026
0.02773125 0.00346640659512165
0.02774875 0.00346859409490226
0.02776625 0.00347078159468365
0.02778375 0.0034729690944665
0.02780125 0.00347515659424884
0.02781875 0.00347734409403315
0.02783625 0.00347953159381859
0.02785375 0.0034817190935998
0.02787125 0.00348390659338523
0.02788875 0.00348609409316955
0.02790625 0.00348828159295498
0.02792375 0.0034904690927393
0.02794125 0.00349265659252473
0.02795875 0.00349484409230982
0.02797625 0.00349703159209447
0.02799375 0.00349921909188112
0.02801125 0.00350140659166732
0.02802875 0.00350359409145397
0.02804625 0.00350578159124008
0.02806375 0.00350796909102689
0.02808125 0.00351015659081447
0.02809875 0.00351234409060206
0.02811625 0.00351453159039042
0.02813375 0.00351671909017878
0.02815125 0.00351890658996713
0.02816875 0.00352109408975627
0.02818625 0.00352328158954463
0.02820375 0.00352546908933376
0.02822125 0.00352765658912436
0.02823875 0.00352984408891365
0.02825625 0.00353203158870495
0.02827375 0.00353421908849501
0.02829125 0.00353640658828554
0.02830875 0.0035385940880756
0.02832625 0.00354078158786768
0.02834375 0.00354296908766006
0.02836125 0.00354515658745137
0.02837875 0.00354734408724374
0.02839625 0.00354953158703506
0.02841375 0.00355171908682659
0.02843125 0.00355390658662037
0.02844875 0.0035560940864126
0.02846625 0.00355828158620638
0.02848375 0.00356046908600016
0.02850125 0.00356265658579393
0.02851875 0.00356484408558849
0.02853625 0.00356703158538227
0.02855375 0.00356921908517605
0.02857125 0.00357140658497138
0.02858875 0.0035735940847667
0.02860625 0.00357578158456126
0.02862375 0.00357796908435736
0.02864125 0.00358015658415191
0.02865875 0.00358234408394873
0.02867625 0.00358453158374341
0.02869375 0.00358671908354016
0.02871125 0.00358890658333561
0.02872875 0.00359109408313314
0.02874625 0.00359328158293092
0.02876375 0.00359546908272767
0.02878125 0.00359765658252693
0.02879875 0.00359984408232303
0.02881625 0.00360203158212146
0.02883375 0.00360421908191834
0.02885125 0.00360640658171599
0.02886875 0.00360859408151442
0.02888625 0.00361078158131362
0.02890375 0.00361296908111282
0.02892125 0.00361515658091279
0.02893875 0.00361734408071277
0.02895625 0.00361953158051274
0.02897375 0.00362171908031349
0.02899125 0.00362390658011424
0.02900875 0.00362609407991499
0.02902625 0.00362828157971496
0.02904375 0.00363046907951726
0.02906125 0.00363265657931801
0.02907875 0.00363484407912108
0.02909625 0.00363703157892261
0.02911375 0.0036392190787264
0.02913125 0.00364140657852798
0.02914875 0.00364359407833105
0.02916625 0.00364578157813567
0.02918375 0.00364796907793875
0.02920125 0.00365015657774104
0.02921875 0.00365234407754567
0.02923625 0.00365453157735029
0.02925375 0.00365671907715413
0.02927125 0.00365890657695798
0.02928875 0.0036610940767626
0.02930625 0.003663281576568
0.02932375 0.00366546907637262
0.02934125 0.00366765657617879
0.02935875 0.00366984407598264
0.02937625 0.00367203157578958
0.02939375 0.00367421907559498
0.02941125 0.0036764065754027
0.02942875 0.00367859407520809
0.02944625 0.00368078157501504
0.02946375 0.00368296907482198
0.02948125 0.0036851565746297
0.02949875 0.0036873440744366
0.02951625 0.00368953157424286
0.02953375 0.00369171907405127
0.02955125 0.00369390657385752
0.02956875 0.00369609407366748
0.02958625 0.00369828157347834
0.02960375 0.00370046907328529
0.02962125 0.00370265657309223
0.02963875 0.00370484407290227
0.02965625 0.00370703157271077
0.02967375 0.00370921907252081
0.02969125 0.00371140657233085
0.02970875 0.00371359407214167
0.02972625 0.00371578157195094
0.02974375 0.00371796907176253
0.02976125 0.00372015657157335
0.02977875 0.00372234407138416
0.02979625 0.00372453157119498
0.02981375 0.00372671907100657
0.02983125 0.00372890657081816
0.02984875 0.00373109407063053
0.02986625 0.00373328157044286
0.02988375 0.00373546907025684
0.02990125 0.00373765657006759
0.02991875 0.00373984406988157
0.02993625 0.00374203156969387
0.02995375 0.00374421906950708
0.02997125 0.00374640656931938
0.02998875 0.00374859406913413
0.03000625 0.00375078156894798
0.03002375 0.0037529690687627
0.03004125 0.00375515656857739
0.03005875 0.00375734406839208
0.03007625 0.00375953156820755
0.03009375 0.00376171906802301
0.03011125 0.00376390656783692
0.03012875 0.00376609406765239
0.03014625 0.00376828156746785
0.03016375 0.00377046906728409
0.03018125 0.00377265656709955
0.03019875 0.00377484406691654
0.03021625 0.00377703156673283
0.03023375 0.00377921906654902
0.03025125 0.0037814065663653
0.03026875 0.00378359406618382
0.03028625 0.00378578156599933
0.03030375 0.00378796906581707
0.03032125 0.00379015656563413
0.03033875 0.00379234406545264
0.03035625 0.00379453156527125
0.03037375 0.00379671906508977
0.03039125 0.00379890656490837
0.03040875 0.00380109406472766
0.03042625 0.00380328156454472
0.03044375 0.00380546906436479
0.03046125 0.00380765656418569
0.03047875 0.00380984406400348
0.03049625 0.00381203156382281
0.03051375 0.00381421906364215
0.03053125 0.00381640656346226
0.03054875 0.00381859406328314
0.03056625 0.00382078156310479
0.03058375 0.00382296906292725
0.03060125 0.00382515656274656
0.03061875 0.0038273440625667
0.03063625 0.00382953156238912
0.03065375 0.00383171906221
0.03067125 0.00383390656203088
0.03068875 0.00383609406185409
0.03070625 0.00383828156167653
0.03072375 0.00384046906149896
0.03074125 0.00384265656132138
0.03075875 0.00384484406114537
0.03077625 0.00384703156096858
0.03079375 0.00384921906079334
0.03081125 0.00385140656061655
0.03082875 0.00385359406044053
0.03084625 0.00385578156026451
0.03086375 0.00385796906008772
0.03088125 0.00386015655991248
0.03089875 0.00386234405973723
0.03091625 0.00386453155956199
0.03093375 0.00386671905938597
0.03095125 0.0038689065592115
0.03096875 0.00387109405903626
0.03098625 0.00387328155886179
0.03100375 0.00387546905868732
0.03102125 0.00387765655851363
0.03103875 0.00387984405833993
0.03105625 0.00388203155816624
0.03107375 0.00388421905799254
0.03109125 0.0038864065578173
0.03110875 0.00388859405764438
0.03112625 0.00389078155747301
0.03114375 0.00389296905729931
0.03116125 0.00389515655712639
0.03117875 0.00389734405695425
0.03119625 0.00389953155678133
0.03121375 0.00390171905660918
0.03123125 0.00390390655643781
0.03124875 0.00390609405626644
0.03126625 0.00390828155609507
0.03128375 0.00391046905592447
0.03130125 0.00391265655575388
0.03131875 0.00391484405558251
0.03133625 0.00391703155541114
0.03135375 0.00391921905524131
0.03137125 0.00392140655507071
0.03138875 0.00392359405490167
0.03140625 0.00392578155473107
0.03142375 0.00392796905456279
0.03144125 0.00393015655439374
0.03145875 0.00393234405422394
0.03147625 0.0039345315540541
0.03149375 0.00393671905388583
0.03151125 0.00393890655371678
0.03152875 0.00394109405354853
0.03154625 0.00394328155337868
0.03156375 0.00394546905321118
0.03158125 0.0039476565530437
0.03159875 0.00394984405287542
0.03161625 0.00395203155270791
0.03163375 0.00395421905253963
0.03165125 0.00395640655237293
0.03166875 0.0039585940522062
0.03168625 0.00396078155203946
0.03170375 0.00396296905187273
0.03172125 0.00396515655170758
0.03173875 0.00396734405153931
0.03175625 0.00396953155137333
0.03177375 0.00397171905120738
0.03179125 0.00397390655104146
0.03180875 0.00397609405087474
0.03182625 0.00397828155071031
0.03184375 0.00398046905054513
0.03186125 0.00398265655037924
0.03187875 0.00398484405021478
0.03189625 0.00398703155005038
0.03191375 0.00398921904988597
0.03193125 0.00399140654972164
0.03194875 0.00399359404955717
0.03196625 0.00399578154939354
0.03198375 0.00399796904922992
0.03200125 0.00400015654906636
0.03201875 0.00400234404890344
0.03203625 0.00400453154873981
0.03205375 0.00400671904857622
0.03207125 0.00400890654841337
0.03208875 0.00401109404825125
0.03210625 0.0040132815480884
0.03212375 0.00401546904792481
0.03214125 0.00401765654776274
0.03215875 0.00401984404760139
0.03217625 0.00402203154743853
0.03219375 0.00402421904727655
0.03221125 0.00402640654711515
0.03222875 0.00402859404695385
0.03224625 0.00403078154679332
0.03226375 0.00403296904663289
0.03228125 0.00403515654647226
0.03229875 0.00403734404631173
0.03231625 0.0040395315461512
0.03233375 0.00404171904599078
0.03235125 0.00404390654583092
0.03236875 0.00404609404567039
0.03238625 0.00404828154551141
0.03240375 0.00405046904535176
0.03242125 0.00405265654519112
0.03243875 0.00405484404503214
0.03245625 0.00405703154487316
0.03247375 0.0040592190447143
0.03249125 0.00406140654455597
0.03250875 0.00406359404439699
0.03252625 0.00406578154423891
0.03254375 0.00406796904408058
0.03256125 0.00407015654392315
0.03257875 0.00407234404376494
0.03259625 0.00407453154360687
0.03261375 0.0040767190434493
0.03263125 0.00407890654329187
0.03264875 0.00408109404313521
0.03266625 0.00408328154297715
0.03268375 0.00408546904282112
0.03270125 0.00408765654266369
0.03271875 0.00408984404250781
0.03273625 0.0040920315423513
0.03275375 0.00409421904219527
0.03277125 0.00409640654203861
0.03278875 0.00409859404188273
0.03280625 0.00410078154172777
0.03282375 0.00410296904157174
0.03284125 0.0041051565414174
0.03285875 0.00410734404126229
0.03287625 0.00410953154110735
0.03289375 0.00411171904095208
0.03291125 0.00411390654079852
0.03292875 0.00411609404064357
0.03294625 0.0041182815404883
0.03296375 0.00412046904033474
0.03298125 0.00412265654018041
0.03299875 0.00412484404002625
0.03301625 0.00412703153987174
0.03303375 0.00412921903971973
0.03305125 0.00413140653956539
0.03306875 0.00413359403941356
0.03308625 0.00413578153925982
0.03310375 0.00413796903910781
0.03312125 0.00414015653895425
0.03313875 0.00414234403880243
0.03315625 0.00414453153864946
0.03317375 0.00414671903849744
0.03319125 0.00414890653834543
0.03320875 0.00415109403819207
0.03322625 0.00415328153804064
0.03324375 0.00415546903788863
0.03326125 0.00415765653773749
0.03327875 0.00415984403758625
0.03329625 0.00416203153743569
0.03331375 0.00416421903728368
0.03333125 0.00416640653713332
0.03334875 0.00416859403698286
0.03336625 0.00417078153683307
0.03338375 0.00417296903668261
0.03340125 0.00417515653653236
0.03341875 0.00417734403638323
0.03343625 0.004179531536232
0.03345375 0.00418171903608231
0.03347125 0.00418390653593284
0.03348875 0.00418609403578293
0.03350625 0.00418828153563325
0.03352375 0.00419046903548433
0.03354125 0.00419265653533565
0.03355875 0.00419484403518651
0.03357625 0.00419703153503914
0.03359375 0.00419921903489035
0.03361125 0.00420140653474066
0.03362875 0.00420359403459318
0.03364625 0.00420578153444581
0.03366375 0.00420796903429702
0.03368125 0.00421015653415043
0.03369875 0.00421234403400295
0.03371625 0.00421453153385636
0.03373375 0.00421671903370834
0.03375125 0.00421890653356175
0.03376875 0.00422109403341426
0.03378625 0.0042232815332669
0.03380375 0.00422546903312198
0.03382125 0.00422765653297462
0.03383875 0.00422984403282713
0.03385625 0.00423203153268209
0.03387375 0.00423421903253576
0.03389125 0.00423640653238968
0.03390875 0.00423859403224464
0.03392625 0.00424078153209883
0.03394375 0.00424296903195328
0.03396125 0.00424515653180952
0.03397875 0.0042473440316637
0.03399625 0.0042495315315188
0.03401375 0.00425171903137453
0.03403125 0.00425390653123013
0.03404875 0.00425609403108431
0.03406625 0.00425828153094019
0.03408375 0.0042604690307967
0.03410125 0.00426265653065306
0.03411875 0.00426484403050957
0.03413625 0.00426703153036467
0.03415375 0.00426921903022118
0.03417125 0.00427140653007832
0.03418875 0.00427359402993405
0.03420625 0.00427578152978993
0.03422375 0.00427796902964722
0.03424125 0.0042801565295059
0.03425875 0.00428234402936241
0.03427625 0.00428453152921999
0.03429375 0.00428671902907852
0.03431125 0.00428890652893503
0.03432875 0.00429109402879324
0.03434625 0.00429328152865052
0.03436375 0.00429546902850843
0.03438125 0.00429765652836648
0.03439875 0.0042998440282247
0.03441625 0.00430203152808353
0.03443375 0.00430421902794298
0.03445125 0.00430640652780026
0.03446875 0.00430859402766002
0.03448625 0.00431078152751963
0.03450375 0.0043129690273783
0.03452125 0.00431515652723868
0.03453875 0.00431734402709845
0.03455625 0.00431953152695806
0.03457375 0.0043217190268175
0.03459125 0.00432390652667788
0.03460875 0.00432609402653765
0.03462625 0.00432828152639881
0.03464375 0.00433046902625902
0.03466125 0.00433265652611957
0.03467875 0.00433484402598133
0.03469625 0.00433703152584265
0.03471375 0.00433921902570286
0.03473125 0.00434140652556264
0.03474875 0.00434359402542457
0.03476625 0.00434578152528632
0.03478375 0.00434796902514748
0.03480125 0.00435015652500881
0.03481875 0.00435234402487229
0.03483625 0.00435453152473404
0.03485375 0.00435671902459597
0.03487125 0.0043589065244573
0.03488875 0.00436109402432078
0.03490625 0.00436328152418253
0.03492375 0.00436546902404601
0.03494125 0.00436765652390812
0.03495875 0.00436984402377082
0.03497625 0.00437203152363489
0.03499375 0.0043742190234976
0.03501125 0.00437640652336049
0.03502875 0.00437859402322396
0.03504625 0.00438078152308803
0.03506375 0.0043829690229517
0.03508125 0.00438515652281576
0.03509875 0.00438734402267943
0.03511625 0.00438953152254349
0.03513375 0.00439171902240793
0.03515125 0.00439390652227277
0.03516875 0.00439609402213721
0.03518625 0.00439828152200205
0.03520375 0.0044004690218665
0.03522125 0.0044026565217323
0.03523875 0.00440484402159713
0.03525625 0.00440703152146215
0.03527375 0.00440921902132815
0.03529125 0.00441140652119473
0.03530875 0.00441359402105878
0.03532625 0.00441578152092536
0.03534375 0.00441796902079136
0.03536125 0.00442015652065716
0.03537875 0.00442234402052354
0.03539625 0.00442453152038877
0.03541375 0.00442671902025591
0.03543125 0.00442890652012347
0.03544875 0.00443109401999139
0.03546625 0.00443328151985817
0.03548375 0.00443546901972531
0.03550125 0.0044376565195921
0.03551875 0.00443984401945846
0.03553625 0.00444203151932602
0.03555375 0.00444421901919394
0.03557125 0.00444640651906305
0.03558875 0.00444859401893096
0.03560625 0.00445078151879852
0.03562375 0.00445296901866665
0.03564125 0.00445515651853533
0.03565875 0.00445734401840268
0.03567625 0.00445953151827103
0.03569375 0.00446171901813993
0.03571125 0.00446390651800938
0.03572875 0.00446609401787772
0.03574625 0.00446828151774718
0.03576375 0.0044704690176163
0.03578125 0.00447265651748497
0.03579875 0.00447484401735487
0.03581625 0.00447703151722432
0.03583375 0.00447921901709267
0.03585125 0.00448140651696212
0.03586875 0.00448359401683047
0.03588625 0.00448578151670069
0.03590375 0.00448796901657059
0.03592125 0.00449015651644159
0.03593875 0.00449234401631072
0.03595625 0.00449453151618093
0.03597375 0.00449671901605161
0.03599125 0.00449890651592338
0.03600875 0.00450109401579483
0.03602625 0.00450328151566659
0.03604375 0.00450546901553805
0.03606125 0.00450765651541059
0.03607875 0.0045098440152805
0.03609625 0.00451203151515095
0.03611375 0.0045142190150227
0.03613125 0.00451640651489417
0.03614875 0.0045185940147667
0.03616625 0.00452078151463971
0.03618375 0.00452296901451146
0.03620125 0.00452515651438371
0.03621875 0.00452734401425701
0.03623625 0.00452953151413002
0.03625375 0.00453171901400332
0.03627125 0.00453390651387557
0.03628875 0.00453609401374809
0.03630625 0.00453828151362111
0.03632375 0.00454046901349518
0.03634125 0.00454265651336743
0.03635875 0.00454484401324227
0.03637625 0.00454703151311685
0.03639375 0.00454921901298936
0.03641125 0.00455140651286316
0.03642875 0.004553594012738
0.03644625 0.00455578151261258
0.03646375 0.00455796901248742
0.03648125 0.00456015651236045
0.03649875 0.00456234401223399
0.03651625 0.00456453151210728
0.03653375 0.00456671901198263
0.03655125 0.00456890651185824
0.03656875 0.00457109401173437
0.03658625 0.00457328151160998
0.03660375 0.00457546901148534
0.03662125 0.00457765651136094
0.03663875 0.00457984401123553
0.03665625 0.00458203151111035
0.03667375 0.00458421901098649
0.03669125 0.00458640651086287
0.03670875 0.00458859401073823
0.03672625 0.00459078151061228
0.03674375 0.0045929690104892
0.03676125 0.00459515651036557
0.03677875 0.00459734401024093
0.03679625 0.00459953151011653
0.03681375 0.00460171900999422
0.03683125 0.00460390650986932
0.03684875 0.00460609400974568
0.03686625 0.00460828150962155
0.03688375 0.00461046900949925
0.03690125 0.00461265650937667
0.03691875 0.00461484400925303
0.03693625 0.00461703150912967
0.03695375 0.00461921900900815
0.03697125 0.00462140650888712
0.03698875 0.00462359400876348
0.03700625 0.00462578150864195
0.03702375 0.00462796900851908
0.03704125 0.00463015650839524
0.03705875 0.00463234400827392
0.03707625 0.00463453150815163
0.03709375 0.00463671900802953
0.03711125 0.00463890650790801
0.03712875 0.00464109400778514
0.03714625 0.00464328150766517
0.03716375 0.00464546900754385
0.03718125 0.00464765650742233
0.03719875 0.00464984400730023
0.03721625 0.00465203150717949
0.03723375 0.00465421900705923
0.03725125 0.00465640650693945
0.03726875 0.00465859400681919
0.03728625 0.00466078150669846
0.03730375 0.00466296900657897
0.03732125 0.00466515650645996
0.03733875 0.00466734400633893
0.03735625 0.00466953150621897
0.03737375 0.00467171900610026
0.03739125 0.0046739065059797
0.03740875 0.00467609400586052
0.03742625 0.00467828150573996
0.03744375 0.00468046900561923
0.03746125 0.00468265650550021
0.03747875 0.00468484400537949
0.03749625 0.00468703150526047
0.03751375 0.0046892190051413
0.03753125 0.00469140650502382
0.03754875 0.0046935940049031
0.03756625 0.00469578150478672
0.03758375 0.00469796900466847
0.03760125 0.00470015650454976
0.03761875 0.00470234400443059
0.03763625 0.00470453150431343
0.03765375 0.00470671900419595
0.03767125 0.00470890650407801
0.03768875 0.0047110940039604
0.03770625 0.00471328150384324
0.03772375 0.00471546900372575
0.03774125 0.00471765650360859
0.03775875 0.0047198440034902
0.03777625 0.00472203150337227
0.03779375 0.00472421900325556
0.03781125 0.00472640650313762
0.03782875 0.00472859400302001
0.03784625 0.00473078150290053
0.03786375 0.00473296900278459
0.03788125 0.00473515650266853
0.03789875 0.00473734400255137
0.03791625 0.00473953150243465
0.03793375 0.00474171900231827
0.03795125 0.00474390650220144
0.03796875 0.00474609400208505
0.03798625 0.00474828150196833
0.03800375 0.00475046900185272
0.03802125 0.00475265650173667
0.03803875 0.00475484400162106
0.03805625 0.00475703150150511
0.03807375 0.00475921900139027
0.03809125 0.00476140650127422
0.03810875 0.00476359400115783
0.03812625 0.00476578150104266
0.03814375 0.00476796900092782
0.03816125 0.00477015650081177
0.03817875 0.00477234400069539
0.03819625 0.00477453150058021
0.03821375 0.00477671900046614
0.03823125 0.00477890650035087
0.03824875 0.00478109400023526
0.03826625 0.00478328150012085
0.03828375 0.00478546900000679
0.03830125 0.0047876564998911
0.03831875 0.00478984399977789
0.03833625 0.00479203149966382
0.03835375 0.00479421899955089
0.03837125 0.00479640649943682
0.03838875 0.00479859399932163
0.03840625 0.00480078149920757
0.03842375 0.00480296899909463
0.03844125 0.0048051564989798
0.03845875 0.00480734399886615
0.03847625 0.00480953149875286
0.03849375 0.00481171899863993
0.03851125 0.00481390649852664
0.03852875 0.00481609399841299
0.03854625 0.0048182814982997
0.03856375 0.00482046899818678
0.03858125 0.00482265649807426
0.03859875 0.00482484399796061
0.03861625 0.0048270314978481
0.03863375 0.00482921899773709
0.03865125 0.00483140649762462
0.03866875 0.00483359399751287
0.03868625 0.00483578149740036
0.03870375 0.00483796899728936
0.03872125 0.00484015649717688
0.03873875 0.00484234399706514
0.03875625 0.00484453149695454
0.03877375 0.0048467189968428
0.03879125 0.00484890649673147
0.03880875 0.00485109399661973
0.03882625 0.00485328149650991
0.03884375 0.0048554689963974
0.03886125 0.00485765649628683
0.03887875 0.00485984399617664
0.03889625 0.0048620314960645
0.03891375 0.00486421899595508
0.03893125 0.00486640649584451
0.03894875 0.00486859399573355
0.03896625 0.00487078149562412
0.03898375 0.00487296899551316
0.03900125 0.00487515649540297
0.03901875 0.00487734399529278
0.03903625 0.00487953149518413
0.03905375 0.00488171899507394
0.03907125 0.00488390649496337
0.03908875 0.00488609399485395
0.03910625 0.00488828149474454
0.03912375 0.00489046899463473
0.03914125 0.00489265649452492
0.03915875 0.00489484399441628
0.03917625 0.0048970314943061
0.03919375 0.00489921899419667
0.03921125 0.00490140649408842
0.03922875 0.00490359399397939
0.03924625 0.00490578149387191
0.03926375 0.00490796899376326
0.03928125 0.00491015649365539
0.03929875 0.00491234399354715
0.03931625 0.00491453149343851
0.03933375 0.00491671899333218
0.03935125 0.00491890649322315
0.03936875 0.00492109399311531
0.03938625 0.00492328149300741
0.03940375 0.00492546899289915
0.03942125 0.00492765649279167
0.03943875 0.00492984399268384
0.03945625 0.00493203149257516
0.03947375 0.00493421899246768
0.03949125 0.0049364064923602
0.03950875 0.00493859399225276
0.03952625 0.00494078149214562
0.03954375 0.00494296899203892
0.03956125 0.00494515649193144
0.03957875 0.00494734399182439
0.03959625 0.00494953149171764
0.03961375 0.00495171899161054
0.03963125 0.00495390649150348
0.03964875 0.00495609399139754
0.03966625 0.00495828149129081
0.03968375 0.00496046899118449
0.03970125 0.00496265649107823
0.03971875 0.00496484399097146
0.03973625 0.00496703149086514
0.03975375 0.0049692189907596
0.03977125 0.00497140649065335
0.03978875 0.00497359399054773
0.03980625 0.00497578149044142
0.03982375 0.00497796899033587
0.03984125 0.0049801564902304
0.03985875 0.00498234399012517
0.03987625 0.00498453149001962
0.03989375 0.00498671898991485
0.03991125 0.004988906489809
0.03992875 0.00499109398970415
0.03994625 0.00499328148959899
0.03996375 0.00499546898949461
0.03998125 0.00499765648938993
0.03999875 0.00499984398928507
0.04001625 0.0050020314891803
0.04003375 0.00500421898907596
0.04005125 0.00500640648897197
0.04006875 0.00500859398886792
0.04008625 0.00501078148876276
0.04010375 0.00501296898865771
0.04012125 0.00501515648855477
0.04013875 0.00501734398845077
0.04015625 0.00501953148834716
0.04017375 0.00502171898824212
0.04019125 0.0050239064881384
0.04020875 0.00502609398803518
0.04022625 0.00502828148793079
0.04024375 0.00503046898782769
0.04026125 0.00503265648772435
0.04027875 0.00503484398762113
0.04029625 0.00503703148751791
0.04031375 0.0050392189874152
0.04033125 0.00504140648731224
0.04034875 0.0050435939872094
0.04036625 0.00504578148710579
0.04038375 0.00504796898700386
0.04040125 0.0050501564869009
0.04041875 0.00505234398679806
0.04043625 0.00505453148669646
0.04045375 0.00505671898659363
0.04047125 0.00505890648649033
0.04048875 0.00506109398638827
0.04050625 0.0050632814862859
0.04052375 0.00506546898618306
0.04054125 0.00506765648608093
0.04055875 0.00506984398597887
0.04057625 0.00507203148587735
0.04059375 0.00507421898577553
0.04061125 0.00507640648567385
0.04062875 0.00507859398557218
0.04064625 0.00508078148547105
0.04066375 0.00508296898536961
0.04068125 0.00508515648526832
0.04069875 0.00508734398516743
0.04071625 0.00508953148506669
0.04073375 0.00509171898496563
0.04075125 0.00509390648486473
0.04076875 0.00509609398476469
0.04078625 0.00509828148466302
0.04080375 0.00510046898456281
0.04082125 0.0051026564844623
0.04083875 0.00510484398436226
0.04085625 0.00510703148426098
0.04087375 0.00510921898416076
0.04089125 0.00511140648406064
0.04090875 0.00511359398396061
0.04092625 0.00511578148386126
0.04094375 0.00511796898376143
0.04096125 0.00512015648366169
0.04097875 0.00512234398356253
0.04099625 0.00512453148346338
0.04101375 0.00512671898336326
0.04103125 0.00512890648326391
0.04104875 0.00513109398316514
0.04106625 0.00513328148306443
0.04108375 0.00513546898296508
0.04110125 0.00513765648286622
0.04111875 0.00513984398276649
0.04113625 0.00514203148266781
0.04115375 0.00514421898256885
0.04117125 0.0051464064824696
0.04118875 0.00514859398237064
0.04120625 0.00515078148227235
0.04122375 0.00515296898217416
0.04124125 0.00515515648207492
0.04125875 0.00515734398197712
0.04127625 0.00515953148187921
0.04129375 0.00516171898178063
0.04131125 0.00516390648168217
0.04132875 0.00516609398158476
0.04134625 0.00516828148148646
0.04136375 0.00517046898138827
0.04138125 0.0051726564812902
0.04139875 0.00517484398119317
0.04141625 0.00517703148109525
0.04143375 0.00517921898099745
0.04145125 0.00518140648089989
0.04146875 0.00518359398080263
0.04148625 0.00518578148070521
0.04150375 0.00518796898060831
0.04152125 0.00519015648051128
0.04153875 0.00519234398041452
0.04155625 0.00519453148031749
0.04157375 0.00519671898021982
0.04159125 0.00519890648012357
0.04160875 0.0052010939800268
0.04162625 0.00520328147992978
0.04164375 0.00520546897983288
0.04166125 0.00520765647973701
0.04167875 0.00520984397964025
0.04169625 0.00521203147954399
0.04171375 0.00521421897944749
0.04173125 0.00521640647935201
0.04174875 0.00521859397925524
0.04176625 0.00522078147915976
0.04178375 0.00522296897906326
0.04180125 0.00522515647896701
0.04181875 0.00522734397887139
0.04183625 0.00522953147877567
0.04185375 0.00523171897868005
0.04187125 0.0052339064785851
0.04188875 0.00523609397848987
0.04190625 0.00523828147839415
0.04192375 0.00524046897829944
0.04194125 0.00524265647820344
0.04195875 0.00524484397810874
0.04197625 0.0052470314780134
0.04199375 0.0052492189779187
0.04201125 0.00525140647782385
0.04202875 0.00525359397772876
0.04204625 0.00525578147763421
0.04206375 0.00525796897753912
0.04208125 0.00526015647744388
0.04209875 0.00526234397734956
0.04211625 0.00526453147725501
0.04213375 0.00526671897716031
0.04215125 0.00526890647706545
0.04216875 0.00527109397697168
0.04218625 0.00527328147687721
0.04220375 0.00527546897678344
0.04222125 0.00527765647668896
0.04223875 0.00527984397659558
0.04225625 0.00528203147650149
0.04227375 0.00528421897640772
0.04229125 0.00528640647631364
0.04230875 0.00528859397622026
0.04232625 0.00529078147612672
0.04234375 0.00529296897603263
0.04236125 0.00529515647593908
0.04237875 0.00529734397584648
0.04239625 0.00529953147575294
0.04241375 0.00530171897565923
0.04243125 0.00530390647556647
0.04244875 0.00530609397547387
0.04246625 0.00530828147538072
0.04248375 0.00531046897528778
0.04250125 0.00531265647519501
0.04251875 0.0053148439751028
0.04253625 0.00531703147500926
0.04255375 0.00531921897491749
0.04257125 0.00532140647482489
0.04258875 0.00532359397473234
0.04260625 0.00532578147464014
0.04262375 0.00532796897454719
0.04264125 0.0053301564744546
0.04265875 0.00533234397436205
0.04267625 0.00533453147426985
0.04269375 0.00533671897417767
0.04271125 0.00533890647408625
0.04272875 0.00534109397399408
0.04274625 0.00534328147390149
0.04276375 0.00534546897381009
0.04278125 0.00534765647371828
0.04279875 0.00534984397362629
0.04281625 0.00535203147353528
0.04283375 0.00535421897344406
0.04285125 0.00535640647335303
0.04286875 0.00535859397326104
0.04288625 0.0053607814731704
0.04290375 0.00536296897307899
0.04292125 0.00536515647298797
0.04293875 0.00536734397289733
0.04295625 0.00536953147280708
0.04297375 0.00537171897271606
0.04299125 0.00537390647262542
0.04300875 0.0053760939725344
0.04302625 0.00537828147244453
0.04304375 0.00538046897235351
0.04306125 0.00538265647226326
0.04307875 0.00538484397217301
0.04309625 0.00538703147208276
0.04311375 0.00538921897199251
0.04313125 0.00539140647190187
0.04314875 0.00539359397181124
0.04316625 0.00539578147172137
0.04318375 0.00539796897163074
0.04320125 0.00540015647154126
0.04321875 0.0054023439714514
0.04323625 0.00540453147136174
0.04325375 0.00540671897127264
0.04327125 0.00540890647118317
0.04328875 0.00541109397109407
0.04330625 0.00541328147100423
0.04332375 0.00541546897091551
0.04334125 0.00541765647082682
0.04335875 0.00541984397073772
0.04337625 0.00542203147064787
0.04339375 0.00542421897055915
0.04341125 0.0054264064704697
0.04342875 0.00542859397038175
0.04344625 0.00543078147029269
0.04346375 0.00543296897020435
0.04348125 0.00543515647011606
0.04349875 0.00543734397002695
0.04351625 0.00543953146993827
0.04353375 0.00544171896985032
0.04355125 0.00544390646976242
0.04356875 0.00544609396967408
0.04358625 0.00544828146958618
0.04360375 0.00545046896949822
0.04362125 0.00545265646941033
0.04363875 0.00545484396932315
0.04365625 0.00545703146923448
0.04367375 0.00545921896914713
0.04369125 0.00546140646905956
0.04370875 0.00546359396897167
0.04372625 0.00546578146888448
0.04374375 0.00546796896879698
0.04376125 0.00547015646870901
0.04377875 0.0054723439686219
0.04379625 0.00547453146853393
0.04381375 0.00547671896844721
0.04383125 0.00547890646835963
0.04384875 0.00548109396827252
0.04386625 0.00548328146818533
0.04388375 0.00548546896809861
0.04390125 0.00548765646801141
0.04391875 0.00548984396792508
0.04393625 0.00549203146783826
0.04395375 0.00549421896775194
0.04397125 0.00549640646766473
0.04398875 0.00549859396757802
0.04400625 0.00550078146749184
0.04402375 0.00550296896740502
0.04404125 0.00550515646731884
0.04405875 0.0055073439672329
0.04407625 0.00550953146714633
0.04409375 0.0055117189670599
0.04411125 0.0055139064669741
0.04412875 0.00551609396688855
0.04414625 0.00551828146680198
0.04416375 0.00552046896671555
0.04418125 0.00552265646663078
0.04419875 0.00552484396654511
0.04421625 0.00552703146645957
0.04423375 0.00552921896637313
0.04425125 0.00553140646628798
0.04426875 0.0055335939662027
0.04428625 0.00553578146611677
0.04430375 0.0055379689660311
0.04432125 0.00554015646594634
0.04433875 0.00554234396586055
0.04435625 0.00554453146577565
0.04437375 0.00554671896569024
0.04439125 0.00554890646560548
0.04440875 0.00555109396552046
0.04442625 0.00555328146543517
0.04444375 0.00555546896535015
0.04446125 0.00555765646526578
0.04447875 0.00555984396518037
0.04449625 0.00556203146509547
0.04451375 0.00556421896501122
0.04453125 0.00556640646492686
0.04454875 0.00556859396484222
0.04456625 0.0055707814647577
0.04458375 0.00557296896467373
0.04460125 0.00557515646458921
0.04461875 0.00557734396450446
0.04463625 0.00557953146442071
0.04465375 0.00558171896433596
0.04467125 0.00558390646425144
0.04468875 0.00558609396416747
0.04470625 0.00558828146408333
0.04472375 0.00559046896399975
0.04474125 0.0055926564639155
0.04475875 0.00559484396383213
0.04477625 0.00559703146374866
0.04479375 0.00559921896366547
0.04481125 0.00560140646358122
0.04482875 0.00560359396349824
0.04484625 0.00560578146341496
0.04486375 0.00560796896333177
0.04488125 0.0056101564632483
0.04489875 0.00561234396316531
0.04491625 0.00561453146308261
0.04493375 0.00561671896299923
0.04495125 0.00561890646291673
0.04496875 0.00562109396283374
0.04498625 0.00562328146275123
0.04500375 0.00562546896266844
0.04502125 0.00562765646258594
0.04503875 0.0056298439625043
0.04505625 0.00563203146242131
0.04507375 0.00563421896233842
0.04509125 0.0056364064622562
0.04510875 0.00563859396217427
0.04512625 0.00564078146209129
0.04514375 0.00564296896200918
0.04516125 0.00564515646192734
0.04517875 0.00564734396184541
0.04519625 0.00564953146176321
0.04521375 0.00565171896168148
0.04523125 0.00565390646159964
0.04524875 0.00565609396151791
0.04526625 0.00565828146143571
0.04528375 0.00566046896135417
0.04530125 0.00566265646127291
0.04531875 0.00566484396119117
0.04533625 0.00566703146110956
0.04535375 0.00566921896102822
0.04537125 0.00567140646094695
0.04538875 0.00567359396086541
0.04540625 0.00567578146078412
0.04542375 0.00567796896070292
0.04544125 0.00568015646062157
0.04545875 0.00568234396054093
0.04547625 0.00568453146046017
0.04549375 0.00568671896037909
0.04551125 0.00568890646029813
0.04552875 0.0056910939602173
0.04554625 0.00569328146013673
0.04556375 0.00569546896005584
0.04558125 0.00569765645997508
0.04559875 0.00569984395989483
0.04561625 0.00570203145981426
0.04563375 0.00570421895973356
0.04565125 0.00570640645965299
0.04566875 0.00570859395957275
0.04568625 0.00571078145949276
0.04570375 0.00571296895941245
0.04572125 0.00571515645933246
0.04573875 0.00571734395925261
0.04575625 0.00571953145917242
0.04577375 0.0057217189590923
0.04579125 0.0057239064590125
0.04580875 0.0057260939589326
0.04582625 0.00572828145885291
0.04584375 0.00573046895877331
0.04586125 0.00573265645869371
0.04587875 0.00573484395861381
0.04589625 0.0057370314585347
0.04591375 0.00573921895845529
0.04593125 0.00574140645837603
0.04594875 0.00574359395829701
0.04596625 0.00574578145821745
0.04598375 0.00574796895813824
0.04600125 0.00575015645805918
0.04601875 0.00575234395798016
0.04603625 0.00575453145790079
0.04605375 0.00575671895782177
0.04607125 0.00575890645774329
0.04608875 0.00576109395766408
0.04610625 0.00576328145758529
0.04612375 0.00576546895750646
0.04614125 0.00576765645742756
0.04615875 0.00576984395734919
0.04617625 0.00577203145727056
0.04619375 0.00577421895719193
0.04621125 0.00577640645711361
0.04622875 0.00577859395703543
0.04624625 0.00578078145695719
0.04626375 0.00578296895687891
0.04628125 0.0057851564568005
0.04629875 0.00578734395672242
0.04631625 0.0057895314566444
0.04633375 0.00579171895656632
0.04635125 0.0057939064564881
0.04636875 0.00579609395641041
0.04638625 0.00579828145633257
0.04640375 0.00580046895625469
0.04642125 0.00580265645617685
0.04643875 0.00580484395609917
0.04645625 0.00580703145602172
0.04647375 0.00580921895594403
0.04649125 0.00581140645586656
0.04650875 0.00581359395578911
0.04652625 0.00581578145571181
0.04654375 0.00581796895563436
0.04656125 0.00582015645555687
0.04657875 0.00582234395547999
0.04659625 0.00582453145540251
0.04661375 0.00582671895532544
0.04663125 0.00582890645524853
0.04664875 0.00583109395517185
0.04666625 0.00583328145509456
0.04668375 0.00583546895501787
0.04670125 0.00583765645494097
0.04671875 0.00583984395486428
0.04673625 0.00584203145478758
0.04675375 0.00584421895471069
0.04677125 0.00584640645463419
0.04678875 0.00584859395455769
0.04680625 0.00585078145448118
0.04682375 0.00585296895440448
0.04684125 0.00585515645432818
0.04685875 0.00585734395425148
0.04687625 0.00585953145417517
0.04689375 0.00586171895409905
0.04691125 0.00586390645402313
0.04692875 0.00586609395394701
0.04694625 0.00586828145387128
0.04696375 0.00587046895379536
0.04698125 0.00587265645371905
0.04699875 0.00587484395364332
0.04701625 0.0058770314535674
0.04703375 0.00587921895349187
0.04705125 0.00588140645341632
0.04706875 0.00588359395334022
0.04708625 0.00588578145326467
0.04710375 0.00588796895318915
0.04712125 0.00589015645311379
0.04713875 0.00589234395303827
0.04715625 0.00589453145296291
0.04717375 0.00589671895288759
0.04719125 0.00589890645281244
0.04720875 0.00590109395273708
0.04722625 0.00590328145266213
0.04724375 0.00590546895258719
0.04726125 0.00590765645251224
0.04727875 0.00590984395243765
0.04729625 0.00591203145236271
0.04731375 0.00591421895228793
0.04733125 0.00591640645221319
0.04734875 0.0059185939521386
0.04736625 0.00592078145206406
0.04738375 0.00592296895198947
0.04740125 0.00592515645191493
0.04741875 0.00592734395184033
0.04743625 0.00592953145176598
0.04745375 0.00593171895169158
0.04747125 0.00593390645161763
0.04748875 0.00593609395154332
0.04750625 0.00593828145146907
0.04752375 0.00594046895139476
0.04754125 0.005942656451321
0.04755875 0.00594484395124692
0.04757625 0.0059470314511729
0.04759375 0.00594921895109901
0.04761125 0.00595140645102506
0.04762875 0.00595359395095127
0.04764625 0.00595578145087734
0.04766375 0.00595796895080364
0.04768125 0.00596015645072989
0.04769875 0.00596234395065639
0.04771625 0.00596453145058275
0.04773375 0.00596671895050919
0.04775125 0.00596890645043584
0.04776875 0.00597109395036238
0.04778625 0.00597328145028873
0.04780375 0.00597546895021557
0.04782125 0.00597765645014231
0.04783875 0.00597984395006895
0.04785625 0.00598203144999579
0.04787375 0.00598421894992282
0.04789125 0.00598640644984975
0.04790875 0.00598859394977668
0.04792625 0.00599078144970376
0.04794375 0.0059929689496306
0.04796125 0.00599515644955777
0.04797875 0.0059973439494849
0.04799625 0.00599953144941198
0.04801375 0.0060017189493392
0.04803125 0.00600390644926666
0.04804875 0.0060060939491939
0.04806625 0.00600828144912146
0.04808375 0.00601046894904867
0.04810125 0.00601265644897613
0.04811875 0.00601484394890386
0.04813625 0.00601703144883171
0.04815375 0.0060192189487593
0.04817125 0.00602140644868703
0.04818875 0.00602359394861491
0.04820625 0.00602578144854273
0.04822375 0.00602796894847062
0.04824125 0.00603015644839844
0.04825875 0.00603234394832651
0.04827625 0.00603453144825453
0.04829375 0.00603671894818277
0.04831125 0.00603890644811114
0.04832875 0.00604109394803928
0.04834625 0.00604328144796749
0.04836375 0.00604546894789574
0.04838125 0.00604765644782429
0.04839875 0.00604984394775282
0.04841625 0.00605203144768123
0.04843375 0.00605421894760986
0.04845125 0.0060564064475385
0.04846875 0.00605859394746723
0.04848625 0.00606078144739584
0.04850375 0.00606296894732466
0.04852125 0.00606515644725359
0.04853875 0.00606734394718241
0.04855625 0.00606953144711132
0.04857375 0.00607171894704023
0.04859125 0.00607390644696926
0.04860875 0.00607609394689826
0.04862625 0.00607828144682729
0.04864375 0.00608046894675658
0.04866125 0.00608265644668589
0.04867875 0.0060848439466153
0.04869625 0.0060870314465446
0.04871375 0.006089218946474
0.04873125 0.0060914064464035
0.04874875 0.00609359394633319
0.04876625 0.00609578144626279
0.04878375 0.00609796894619233
0.04880125 0.00610015644612198
0.04881875 0.00610234394605181
0.04883625 0.00610453144598151
0.04885375 0.0061067189459113
0.04887125 0.00610890644584123
0.04888875 0.00611109394577106
0.04890625 0.00611328144570105
0.04892375 0.00611546894563098
0.04894125 0.00611765644556102
0.04895875 0.006119843945491
0.04897625 0.00612203144542106
0.04899375 0.0061242189453514
0.04901125 0.00612640644528158
0.04902875 0.00612859394521185
0.04904625 0.00613078144514216
0.04906375 0.00613296894507253
0.04908125 0.00613515644500296
0.04909875 0.00613734394493347
0.04911625 0.00613953144486398
0.04913375 0.00614171894479454
0.04915125 0.00614390644472516
0.04916875 0.00614609394465583
0.04918625 0.00614828144458661
0.04920375 0.00615046894451742
0.04922125 0.00615265644444824
0.04923875 0.00615484394437915
0.04925625 0.00615703144431007
0.04927375 0.00615921894424107
0.04929125 0.00616140644417209
0.04930875 0.00616359394410319
0.04932625 0.00616578144403438
0.04934375 0.00616796894396557
0.04936125 0.00617015644389682
0.04937875 0.00617234394382811
0.04939625 0.00617453144375947
0.04941375 0.00617671894369077
0.04943125 0.00617890644362219
0.04944875 0.0061810939435537
0.04946625 0.00618328144348521
0.04948375 0.00618546894341677
0.04950125 0.00618765644334839
0.04951875 0.00618984394328002
0.04953625 0.00619203144321172
0.04955375 0.00619421894314348
0.04957125 0.00619640644307533
0.04958875 0.00619859394300719
0.04960625 0.00620078144293908
0.04962375 0.00620296894287104
0.04964125 0.00620515644280307
0.04965875 0.00620734394273513
0.04967625 0.00620953144266722
0.04969375 0.00621171894259932
0.04971125 0.00621390644253154
0.04972875 0.00621609394246376
0.04974625 0.00621828144239607
0.04976375 0.0062204689423284
0.04978125 0.00622265644226079
0.04979875 0.00622484394219322
0.04981625 0.00622703144212572
0.04983375 0.00622921894205825
0.04985125 0.00623140644199084
0.04986875 0.00623359394192347
0.04988625 0.00623578144185614
0.04990375 0.00623796894178887
0.04992125 0.00624015644172163
0.04993875 0.00624234394165445
0.04995625 0.00624453144158731
0.04997375 0.00624671894152022
0.04999125 0.00624890644145317
