7.5e-05 7.4999999999916e-05
0.000225 0.000125000000000161
0.000375 0.000194999999999998
0.000525 0.000267857142857282
0.000675 0.000341666666666806
0.000825 0.000415909090909134
0.000975 0.000490384615384733
0.001125 0.000565000000000042
0.001275 0.000639705882353053
0.001425 0.000714473684210782
0.001575 0.000789285714285881
0.001725 0.000864130434782708
0.001875 0.000939000000000002
0.002025 0.00101388888888883
0.002175 0.0010887931034479
0.002325 0.00116370967741914
0.002475 0.00123863636363617
0.002625 0.00131357142857156
0.002775 0.00138851351351364
0.002925 0.00146346153846168
0.003075 0.00153841463414632
0.003225 0.00161337209302298
0.003375 0.00168833333333353
0.003525 0.00176329787234095
0.003675 0.0018382653061228
0.003825 0.001913235294118
0.003975 0.00198820754717022
0.004125 0.00206318181818214
0.004275 0.00213815789473709
0.004425 0.00221313559322036
0.004575 0.00228811475409847
0.004725 0.00236309523809535
0.004875 0.00243807692307762
0.005025 0.00251305970149293
0.005175 0.00258804347826152
0.005325 0.00266302816901433
0.005475 0.00273801369863028
0.005625 0.00281300000000027
0.005775 0.00288798701298747
0.005925 0.00296297468354507
0.006075 0.00303796296296335
0.006225 0.00311295180722891
0.006375 0.00318794117647058
0.006525 0.00326293103448236
0.006675 0.00333792134831419
0.006825 0.00341291208791203
0.006975 0.00348790322580622
0.007125 0.00356289473684176
0.007275 0.00363788659793745
0.007425 0.00371287878787816
0.007575 0.003787871287128
0.007725 0.00386286407766903
0.007875 0.00393785714285639
0.008025 0.0040128504672892
0.008175 0.00408784403669683
0.008325 0.00416283783783737
0.008475 0.0042378318584066
0.008625 0.00431282608695627
0.008775 0.00438782051282015
0.008925 0.0044628151260498
0.009075 0.00453780991735509
0.009225 0.00461280487804849
0.009375 0.00468779999999967
0.009525 0.0047627952755903
0.009675 0.00483779069767424
0.009825 0.00491278625954159
0.009975 0.00498778195488646
0.010125 0.0050627777777773
0.010275 0.00513777372262702
0.010425 0.00521276978417195
0.010575 0.00528776595744621
0.010725 0.00536276223776127
0.010875 0.00543775862068861
0.011025 0.00551275510203957
0.011175 0.00558775167785123
0.011325 0.00566274834436972
0.011475 0.00573774509803823
0.011625 0.00581274193548282
0.011775 0.00588773885350186
0.011925 0.00596273584905553
0.012075 0.00603773291925387
0.012225 0.00611273006134901
0.012375 0.00618772727272626
0.012525 0.00626272455089708
0.012675 0.00633772189349026
0.012825 0.00641271929824476
0.012975 0.00648771676300475
0.013125 0.00656271428571366
0.013275 0.00663771186440616
0.013425 0.00671270949720594
0.013575 0.00678770718231985
0.013725 0.00686270491803218
0.013875 0.00693770270270195
0.014025 0.00701270053475839
0.014175 0.00708769841269738
0.014325 0.0071626963350778
0.014475 0.0072376943005174
0.014625 0.00731269230769148
0.014775 0.00738769035532924
0.014925 0.00746268844221024
0.01500875 0.00750437755059632
0.01502625 0.00751312754762781
0.01504375 0.0075218775446655
0.01506125 0.0075306275417032
0.01507875 0.00753937753875328
0.01509625 0.00754812753580411
0.01511375 0.00755687753287203
0.01513125 0.00756562752994069
0.01514875 0.00757437752702175
0.01516625 0.00758312752410281
0.01518375 0.00759187752119626
0.01520125 0.00760062751828971
0.01521875 0.00760937751539555
0.01523625 0.00761812751250759
0.01525375 0.00762687750962582
0.01527125 0.00763562750675025
0.01528875 0.00764437750387543
0.01530625 0.00765312750101149
0.01532375 0.0076618774981607
0.01534125 0.00767062749530371
0.01535875 0.00767937749245912
0.01537625 0.00768812748962691
0.01539375 0.00769687748679471
0.01541125 0.0077056274839687
0.01542875 0.00771437748115508
0.01544625 0.00772312747834766
0.01546375 0.00773187747554023
0.01548125 0.00774062747273901
0.01549875 0.00774937746994474
0.01551625 0.00775812746716133
0.01553375 0.00776687746437869
0.01555125 0.00777562746160224
0.01556875 0.00778437745884438
0.01558625 0.00779312745608033
0.01560375 0.00780187745332247
0.01562125 0.00781062745057158
0.01563875 0.00781937744783773
0.01565625 0.00782812744509226
0.01567375 0.00783687744236538
0.01569125 0.00784562743964469
0.01570875 0.007854377436924
0.01572625 0.00786312743421571
0.01574375 0.00787187743150741
0.01576125 0.0078806274288115
0.01577875 0.0078893774261156
0.01579625 0.00789812742342589
0.01581375 0.00790687742074238
0.01583125 0.00791562741806506
0.01584875 0.00792437741540013
0.01586625 0.0079331274127352
0.01588375 0.00794187741007647
0.01590125 0.00795062740742393
0.01591875 0.00795937740477759
0.01593625 0.00796812740213744
0.01595375 0.0079768773994973
0.01597125 0.00798562739687574
0.01598875 0.00799437739424337
0.01600625 0.00800312739162642
0.01602375 0.00801187738901106
0.01604125 0.00802062738640189
0.01605875 0.00802937738380511
0.01607625 0.00803812738121453
0.01609375 0.00804687737861775
0.01611125 0.00805562737603336
0.01612875 0.00806437737346137
0.01614625 0.00807312737088937
0.01616375 0.00808187736831737
0.01618125 0.00809062736575777
0.01619875 0.00809937736320436
0.01621625 0.00810812736065714
0.01623375 0.00811687735810993
0.01625125 0.00812562735556891
0.01626875 0.00813437735303408
0.01628625 0.00814312735051165
0.01630375 0.00815187734798302
0.01632125 0.00816062734546059
0.01633875 0.00816937734295055
0.01635625 0.0081781273404467
0.01637375 0.00818687733794285
0.01639125 0.00819562733544683
0.01640875 0.00820437733295994
0.01642625 0.00821312733047468
0.01644375 0.00822187732800181
0.01646125 0.00823062732552275
0.01647875 0.00823937732306227
0.01649625 0.0082481273205956
0.01651375 0.00825687731814751
0.01653125 0.00826562731570562
0.01654875 0.00827437731326373
0.01656625 0.00828312731082183
0.01658375 0.00829187730839233
0.01660125 0.00830062730595663
0.01661875 0.00830937730352713
0.01663625 0.00831812730111002
0.01665375 0.00832687729868672
0.01667125 0.0083356272962758
0.01668875 0.00834437729386489
0.01670625 0.00835312729146017
0.01672375 0.00836187728906784
0.01674125 0.00837062728667551
0.01675875 0.00837937728427865
0.01677625 0.00838812728189538
0.01679375 0.00839687727952497
0.01681125 0.00840562727714956
0.01682875 0.00841437727477582
0.01684625 0.00842312727242066
0.01686375 0.00843187727005931
0.01688125 0.00844062726771035
0.01689875 0.00844937726536139
0.01691625 0.00845812726301863
0.01693375 0.00846687726067586
0.01695125 0.00847562725834549
0.01696875 0.00848437725600892
0.01698625 0.00849312725369093
0.01700375 0.00850187725136676
0.01702125 0.00851062724904877
0.01703875 0.00851937724674318
0.01705625 0.00852812724443759
0.01707375 0.00853687724213819
0.01709125 0.00854562723985118
0.01710875 0.00855437723755179
0.01712625 0.00856312723526478
0.01714375 0.00857187723299017
0.01716125 0.00858062723070935
0.01717875 0.00858937722843474
0.01719625 0.00859812722616803
0.01721375 0.00860687722391029
0.01723125 0.00861562722164807
0.01724875 0.00862437721938584
0.01726625 0.0086331272171422
0.01728375 0.00864187721489857
0.01730125 0.00865062721265493
0.01731875 0.00865937721042368
0.01733625 0.00866812720819863
0.01735375 0.00867687720596119
0.01737125 0.00868562720374233
0.01738875 0.00869437720152347
0.01740625 0.00870312719930462
0.01742375 0.00871187719710435
0.01744125 0.00872062719489788
0.01745875 0.00872937719269761
0.01747625 0.00873812719049734
0.01749375 0.00874687718830327
0.01751125 0.00875562718612158
0.01752875 0.0087643771839461
0.01754625 0.00877312718175822
0.01756375 0.00878187717959067
0.01758125 0.00879062717741789
0.01759875 0.00879937717525208
0.01761625 0.00880812717309169
0.01763375 0.00881687717093828
0.01765125 0.00882562716879202
0.01766875 0.00883437716664751
0.01768625 0.00884312716449681
0.01770375 0.00885187716235849
0.01772125 0.00886062716022637
0.01773875 0.00886937715809425
0.01775625 0.00887812715596213
0.01777375 0.0088868771538424
0.01779125 0.00889562715172887
0.01780875 0.00890437714960914
0.01782625 0.0089131271474956
0.01784375 0.00892187714539446
0.01786125 0.00893062714329332
0.01787875 0.00893937714119837
0.01789625 0.00894812713910342
0.01791375 0.00895687713701467
0.01793125 0.00896562713491973
0.01794875 0.00897437713282478
0.01796625 0.00898312713075639
0.01798375 0.00899187712869505
0.01800125 0.00900062712661606
0.01801875 0.00900937712453792
0.01803625 0.00901812712249253
0.01805375 0.00902687712044095
0.01807125 0.00903562711839557
0.01808875 0.00904437711635019
0.01810625 0.009053127114311
0.01812375 0.00906187711227181
0.01814125 0.00907062711025121
0.01815875 0.00907937710821822
0.01817625 0.00908812710619761
0.01819375 0.00909687710417701
0.01821125 0.00910562710215641
0.01822875 0.00911437710015439
0.01824625 0.00912312709814618
0.01826375 0.00913187709613797
0.01828125 0.00914062709414215
0.01829875 0.00914937709214633
0.01831625 0.00915812709014431
0.01833375 0.00916687708816088
0.01835125 0.00917562708618365
0.01836875 0.00918437708418965
0.01838625 0.00919312708220258
0.01840375 0.00920187708022899
0.01842125 0.00921062707826232
0.01843875 0.00921937707628509
0.01845625 0.00922812707430785
0.01847375 0.00923687707233681
0.01849125 0.00924562707037197
0.01850875 0.00925437706840713
0.01852625 0.00926312706644848
0.01854375 0.00927187706448983
0.01856125 0.00928062706253738
0.01857875 0.00928937706058493
0.01859625 0.00929812705864487
0.01861375 0.00930687705668622
0.01863125 0.00931562705475855
0.01864875 0.00932437705281849
0.01866625 0.00933312705088462
0.01868375 0.00934187704896315
0.01870125 0.00935062704704167
0.01871875 0.009359377045114
0.01873625 0.00936812704319872
0.01875375 0.00937687704128344
0.01877125 0.00938562703938241
0.01878875 0.0093943770374758
0.01880625 0.00940312703557664
0.01882375 0.00941187703368428
0.01884125 0.00942062703179378
0.01885875 0.00942937702990328
0.01887625 0.00943812702802517
0.01889375 0.00944687702614707
0.01891125 0.00945562702426896
0.01892875 0.00946437702240324
0.01894625 0.00947312702053133
0.01896375 0.00948187701867181
0.01898125 0.00949062701680609
0.01899875 0.00949937701494658
0.01901625 0.00950812701309945
0.01903375 0.00951687701124612
0.01905125 0.00952562700939279
0.01906875 0.00953437700754566
0.01908625 0.00954312700571092
0.01910375 0.00955187700387619
0.01912125 0.00956062700204145
0.01913875 0.00956937700020241
0.01915625 0.00957812699837627
0.01917375 0.00958687699655152
0.01919125 0.00959562699473157
0.01920875 0.00960437699291922
0.01922625 0.00961312699109497
0.01924375 0.00962187698928501
0.01926125 0.00963062698748744
0.01927875 0.00963937698568988
0.01929625 0.00964812698389231
0.01931375 0.00965687698210094
0.01933125 0.00966562698031577
0.01934875 0.00967437697853059
0.01936625 0.00968312697674541
0.01938375 0.00969187697496024
0.01940125 0.00970062697317506
0.01941875 0.00970937697140228
0.01943625 0.00971812696963569
0.01945375 0.0097268769678691
0.01947125 0.00973562696610251
0.01948875 0.00974437696434831
0.01950625 0.00975312696258792
0.01952375 0.00976187696083372
0.01954125 0.00977062695908572
0.01955875 0.00977937695733772
0.01957625 0.00978812695557926
0.01959375 0.00979687695382932
0.01961125 0.00980562695207512
0.01962875 0.00981437695032712
0.01964625 0.00982312694859151
0.01966375 0.0098318769468497
0.01968125 0.00984062694511409
0.01969875 0.00984937694337848
0.01971625 0.00985812694164906
0.01973375 0.00986687693991964
0.01975125 0.00987562693820262
0.01976875 0.00988437693648559
0.01978625 0.00989312693476857
0.01980375 0.00990187693306393
0.01982125 0.0099106269313593
0.01983875 0.00991937692965466
0.01985625 0.00992812692795003
0.01987375 0.00993687692625159
0.01989125 0.00994562692455934
0.01990875 0.00995437692287527
0.01992625 0.00996312692119147
0.01994375 0.00997187691950318
0.01996125 0.00998062691782556
0.01997875 0.00998937691614347
0.01999625 0.00999812691447205
0.02001375 0.01000687691279
0.02003125 0.0100156269111247
0.02004875 0.010024376909455
0.02006625 0.0100331269077918
0.02008375 0.0100418769061367
0.02010125 0.0100506269044816
0.02011875 0.0100593769028328
0.02013625 0.0100681269011901
0.02015375 0.0100768768995412
0.02017125 0.0100856268978985
0.02018875 0.0100943768962621
0.02020625 0.0101031268946194
0.02022375 0.0101118768929891
0.02024125 0.0101206268913588
0.02025875 0.0101293768897285
0.02027625 0.0101381268881002
0.02029375 0.0101468768864659
0.02031125 0.0101556268848458
0.02032875 0.0101643768832177
0.02034625 0.0101731268816039
0.02036375 0.0101818768799757
0.02038125 0.0101906268783681
0.02039875 0.0101993768767523
0.02041625 0.0102081268751509
0.02043375 0.0102168768735351
0.02045125 0.0102256268719398
0.02046875 0.0102343768703323
0.02048625 0.0102431268687268
0.02050375 0.0102518768671213
0.02052125 0.0102606268655282
0.02053875 0.0102693768639289
0.02055625 0.0102781268623419
0.02057375 0.0102868768607426
0.02059125 0.0102956268591619
0.02060875 0.010304376857575
0.02062625 0.0103131268559943
0.02064375 0.0103218768544135
0.02066125 0.010330626852839
0.02067875 0.0103393768512645
0.02069625 0.0103481268496837
0.02071375 0.0103568768481237
0.02073125 0.0103656268465698
0.02074875 0.0103743768450056
0.02076625 0.0103831268434579
0.02078375 0.0103918768418999
0.02080125 0.010400626840346
0.02081875 0.0104093768387942
0.02083625 0.0104181268372424
0.02085375 0.0104268768357112
0.02087125 0.0104356268341739
0.02088875 0.0104443768326427
0.02090625 0.0104531268311177
0.02092375 0.0104618768295866
0.02094125 0.0104706268280616
0.02095875 0.0104793768265428
0.02097625 0.0104881268250241
0.02099375 0.0104968768235053
0.02101125 0.0105056268219989
0.02102875 0.0105143768204801
0.02104625 0.01052312681898
0.02106375 0.0105318768174736
0.02108125 0.0105406268159734
0.02109875 0.0105493768144732
0.02111625 0.010558126812973
0.02113375 0.010566876811479
0.02115125 0.0105756268099809
0.02116875 0.0105843768084787
0.02118625 0.0105931268069847
0.02120375 0.0106018768054907
0.02122125 0.0106106268040029
0.02123875 0.0106193768025151
0.02125625 0.0106281268010211
0.02127375 0.0106368767995333
0.02129125 0.0106456267980517
0.02130875 0.0106543767965701
0.02132625 0.0106631267950885
0.02134375 0.0106718767936131
0.02136125 0.0106806267921377
0.02137875 0.0106893767906747
0.02139625 0.0106981267892117
0.02141375 0.0107068767877487
0.02143125 0.0107156267862857
0.02144875 0.0107243767848288
0.02146625 0.0107331267833782
0.02148375 0.0107418767819214
0.02150125 0.0107506267804708
0.02151875 0.0107593767790223
0.02153625 0.0107681267775736
0.02155375 0.0107768767761211
0.02157125 0.0107856267746847
0.02158875 0.0107943767732446
0.02160625 0.0108031267718104
0.02162375 0.0108118767703722
0.02164125 0.0108206267689463
0.02165875 0.0108293767675143
0.02167625 0.0108381267660885
0.02169375 0.0108468767646626
0.02171125 0.0108556267632368
0.02172875 0.0108643767618233
0.02174625 0.0108731267604037
0.02176375 0.0108818767589902
0.02178125 0.0108906267575768
0.02179875 0.0108993767561634
0.02181625 0.0109081267547499
0.02183375 0.0109168767533488
0.02185125 0.0109256267519416
0.02186875 0.0109343767505405
0.02188625 0.0109431267491416
0.02190375 0.0109518767477424
0.02192125 0.0109606267463519
0.02193875 0.0109693767449589
0.02195625 0.0109781267435684
0.02197375 0.0109868767421878
0.02199125 0.0109956267407973
0.02200875 0.0110043767394166
0.02202625 0.0110131267380323
0.02204375 0.0110218767366579
0.02206125 0.0110306267352798
0.02207875 0.0110393767339075
0.02209625 0.0110481267325374
0.02211375 0.0110568767311735
0.02213125 0.0110656267298097
0.02214875 0.011074376728452
0.02216625 0.0110831267270943
0.02218375 0.0110918767257366
0.02220125 0.0111006267243789
0.02221875 0.0111093767230336
0.02223625 0.0111181267216883
0.02225375 0.0111268767203368
0.02227125 0.0111356267189853
0.02228875 0.0111443767176422
0.02230625 0.0111531267162925
0.02232375 0.0111618767149516
0.02234125 0.0111706267136081
0.02235875 0.0111793767122672
0.02237625 0.0111881267109175
0.02239375 0.0111968767095766
0.02241125 0.0112056267082455
0.02242875 0.011214376706917
0.02244625 0.0112231267055881
0.02246375 0.0112318767042552
0.02248125 0.0112406267029223
0.02249875 0.0112493767015955
0.02251625 0.011258126700275
0.02253375 0.0112668766989545
0.02255125 0.0112756266976278
0.02256875 0.0112843766963073
0.02258625 0.0112931266949868
0.02260375 0.0113018766936662
0.02262125 0.0113106266923519
0.02263875 0.0113193766910314
0.02265625 0.0113281266897233
0.02267375 0.0113368766884152
0.02269125 0.011345626687107
0.02270875 0.0113543766857989
0.02272625 0.0113631266844992
0.02274375 0.0113718766832114
0.02276125 0.0113806266819139
0.02277875 0.011389376680616
0.02279625 0.0113981266793326
0.02281375 0.0114068766780408
0.02283125 0.011415626676762
0.02284875 0.0114243766754741
0.02286625 0.0114331266741953
0.02288375 0.0114418766729159
0.02290125 0.0114506266716449
0.02291875 0.0114593766703678
0.02293625 0.011468126669103
0.02295375 0.0114768766678383
0.02297125 0.0114856266665673
0.02298875 0.0114943766653026
0.02300625 0.0115031266640316
0.02302375 0.0115118766627668
0.02304125 0.0115206266615021
0.02305875 0.0115293766602458
0.02307625 0.0115381266589765
0.02309375 0.0115468766577225
0.02311125 0.0115556266564593
0.02312875 0.0115643766552116
0.02314625 0.0115731266539546
0.02316375 0.0115818766527068
0.02318125 0.0115906266514561
0.02319875 0.0115993766502145
0.02321625 0.0116081266489699
0.02323375 0.0116168766477283
0.02325125 0.0116256266464838
0.02326875 0.0116343766452484
0.02328625 0.0116431266440061
0.02330375 0.0116518766427661
0.02332125 0.0116606266415262
0.02333875 0.0116693766402862
0.02335625 0.0116781266390524
0.02337375 0.0116868766378248
0.02339125 0.0116956266366034
0.02340875 0.0117043766353727
0.02342625 0.011713126634163
0.02344375 0.0117218766329462
0.02346125 0.0117306266317233
0.02347875 0.0117393766305127
0.02349625 0.0117481266292929
0.02351375 0.0117568766280885
0.02353125 0.011765626626878
0.02354875 0.0117743766256705
0.02356625 0.0117831266244662
0.02358375 0.011791876623268
0.02360125 0.0118006266220575
0.02361875 0.0118093766208593
0.02363625 0.011818126619655
0.02365375 0.011826876618463
0.02367125 0.011835626617268
0.02368875 0.011844376616076
0.02370625 0.0118531266148748
0.02372375 0.011861876613692
0.02374125 0.0118706266125032
0.02375875 0.0118793766113128
0.02377625 0.0118881266101177
0.02379375 0.0118968766089413
0.02381125 0.0119056266077586
0.02382875 0.0119143766065853
0.02384625 0.0119231266053994
0.02386375 0.0119318766042261
0.02388125 0.0119406266030434
0.02389875 0.0119493766018794
0.02391625 0.0119581266007059
0.02393375 0.0119668765995357
0.02395125 0.0119756265983684
0.02396875 0.0119843765972014
0.02398625 0.0119931265960279
0.02400375 0.0120018765948701
0.02402125 0.0120106265936997
0.02403875 0.0120193765925481
0.02405625 0.012028126591387
0.02407375 0.0120368765902293
0.02409125 0.0120456265890743
0.02410875 0.0120543765879259
0.02412625 0.0120631265867765
0.02414375 0.012071876585617
0.02416125 0.0120806265844638
0.02417875 0.0120893765833136
0.02419625 0.0120981265821597
0.02421375 0.0121068765810171
0.02423125 0.0121156265798811
0.02424875 0.0121243765787354
0.02426625 0.0121331265775963
0.02428375 0.012141876576463
0.02430125 0.0121506265753239
0.02431875 0.0121593765741875
0.02433625 0.0121681265730577
0.02435375 0.0121768765719244
0.02437125 0.0121856265707946
0.02438875 0.0121943765696675
0.02440625 0.0122031265685377
0.02442375 0.012211876567423
0.02444125 0.0122206265662962
0.02445875 0.0122293765651722
0.02447625 0.0122381265640548
0.02449375 0.0122468765629363
0.02451125 0.0122556265618234
0.02452875 0.0122643765607135
0.02454625 0.0122731265596129
0.02456375 0.012281876558503
0.02458125 0.0122906265573994
0.02459875 0.0122993765562926
0.02461625 0.0123081265551827
0.02463375 0.0123168765540753
0.02465125 0.0123256265529729
0.02466875 0.0123343765518741
0.02468625 0.0123431265507717
0.02470375 0.0123518765496761
0.02472125 0.0123606265485737
0.02473875 0.0123693765474811
0.02475625 0.012378126546388
0.02477375 0.0123868765452923
0.02479125 0.0123956265442023
0.02480875 0.0124043765431222
0.02482625 0.0124131265420253
0.02484375 0.0124218765409402
0.02486125 0.0124306265398582
0.02487875 0.0124393765387762
0.02489625 0.0124481265376912
0.02491375 0.0124568765366123
0.02493125 0.0124656265355365
0.02494875 0.0124743765344576
0.02496625 0.0124831265333818
0.02498375 0.0124918765323122
0.02500125 0.0125006265312395
0.02501875 0.0125093765301668
0.02503625 0.0125181265290972
0.02505375 0.0125268765280307
0.02507125 0.0125356265269642
0.02508875 0.0125443765258976
0.02510625 0.0125531265248305
0.02512375 0.0125618765237683
0.02514125 0.0125706265227068
0.02515875 0.0125793765216508
0.02517625 0.0125881265205955
0.02519375 0.0125968765195358
0.02521125 0.0126056265184817
0.02522875 0.0126143765174245
0.02524625 0.0126231265163704
0.02526375 0.0126318765153224
0.02528125 0.0126406265142745
0.02529875 0.0126493765132266
0.02531625 0.0126581265121818
0.02533375 0.0126668765111246
0.02535125 0.0126756265100798
0.02536875 0.0126843765090318
0.02538625 0.0126931265079839
0.02540375 0.0127018765069422
0.02542125 0.0127106265059067
0.02543875 0.0127193765048711
0.02545625 0.0127281265038325
0.02547375 0.0127368765028032
0.02549125 0.0127456265017708
0.02550875 0.0127543765007383
0.02552625 0.012763126499709
0.02554375 0.0127718764986853
0.02556125 0.0127806264976596
0.02557875 0.0127893764966396
0.02559625 0.0127981264956257
0.02561375 0.0128068764946088
0.02563125 0.0128156264935919
0.02564875 0.012824376492578
0.02566625 0.0128331264915611
0.02568375 0.0128418764905441
0.02570125 0.0128506264895272
0.02571875 0.0128593764885134
0.02573625 0.0128681264875026
0.02575375 0.0128768764864919
0.02577125 0.012885626485478
0.02578875 0.0128943764844797
0.02580625 0.0129031264834751
0.02582375 0.0129118764824768
0.02584125 0.0129206264814722
0.02585875 0.0129293764804677
0.02587625 0.0129381264794631
0.02589375 0.0129468764784679
0.02591125 0.0129556264774597
0.02592875 0.0129643764764593
0.02594625 0.0129731264754661
0.02596375 0.0129818764744657
0.02598125 0.0129906264734725
0.02599875 0.0129993764724808
0.02601625 0.0130081264714856
0.02603375 0.0130168764704996
0.02605125 0.0130256264695136
0.02606875 0.0130343764685215
0.02608625 0.0130431264675386
0.02610375 0.0130518764665558
0.02612125 0.0130606264655698
0.02613875 0.0130693764645931
0.02615625 0.0130781264636164
0.02617375 0.0130868764626336
0.02619125 0.0130956264616569
0.02620875 0.0131043764606802
0.02622625 0.0131131264597036
0.02624375 0.01312187645873
0.02626125 0.0131306264577626
0.02627875 0.0131393764567886
0.02629625 0.0131481264558253
0.02631375 0.0131568764548538
0.02633125 0.0131656264538905
0.02634875 0.0131743764529221
0.02636625 0.013183126451965
0.02638375 0.0131918764509998
0.02640125 0.0132006264500365
0.02641875 0.0132093764490774
0.02643625 0.0132181264481167
0.02645375 0.0132268764471617
0.02647125 0.0132356264462068
0.02648875 0.0132443764452518
0.02650625 0.0132531264442968
0.02652375 0.013261876443348
0.02654125 0.0132706264423961
0.02655875 0.0132793764414442
0.02657625 0.0132881264404923
0.02659375 0.0132968764395435
0.02661125 0.0133056264385978
0.02662875 0.0133143764376552
0.02664625 0.013323126436706
0.02666375 0.0133318764357612
0.02668125 0.0133406264348239
0.02669875 0.013349376433876
0.02671625 0.0133581264329418
0.02673375 0.0133668764320001
0.02675125 0.0133756264310659
0.02676875 0.0133843764301242
0.02678625 0.0133931264291962
0.02680375 0.0134018764282638
0.02682125 0.0134106264273358
0.02683875 0.0134193764263941
0.02685625 0.0134281264254723
0.02687375 0.0134368764245425
0.02689125 0.0134456264236154
0.02690875 0.0134543764226821
0.02692625 0.013463126421755
0.02694375 0.013471876420831
0.02696125 0.013480626419907
0.02697875 0.0134893764189919
0.02699625 0.013498126418078
0.02701375 0.0135068764171501
0.02703125 0.0135156264162393
0.02704875 0.0135243764153206
0.02706625 0.0135331264144036
0.02708375 0.0135418764134912
0.02710125 0.0135506264125773
0.02711875 0.0135593764116618
0.02713625 0.0135681264107634
0.02715375 0.0135768764098478
0.02717125 0.0135856264089401
0.02718875 0.0135943764080308
0.02720625 0.0136031264071231
0.02722375 0.0136118764062199
0.02724125 0.0136206264053184
0.02725875 0.0136293764044153
0.02727625 0.01363812640352
0.02729375 0.0136468764026138
0.02731125 0.0136556264017149
0.02732875 0.0136643764008219
0.02734625 0.0136731263999192
0.02736375 0.0136818763990269
0.02738125 0.0136906263981362
0.02739875 0.0136993763972408
0.02741625 0.0137081263963502
0.02743375 0.0137168763954579
0.02745125 0.0137256263945672
0.02746875 0.0137343763936811
0.02748625 0.0137431263927966
0.02750375 0.0137518763919074
0.02752125 0.0137606263910198
0.02753875 0.0137693763901368
0.02755625 0.0137781263892586
0.02757375 0.0137868763883756
0.02759125 0.0137956263874942
0.02760875 0.0138043763866174
0.02762625 0.013813126385736
0.02764375 0.0138218763848561
0.02766125 0.013830626383984
0.02767875 0.0138393763831072
0.02769625 0.0138481263822382
0.02771375 0.013856876381361
0.02773125 0.0138656263804866
0.02774875 0.0138743763796122
0.02776625 0.0138831263787346
0.02778375 0.0138918763778629
0.02780125 0.0139006263769985
0.02781875 0.0139093763761326
0.02783625 0.0139181263752743
0.02785375 0.0139268763744054
0.02787125 0.0139356263735409
0.02788875 0.0139443763726813
0.02790625 0.0139531263718199
0.02792375 0.0139618763709603
0.02794125 0.0139706263700989
0.02795875 0.0139793763692393
0.02797625 0.0139881263683779
0.02799375 0.0139968763675214
0.02801125 0.0140056263666693
0.02802875 0.014014376365819
0.02804625 0.0140231263649603
0.02806375 0.0140318763641107
0.02808125 0.0140406263632579
0.02809875 0.0140493763624113
0.02811625 0.0140581263615617
0.02813375 0.0140668763607151
0.02815125 0.0140756263598685
0.02816875 0.0140843763590251
0.02818625 0.0140931263581785
0.02820375 0.0141018763573381
0.02822125 0.0141106263564975
0.02823875 0.0141193763556608
0.02825625 0.0141281263548167
0.02827375 0.0141368763539831
0.02829125 0.0141456263531453
0.02830875 0.0141543763523086
0.02832625 0.0141631263514707
0.02834375 0.0141718763506371
0.02836125 0.0141806263498024
0.02837875 0.0141893763489781
0.02839625 0.0141981263481402
0.02841375 0.0142068763473063
0.02843125 0.0142156263464877
0.02844875 0.0142243763456566
0.02846625 0.0142331263448286
0.02848375 0.0142418763440037
0.02850125 0.0142506263431788
0.02851875 0.014259376342354
0.02853625 0.0142681263415322
0.02855375 0.0142768763407073
0.02857125 0.0142856263398855
0.02858875 0.0142943763390637
0.02860625 0.014303126338245
0.02862375 0.0143118763374294
0.02864125 0.0143206263366139
0.02865875 0.0143293763357918
0.02867625 0.0143381263349736
0.02869375 0.0143468763341575
0.02871125 0.0143556263333487
0.02872875 0.0143643763325326
0.02874625 0.0143731263317206
0.02876375 0.0143818763309107
0.02878125 0.0143906263301077
0.02879875 0.0143993763292983
0.02881625 0.0144081263284827
0.02883375 0.0144168763276703
0.02885125 0.014425626326864
0.02886875 0.0144343763260577
0.02888625 0.0144431263252576
0.02890375 0.0144518763244513
0.02892125 0.0144606263236512
0.02893875 0.0144693763228511
0.02895625 0.0144781263220541
0.02897375 0.0144868763212509
0.02899125 0.0144956263204539
0.02900875 0.0145043763196569
0.02902625 0.014513126318863
0.02904375 0.0145218763180691
0.02906125 0.0145306263172751
0.02907875 0.0145393763164812
0.02909625 0.0145481263156904
0.02911375 0.0145568763149056
0.02913125 0.014565626314115
0.02914875 0.0145743763133273
0.02916625 0.0145831263125458
0.02918375 0.014591876311755
0.02920125 0.0146006263109704
0.02921875 0.0146093763101858
0.02923625 0.0146181263093981
0.02925375 0.0146268763086165
0.02927125 0.0146356263078319
0.02928875 0.0146443763070504
0.02930625 0.014653126306272
0.02932375 0.0146618763054936
0.02934125 0.0146706263047121
0.02935875 0.0146793763039367
0.02937625 0.0146881263031583
0.02939375 0.0146968763023799
0.02941125 0.0147056263016108
0.02942875 0.0147143763008324
0.02944625 0.0147231263000602
0.02946375 0.014731876299291
0.02948125 0.0147406262985188
0.02949875 0.0147493762977433
0.02951625 0.0147581262969683
0.02953375 0.014766876296202
0.02955125 0.0147756262954332
0.02956875 0.014784376294673
0.02958625 0.0147931262939103
0.02960375 0.014801876293138
0.02962125 0.014810626292372
0.02963875 0.0148193762916091
0.02965625 0.0148281262908462
0.02967375 0.0148368762900863
0.02969125 0.0148456262893234
0.02970875 0.0148543762885636
0.02972625 0.0148631262878099
0.02974375 0.0148718762870501
0.02976125 0.0148806262862903
0.02977875 0.0148893762855366
0.02979625 0.014898126284783
0.02981375 0.0149068762840263
0.02983125 0.0149156262832757
0.02984875 0.0149243762825221
0.02986625 0.0149331262817714
0.02988375 0.0149418762810274
0.02990125 0.0149506262802704
0.02991875 0.0149593762795263
0.02993625 0.0149681262787755
0.02995375 0.0149768762780283
0.02997125 0.0149856262772837
0.02998875 0.0149943762765427
0.03000625 0.0150031262757919
0.03002375 0.0150118762750539
0.03004125 0.0150206262743127
0.03005875 0.0150293762735714
0.03007625 0.0150381262728302
0.03009375 0.0150468762720889
0.03011125 0.0150556262713508
0.03012875 0.0150643762706126
0.03014625 0.0150731262698714
0.03016375 0.0150818762691395
0.03018125 0.0150906262683982
0.03019875 0.0150993762676662
0.03021625 0.0151081262669282
0.03023375 0.0151168762661961
0.03025125 0.0151256262654643
0.03026875 0.0151343762647353
0.03028625 0.0151431262640004
0.03030375 0.0151518762632745
0.03032125 0.0151606262625396
0.03033875 0.0151693762618137
0.03035625 0.015178126261085
0.03037375 0.0151868762603591
0.03039125 0.0151956262596366
0.03040875 0.0152043762589107
0.03042625 0.015213126258182
0.03044375 0.0152218762574591
0.03046125 0.0152306262567397
0.03047875 0.015239376256017
0.03049625 0.0152481262552913
0.03051375 0.0152568762545686
0.03053125 0.015265626253849
0.03054875 0.0152743762531326
0.03056625 0.0152831262524253
0.03058375 0.015291876251709
0.03060125 0.0153006262509862
0.03061875 0.0153093762502761
0.03063625 0.0153181262495565
0.03065375 0.0153268762488369
0.03067125 0.0153356262481297
0.03068875 0.0153443762474164
0.03070625 0.0153531262467061
0.03072375 0.0153618762459927
0.03074125 0.0153706262452917
0.03075875 0.0153793762445815
0.03077625 0.0153881262438743
0.03079375 0.0153968762431734
0.03081125 0.0154056262424631
0.03082875 0.015414376241759
0.03084625 0.015423126241058
0.03086375 0.015431876240354
0.03088125 0.0154406262396499
0.03089875 0.0154493762389458
0.03091625 0.015458126238248
0.03093375 0.015466876237547
0.03095125 0.015475626236846
0.03096875 0.015484376236145
0.03098625 0.0154931262354503
0.03100375 0.0155018762347524
0.03102125 0.0155106262340545
0.03103875 0.0155193762333597
0.03105625 0.0155281262326619
0.03107375 0.0155368762319702
0.03109125 0.0155456262312661
0.03110875 0.0155543762305775
0.03112625 0.0155631262298889
0.03114375 0.0155718762291942
0.03116125 0.0155806262285056
0.03117875 0.0155893762278139
0.03119625 0.0155981262271253
0.03121375 0.0156068762264367
0.03123125 0.0156156262257512
0.03124875 0.0156243762250689
0.03126625 0.0156331262243834
0.03128375 0.0156418762236948
0.03130125 0.0156506262230124
0.03131875 0.0156593762223269
0.03133625 0.0156681262216414
0.03135375 0.0156768762209621
0.03137125 0.0156856262202859
0.03138875 0.0156943762196067
0.03140625 0.0157031262189305
0.03142375 0.0157118762182512
0.03144125 0.015720626217575
0.03145875 0.0157293762168958
0.03147625 0.0157381262162164
0.03149375 0.0157468762155433
0.03151125 0.0157556262148671
0.03152875 0.0157643762141941
0.03154625 0.0157731262135178
0.03156375 0.0157818762128447
0.03158125 0.0157906262121748
0.03159875 0.0157993762115017
0.03161625 0.0158081262108285
0.03163375 0.0158168762101647
0.03165125 0.0158256262094948
0.03166875 0.0158343762088279
0.03168625 0.0158431262081578
0.03170375 0.0158518762074909
0.03172125 0.0158606262068303
0.03173875 0.0158693762061572
0.03175625 0.0158781262054933
0.03177375 0.0158868762048295
0.03179125 0.0158956262041627
0.03180875 0.015904376203502
0.03182625 0.0159131262028412
0.03184375 0.0159218762021774
0.03186125 0.0159306262015201
0.03187875 0.0159393762008591
0.03189625 0.0159481262002015
0.03191375 0.0159568761995439
0.03193125 0.0159656261988866
0.03194875 0.0159743761982318
0.03196625 0.0159831261975773
0.03198375 0.0159918761969197
0.03200125 0.0160006261962624
0.03201875 0.0160093761956168
0.03203625 0.0160181261949592
0.03205375 0.0160268761943049
0.03207125 0.0160356261936535
0.03208875 0.016044376193005
0.03210625 0.0160531261923536
0.03212375 0.0160618761916992
0.03214125 0.016070626191054
0.03215875 0.0160793761904055
0.03217625 0.0160881261897572
0.03219375 0.0160968761891124
0.03221125 0.0161056261884637
0.03222875 0.0161143761878154
0.03224625 0.0161231261871733
0.03226375 0.0161318761865285
0.03228125 0.016140626185889
0.03229875 0.0161493761852438
0.03231625 0.0161581261846048
0.03233375 0.0161668761839631
0.03235125 0.0161756261833237
0.03236875 0.0161843761826877
0.03238625 0.0161931261820425
0.03240375 0.0162018761814071
0.03242125 0.0162106261807645
0.03243875 0.0162193761801286
0.03245625 0.0162281261794926
0.03247375 0.0162368761788603
0.03249125 0.0162456261782239
0.03250875 0.016254376177588
0.03252625 0.0162631261769587
0.03254375 0.0162718761763254
0.03256125 0.0162806261756895
0.03257875 0.0162893761750598
0.03259625 0.0162981261744275
0.03261375 0.0163068761737972
0.03263125 0.0163156261731737
0.03264875 0.0163243761725409
0.03266625 0.0163331261719117
0.03268375 0.0163418761712814
0.03270125 0.0163506261706548
0.03271875 0.0163593761700281
0.03273625 0.0163681261694052
0.03275375 0.0163768761687811
0.03277125 0.0163856261681575
0.03278875 0.0163943761675309
0.03280625 0.0164031261669111
0.03282375 0.0164118761662869
0.03284125 0.0164206261656696
0.03285875 0.0164293761650492
0.03287625 0.0164381261644294
0.03289375 0.0164468761638083
0.03291125 0.016455626163191
0.03292875 0.0164643761625712
0.03294625 0.0164731261619563
0.03296375 0.0164818761613359
0.03298125 0.0164906261607216
0.03299875 0.016499376160105
0.03301625 0.0165081261594931
0.03303375 0.0165168761588789
0.03305125 0.0165256261582647
0.03306875 0.0165343761576542
0.03308625 0.0165431261570393
0.03310375 0.0165518761564281
0.03312125 0.0165606261558201
0.03313875 0.0165693761552097
0.03315625 0.0165781261546009
0.03317375 0.0165868761539867
0.03319125 0.0165956261533817
0.03320875 0.0166043761527683
0.03322625 0.0166131261521625
0.03324375 0.0166218761515576
0.03326125 0.0166306261509531
0.03327875 0.0166393761503481
0.03329625 0.0166481261497428
0.03331375 0.0166568761491409
0.03333125 0.0166656261485333
0.03334875 0.0166743761479314
0.03336625 0.0166831261473292
0.03338375 0.0166918761467304
0.03340125 0.0167006261461294
0.03341875 0.0167093761455329
0.03343625 0.0167181261449311
0.03345375 0.0167268761443292
0.03347125 0.0167356261437283
0.03348875 0.0167443761431286
0.03350625 0.0167531261425392
0.03352375 0.0167618761419373
0.03354125 0.0167706261413426
0.03355875 0.0167793761407491
0.03357625 0.0167881261401535
0.03359375 0.0167968761395614
0.03361125 0.0168056261389688
0.03362875 0.0168143761383727
0.03364625 0.0168231261377802
0.03366375 0.0168318761371881
0.03368125 0.0168406261365986
0.03369875 0.0168493761360118
0.03371625 0.0168581261354223
0.03373375 0.0168668761348334
0.03375125 0.016875626134247
0.03376875 0.0168843761336571
0.03378625 0.0168931261330707
0.03380375 0.0169018761324848
0.03382125 0.0169106261318985
0.03383875 0.0169193761313116
0.03385625 0.0169281261307284
0.03387375 0.0169368761301461
0.03389125 0.0169456261295587
0.03390875 0.0169543761289786
0.03392625 0.0169631261283953
0.03394375 0.0169718761278162
0.03396125 0.0169806261272381
0.03397875 0.0169893761266548
0.03399625 0.0169981261260721
0.03401375 0.0170068761254981
0.03403125 0.0170156261249205
0.03404875 0.0170243761243373
0.03406625 0.0170331261237608
0.03408375 0.0170418761231868
0.03410125 0.0170506261226092
0.03411875 0.0170593761220352
0.03413625 0.0170681261214618
0.03415375 0.0170768761208878
0.03417125 0.0170856261203133
0.03418875 0.0170943761197424
0.03420625 0.0171031261191628
0.03422375 0.0171118761185889
0.03424125 0.0171206261180236
0.03425875 0.0171293761174527
0.03427625 0.01713812611688
0.03429375 0.017146876116311
0.03431125 0.0171556261157432
0.03432875 0.0171643761151761
0.03434625 0.0171731261146021
0.03436375 0.0171818761140337
0.03438125 0.017190626113469
0.03439875 0.0171993761129019
0.03441625 0.0172081261123341
0.03443375 0.0172168761117719
0.03445125 0.0172256261112072
0.03446875 0.0172343761106432
0.03448625 0.0172431261100816
0.03450375 0.0172518761095163
0.03452125 0.0172606261089578
0.03453875 0.0172693761083938
0.03455625 0.0172781261078353
0.03457375 0.01728687610727
0.03459125 0.0172956261067115
0.03460875 0.0173043761061537
0.03462625 0.0173131261055952
0.03464375 0.0173218761050361
0.03466125 0.0173306261044814
0.03467875 0.0173393761039222
0.03469625 0.0173481261033706
0.03471375 0.0173568761028083
0.03473125 0.0173656261022568
0.03474875 0.0173743761016983
0.03476625 0.0173831261011453
0.03478375 0.0173918761005899
0.03480125 0.0174006261000383
0.03481875 0.0174093760994892
0.03483625 0.0174181260989393
0.03485375 0.0174268760983839
0.03487125 0.0174356260978323
0.03488875 0.0174443760972862
0.03490625 0.0174531260967363
0.03492375 0.0174618760961809
0.03494125 0.0174706260956325
0.03495875 0.0174793760950864
0.03497625 0.0174881260945396
0.03499375 0.0174968760939873
0.03501125 0.0175056260934419
0.03502875 0.0175143760928959
0.03504625 0.0175231260923521
0.03506375 0.0175318760918068
0.03508125 0.017540626091263
0.03509875 0.0175493760907177
0.03511625 0.017558126090174
0.03513375 0.0175668760896317
0.03515125 0.0175756260890911
0.03516875 0.0175843760885489
0.03518625 0.0175931260880082
0.03520375 0.0176018760874691
0.03522125 0.0176106260869261
0.03523875 0.0176193760863885
0.03525625 0.0176281260858486
0.03527375 0.0176368760853126
0.03529125 0.0176456260847758
0.03530875 0.0176543760842382
0.03532625 0.0176631260837014
0.03534375 0.0176718760831654
0.03536125 0.0176806260826287
0.03537875 0.0176893760820941
0.03539625 0.0176981260815582
0.03541375 0.0177068760810267
0.03543125 0.0177156260805001
0.03544875 0.0177243760799655
0.03546625 0.0177331260794327
0.03548375 0.0177418760788981
0.03550125 0.0177506260783684
0.03551875 0.0177593760778369
0.03553625 0.0177681260773041
0.03555375 0.0177768760767788
0.03557125 0.0177856260762522
0.03558875 0.0177943760757238
0.03560625 0.0178031260751941
0.03562375 0.0178118760746666
0.03564125 0.0178206260741382
0.03565875 0.0178293760736138
0.03567625 0.0178381260730841
0.03569375 0.0178468760725628
0.03571125 0.0178556260720344
0.03572875 0.017864376071514
0.03574625 0.0178731260709887
0.03576375 0.0178818760704652
0.03578125 0.0178906260699399
0.03579875 0.0178993760694195
0.03581625 0.0179081260688973
0.03583375 0.0179168760683738
0.03585125 0.0179256260678485
0.03586875 0.0179343760673219
0.03588625 0.0179431260668059
0.03590375 0.0179518760662824
0.03592125 0.0179606260657663
0.03593875 0.0179693760652429
0.03595625 0.0179781260647268
0.03597375 0.0179868760642095
0.03599125 0.0179956260636935
0.03600875 0.0180043760631762
0.03602625 0.0180131260626633
0.03604375 0.0180218760621522
0.03606125 0.0180306260616423
0.03607875 0.018039376061122
0.03609625 0.0180481260606038
0.03611375 0.0180568760600908
0.03613125 0.0180656260595767
0.03614875 0.0180743760590699
0.03616625 0.0180831260585588
0.03618375 0.0180918760580459
0.03620125 0.0181006260575348
0.03621875 0.018109376057028
0.03623625 0.0181181260565201
0.03625375 0.0181268760560102
0.03627125 0.0181356260555023
0.03628875 0.0181443760549955
0.03630625 0.0181531260544844
0.03632375 0.0181618760539776
0.03634125 0.0181706260534728
0.03635875 0.0181793760529691
0.03637625 0.0181881260524674
0.03639375 0.0181968760519574
0.03641125 0.0182056260514558
0.03642875 0.018214376050952
0.03644625 0.0182231260504503
0.03646375 0.0182318760499466
0.03648125 0.0182406260494449
0.03649875 0.0182493760489391
0.03651625 0.0182581260484322
0.03653375 0.0182668760479336
0.03655125 0.0182756260474361
0.03656875 0.0182843760469375
0.03658625 0.018293126046443
0.03660375 0.0183018760459413
0.03662125 0.0183106260454407
0.03663875 0.0183193760449421
0.03665625 0.0183281260444414
0.03667375 0.0183368760439429
0.03669125 0.0183456260434515
0.03670875 0.0183543760429529
0.03672625 0.0183631260424491
0.03674375 0.0183718760419568
0.03676125 0.0183806260414623
0.03677875 0.0183893760409668
0.03679625 0.0183981260404661
0.03681375 0.0184068760399769
0.03683125 0.0184156260394804
0.03684875 0.0184243760389796
0.03686625 0.0184331260384893
0.03688375 0.0184418760380032
0.03690125 0.0184506260375098
0.03691875 0.0184593760370121
0.03693625 0.0184681260365218
0.03695375 0.0184768760360326
0.03697125 0.0184856260355454
0.03698875 0.0184943760350539
0.03700625 0.0185031260345678
0.03702375 0.0185118760340732
0.03704125 0.018520626033581
0.03705875 0.0185293760330957
0.03707625 0.0185381260326065
0.03709375 0.0185468760321212
0.03711125 0.018555626031632
0.03712875 0.0185643760311437
0.03714625 0.0185731260306607
0.03716375 0.0185818760301754
0.03718125 0.0185906260296924
0.03719875 0.018599376029204
0.03721625 0.018608126028718
0.03723375 0.01861687602824
0.03725125 0.0186256260277578
0.03726875 0.0186343760272737
0.03728625 0.0186431260267938
0.03730375 0.0186518760263159
0.03732125 0.0186606260258368
0.03733875 0.0186693760253557
0.03735625 0.0186781260248759
0.03737375 0.0186868760244011
0.03739125 0.0186956260239219
0.03740875 0.0187043760234421
0.03742625 0.0187131260229598
0.03744375 0.01872187602248
0.03746125 0.0187306260220009
0.03747875 0.0187393760215211
0.03749625 0.0187481260210419
0.03751375 0.0187568760205683
0.03753125 0.0187656260200922
0.03754875 0.0187743760196186
0.03756625 0.0187831260191438
0.03758375 0.0187918760186739
0.03760125 0.018800626018199
0.03761875 0.0188093760177254
0.03763625 0.0188181260172537
0.03765375 0.0188268760167869
0.03767125 0.0188356260163121
0.03768875 0.0188443760158416
0.03770625 0.0188531260153698
0.03772375 0.0188618760149061
0.03774125 0.0188706260144344
0.03775875 0.0188793760139608
0.03777625 0.0188881260134891
0.03779375 0.0188968760130191
0.03781125 0.0189056260125505
0.03782875 0.0189143760120801
0.03784625 0.0189231260116021
0.03786375 0.0189318760111415
0.03788125 0.0189406260106741
0.03789875 0.0189493760102055
0.03791625 0.0189581260097355
0.03793375 0.0189668760092762
0.03795125 0.0189756260088058
0.03796875 0.0189843760083433
0.03798625 0.0189931260078733
0.03800375 0.0190018760074078
0.03802125 0.0190106260069467
0.03803875 0.0190193760064842
0.03805625 0.0190281260060204
0.03807375 0.0190368760055611
0.03809125 0.0190456260050969
0.03810875 0.0190543760046313
0.03812625 0.0190631260041706
0.03814375 0.0190718760037113
0.03816125 0.0190806260032471
0.03817875 0.0190893760027846
0.03819625 0.0190981260023239
0.03821375 0.0191068760018615
0.03823125 0.0191156260014004
0.03824875 0.0191243760009411
0.03826625 0.0191331260004803
0.03828375 0.0191418760000241
0.03830125 0.0191506259995706
0.03831875 0.0191593759991115
0.03833625 0.0191681259986553
0.03835375 0.0191768759982035
0.03837125 0.0191856259977473
0.03838875 0.0191943759972865
0.03840625 0.0192031259968334
0.03842375 0.0192118759963785
0.03844125 0.0192206259959192
0.03845875 0.0192293759954646
0.03847625 0.0192381259950114
0.03849375 0.0192468759945597
0.03851125 0.0192556259941066
0.03852875 0.019264375993652
0.03854625 0.0192731259932019
0.03856375 0.0192818759927502
0.03858125 0.019290625992294
0.03859875 0.0192993759918424
0.03861625 0.0193081259913955
0.03863375 0.0193168759909483
0.03865125 0.0193256259904985
0.03866875 0.0193343759900515
0.03868625 0.0193431259896014
0.03870375 0.0193518759891574
0.03872125 0.0193606259887075
0.03873875 0.0193693759882606
0.03875625 0.0193781259878182
0.03877375 0.0193868759873712
0.03879125 0.0193956259869259
0.03880875 0.0194043759864789
0.03882625 0.0194131259860365
0.03884375 0.0194218759855896
0.03886125 0.0194306259851473
0.03887875 0.0194393759847034
0.03889625 0.0194481259842611
0.03891375 0.0194568759838203
0.03893125 0.019465625983378
0.03894875 0.0194743759829373
0.03896625 0.0194831259824965
0.03898375 0.0194918759820526
0.03900125 0.019500625981615
0.03901875 0.0195093759811711
0.03903625 0.0195181259807365
0.03905375 0.0195268759802942
0.03907125 0.019535625979855
0.03908875 0.0195443759794173
0.03910625 0.0195531259789781
0.03912375 0.0195618759785405
0.03914125 0.0195706259781028
0.03915875 0.0195793759776636
0.03917625 0.0195881259772244
0.03919375 0.0195968759767882
0.03921125 0.0196056259763521
0.03922875 0.019614375975916
0.03924625 0.0196231259754877
0.03926375 0.019631875975053
0.03928125 0.0196406259746231
0.03929875 0.0196493759741871
0.03931625 0.0196581259737587
0.03933375 0.0196668759733272
0.03935125 0.0196756259728941
0.03936875 0.0196843759724612
0.03938625 0.0196931259720296
0.03940375 0.0197018759715966
0.03942125 0.0197106259711667
0.03943875 0.0197193759707354
0.03945625 0.0197281259703006
0.03947375 0.0197368759698707
0.03949125 0.0197456259694423
0.03950875 0.0197543759690141
0.03952625 0.0197631259685825
0.03954375 0.0197718759681541
0.03956125 0.0197806259677257
0.03957875 0.019789375967296
0.03959625 0.0197981259668721
0.03961375 0.0198068759664437
0.03963125 0.0198156259660139
0.03964875 0.0198243759655902
0.03966625 0.0198331259651648
0.03968375 0.0198418759647395
0.03970125 0.0198506259643145
0.03971875 0.0198593759638874
0.03973625 0.0198681259634606
0.03975375 0.0198768759630368
0.03977125 0.0198856259626134
0.03978875 0.0198943759621878
0.03980625 0.0199031259617672
0.03982375 0.019911875961345
0.03984125 0.0199206259609216
0.03985875 0.0199293759605007
0.03987625 0.0199381259600785
0.03989375 0.0199468759596594
0.03991125 0.0199556259592391
0.03992875 0.0199643759588166
0.03994625 0.019973125958396
0.03996375 0.0199818759579784
0.03998125 0.0199906259575597
0.03999875 0.0199993759571403
0.04001625 0.0200081259567227
0.04003375 0.0200168759563069
0.04005125 0.0200256259558848
0.04006875 0.0200343759554686
0.04008625 0.0200431259550526
0.04010375 0.0200518759546339
0.04012125 0.0200606259542206
0.04013875 0.0200693759538031
0.04015625 0.0200781259533887
0.04017375 0.0200868759529685
0.04019125 0.0200956259525536
0.04020875 0.0201043759521392
0.04022625 0.0201131259517263
0.04024375 0.0201218759513092
0.04026125 0.0201306259508974
0.04027875 0.0201393759504861
0.04029625 0.0201481259500716
0.04031375 0.0201568759496608
0.04033125 0.0201656259492489
0.04034875 0.0201743759488361
0.04036625 0.0201831259484278
0.04038375 0.0201918759480155
0.04040125 0.020200625947602
0.04041875 0.0202093759471938
0.04043625 0.0202181259467843
0.04045375 0.020226875946373
0.04047125 0.0202356259459629
0.04048875 0.0202443759455531
0.04050625 0.0202531259451436
0.04052375 0.0202618759447354
0.04054125 0.0202706259443253
0.04055875 0.020279375943917
0.04057625 0.0202881259435094
0.04059375 0.0202968759431021
0.04061125 0.020305625942697
0.04062875 0.0203143759422903
0.04064625 0.0203231259418858
0.04066375 0.0203318759414784
0.04068125 0.0203406259410748
0.04069875 0.0203493759406697
0.04071625 0.0203581259402683
0.04073375 0.0203668759398641
0.04075125 0.0203756259394605
0.04076875 0.0203843759390588
0.04078625 0.0203931259386552
0.04080375 0.0204018759382528
0.04082125 0.0204106259378492
0.04083875 0.020419375937449
0.04085625 0.0204281259370455
0.04087375 0.0204368759366446
0.04089125 0.0204456259362441
0.04090875 0.020454375935844
0.04092625 0.0204631259354466
0.04094375 0.0204718759350473
0.04096125 0.0204806259346483
0.04097875 0.0204893759342501
0.04099625 0.020498125933852
0.04101375 0.0205068759334546
0.04103125 0.0205156259330556
0.04104875 0.0205243759326606
0.04106625 0.0205331259322593
0.04108375 0.0205418759318619
0.04110125 0.0205506259314649
0.04111875 0.0205593759310659
0.04113625 0.0205681259306728
0.04115375 0.0205768759302754
0.04117125 0.0205856259298784
0.04118875 0.0205943759294841
0.04120625 0.0206031259290925
0.04122375 0.0206118759286966
0.04124125 0.0206206259283012
0.04125875 0.0206293759279085
0.04127625 0.0206381259275184
0.04129375 0.020646875927121
0.04131125 0.0206556259267302
0.04132875 0.020664375926339
0.04134625 0.0206731259259474
0.04136375 0.0206818759255531
0.04138125 0.0206906259251623
0.04139875 0.0206993759247711
0.04141625 0.0207081259243826
0.04143375 0.0207168759239898
0.04145125 0.0207256259235996
0.04146875 0.0207343759232121
0.04148625 0.0207431259228224
0.04150375 0.0207518759224332
0.04152125 0.0207606259220467
0.04153875 0.0207693759216581
0.04155625 0.02077812592127
0.04157375 0.0207868759208808
0.04159125 0.0207956259204943
0.04160875 0.0208043759201072
0.04162625 0.0208131259197207
0.04164375 0.0208218759193331
0.04166125 0.0208306259189481
0.04167875 0.0208393759185625
0.04169625 0.0208481259181775
0.04171375 0.0208568759177884
0.04173125 0.0208656259174065
0.04174875 0.0208743759170225
0.04176625 0.0208831259166375
0.04178375 0.0208918759162546
0.04180125 0.0209006259158696
0.04181875 0.020909375915484
0.04183625 0.0209181259151027
0.04185375 0.0209268759147218
0.04187125 0.0209356259143419
0.04188875 0.0209443759139595
0.04190625 0.0209531259135781
0.04192375 0.0209618759131993
0.04194125 0.0209706259128153
0.04195875 0.0209793759124349
0.04197625 0.0209881259120552
0.04199375 0.0209968759116763
0.04201125 0.0210056259112954
0.04202875 0.021014375910915
0.04204625 0.0210231259105384
0.04206375 0.0210318759101565
0.04208125 0.0210406259097771
0.04209875 0.0210493759093998
0.04211625 0.02105812590902
0.04213375 0.0210668759086412
0.04215125 0.0210756259082618
0.04216875 0.0210843759078867
0.04218625 0.0210931259075104
0.04220375 0.0211018759071337
0.04222125 0.0211106259067559
0.04223875 0.0211193759063823
0.04225625 0.0211281259060075
0.04227375 0.0211368759056309
0.04229125 0.0211456259052561
0.04230875 0.021154375904881
0.04232625 0.0211631259045084
0.04234375 0.0211718759041305
0.04236125 0.0211806259037579
0.04237875 0.0211893759033875
0.04239625 0.0211981259030118
0.04241375 0.0212068759026385
0.04243125 0.0212156259022659
0.04244875 0.0212243759018955
0.04246625 0.0212331259015229
0.04248375 0.0212418759011511
0.04250125 0.0212506259007816
0.04251875 0.0212593759004112
0.04253625 0.0212681259000386
0.04255375 0.0212768758996684
0.04257125 0.0212856258992996
0.04258875 0.0212943758989294
0.04260625 0.0213031258985605
0.04262375 0.0213118758981903
0.04264125 0.02132062589782
0.04265875 0.0213293758974497
0.04267625 0.0213381258970778
0.04269375 0.0213468758967122
0.04271125 0.0213556258963435
0.04272875 0.0213643758959748
0.04274625 0.021373125895606
0.04276375 0.0213818758952404
0.04278125 0.0213906258948731
0.04279875 0.0213993758945052
0.04281625 0.0214081258941427
0.04283375 0.0214168758937778
0.04285125 0.0214256258934121
0.04286875 0.0214343758930441
0.04288625 0.0214431258926816
0.04290375 0.0214518758923144
0.04292125 0.0214606258919534
0.04293875 0.0214693758915893
0.04295625 0.0214781258912283
0.04297375 0.0214868758908642
0.04299125 0.0214956258905017
0.04300875 0.0215043758901376
0.04302625 0.0215131258897781
0.04304375 0.021521875889414
0.04306125 0.021530625889053
0.04307875 0.0215393758886936
0.04309625 0.021548125888331
0.04311375 0.0215568758879701
0.04313125 0.021565625887609
0.04314875 0.021574375887245
0.04316625 0.021583125886887
0.04318375 0.0215918758865245
0.04320125 0.0216006258861666
0.04321875 0.0216093758858072
0.04323625 0.0216181258854469
0.04325375 0.021626875885089
0.04327125 0.0216356258847342
0.04328875 0.0216443758843763
0.04330625 0.0216531258840185
0.04332375 0.0216618758836636
0.04334125 0.0216706258833073
0.04335875 0.0216793758829524
0.04337625 0.021688125882593
0.04339375 0.0216968758822366
0.04341125 0.0217056258818803
0.04342875 0.021714375881527
0.04344625 0.0217231258811707
0.04346375 0.0217318758808189
0.04348125 0.0217406258804642
0.04349875 0.0217493758801078
0.04351625 0.0217581258797546
0.04353375 0.0217668758794013
0.04355125 0.0217756258790512
0.04356875 0.0217843758786979
0.04358625 0.0217931258783447
0.04360375 0.0218018758779929
0.04362125 0.0218106258776429
0.04363875 0.0218193758772926
0.04365625 0.0218281258769395
0.04367375 0.0218368758765901
0.04369125 0.0218456258762367
0.04370875 0.0218543758758882
0.04372625 0.0218631258755379
0.04374375 0.0218718758751895
0.04376125 0.0218806258748361
0.04377875 0.0218893758744892
0.04379625 0.0218981258741373
0.04381375 0.0219068758737873
0.04383125 0.0219156258734385
0.04384875 0.0219243758730916
0.04386625 0.0219331258727428
0.04388375 0.0219418758723944
0.04390125 0.0219506258720456
0.04391875 0.0219593758716988
0.04393625 0.0219681258713531
0.04395375 0.0219768758710062
0.04397125 0.0219856258706574
0.04398875 0.0219943758703121
0.04400625 0.0220031258699704
0.04402375 0.0220118758696232
0.04404125 0.0220206258692753
0.04405875 0.0220293758689316
0.04407625 0.0220381258685869
0.04409375 0.0220468758682411
0.04411125 0.0220556258678979
0.04412875 0.0220643758675542
0.04414625 0.0220731258672095
0.04416375 0.0220818758668637
0.04418125 0.0220906258665231
0.04419875 0.0220993758661805
0.04421625 0.0221081258658367
0.04423375 0.0221168758654925
0.04425125 0.0221256258651535
0.04426875 0.0221343758648108
0.04428625 0.0221431258644686
0.04430375 0.022151875864126
0.04432125 0.0221606258637854
0.04433875 0.0221693758634437
0.04435625 0.0221781258631026
0.04437375 0.0221868758627625
0.04439125 0.0221956258624219
0.04440875 0.0222043758620818
0.04442625 0.0222131258617407
0.04444375 0.0222218758614006
0.04446125 0.0222306258610631
0.04447875 0.0222393758607215
0.04449625 0.0222481258603834
0.04451375 0.0222568758600449
0.04453125 0.022265625859709
0.04454875 0.0222743758593689
0.04456625 0.0222831258590324
0.04458375 0.0222918758586949
0.04460125 0.0223006258583568
0.04461875 0.0223093758580178
0.04463625 0.0223181258576813
0.04465375 0.0223268758573454
0.04467125 0.0223356258570058
0.04468875 0.0223443758566699
0.04470625 0.0223531258563349
0.04472375 0.022361875855999
0.04474125 0.022370625855662
0.04475875 0.0223793758553285
0.04477625 0.0223881258549962
0.04479375 0.0223968758546619
0.04481125 0.0224056258543264
0.04482875 0.0224143758539945
0.04484625 0.0224231258536606
0.04486375 0.0224318758533263
0.04488125 0.022440625852994
0.04489875 0.0224493758526628
0.04491625 0.0224581258523297
0.04493375 0.0224668758519969
0.04495125 0.0224756258516661
0.04496875 0.0224843758513365
0.04498625 0.0224931258510049
0.04500375 0.0225018758506745
0.04502125 0.0225106258503445
0.04503875 0.0225193758500172
0.04505625 0.0225281258496853
0.04507375 0.0225368758493552
0.04509125 0.0225456258490263
0.04510875 0.0225543758486955
0.04512625 0.0225631258483667
0.04514375 0.0225718758480375
0.04516125 0.0225806258477109
0.04517875 0.0225893758473816
0.04519625 0.0225981258470536
0.04521375 0.0226068758467275
0.04523125 0.0226156258463986
0.04524875 0.0226243758460716
0.04526625 0.0226331258457444
0.04528375 0.0226418758454182
0.04530125 0.0226506258450916
0.04531875 0.0226593758447647
0.04533625 0.0226681258444382
0.04535375 0.0226768758441129
0.04537125 0.022685625843787
0.04538875 0.0226943758434624
0.04540625 0.0227031258431372
0.04542375 0.0227118758428124
0.04544125 0.0227206258424886
0.04545875 0.0227293758421637
0.04547625 0.0227381258418407
0.04549375 0.0227468758415171
0.04551125 0.0227556258411933
0.04552875 0.02276437584087
0.04554625 0.0227731258405485
0.04556375 0.0227818758402241
0.04558125 0.0227906258399011
0.04559875 0.0227993758395793
0.04561625 0.0228081258392578
0.04563375 0.022816875838935
0.04565125 0.0228256258386135
0.04566875 0.0228343758382918
0.04568625 0.0228431258379718
0.04570375 0.0228518758376521
0.04572125 0.0228606258373298
0.04573875 0.0228693758370089
0.04575625 0.0228781258366897
0.04577375 0.0228868758363707
0.04579125 0.02289562583605
0.04580875 0.0229043758357312
0.04582625 0.0229131258354132
0.04584375 0.0229218758350932
0.04586125 0.0229306258347756
0.04587875 0.0229393758344568
0.04589625 0.0229481258341403
0.04591375 0.0229568758338219
0.04593125 0.0229656258335057
0.04594875 0.0229743758331888
0.04596625 0.0229831258328706
0.04598375 0.0229918758325537
0.04600125 0.0230006258322367
0.04601875 0.0230093758319214
0.04603625 0.0230181258316039
0.04605375 0.0230268758312886
0.04607125 0.0230356258309739
0.04608875 0.0230443758306563
0.04610625 0.0230531258303412
0.04612375 0.0230618758300266
0.04614125 0.0230706258297102
0.04615875 0.0230793758293975
0.04617625 0.023088125829083
0.04619375 0.0230968758287685
0.04621125 0.0231056258284552
0.04622875 0.0231143758281425
0.04624625 0.0231231258278295
0.04626375 0.0231318758275164
0.04628125 0.0231406258272028
0.04629875 0.0231493758268905
0.04631625 0.0231581258265768
0.04633375 0.023166875826266
0.04635125 0.0231756258259532
0.04636875 0.0231843758256416
0.04638625 0.0231931258253311
0.04640375 0.0232018758250195
0.04642125 0.0232106258247082
0.04643875 0.0232193758243967
0.04645625 0.0232281258240876
0.04647375 0.0232368758237769
0.04649125 0.0232456258234662
0.04650875 0.023254375823158
0.04652625 0.0232631258228472
0.04654375 0.0232718758225382
0.04656125 0.0232806258222282
0.04657875 0.0232893758219207
0.04659625 0.02329812582161
0.04661375 0.0233068758213025
0.04663125 0.0233156258209949
0.04664875 0.0233243758206874
0.04666625 0.023333125820379
0.04668375 0.0233418758200715
0.04670125 0.0233506258197647
0.04671875 0.0233593758194579
0.04673625 0.0233681258191503
0.04675375 0.0233768758188443
0.04677125 0.0233856258185367
0.04678875 0.0233943758182315
0.04680625 0.0234031258179255
0.04682375 0.0234118758176187
0.04684125 0.0234206258173135
0.04685875 0.0234293758170067
0.04687625 0.0234381258167022
0.04689375 0.023446875816397
0.04691125 0.0234556258160933
0.04692875 0.0234643758157888
0.04694625 0.0234731258154851
0.04696375 0.0234818758151814
0.04698125 0.023490625814877
0.04699875 0.0234993758145733
0.04701625 0.0235081258142704
0.04703375 0.0235168758139675
0.04705125 0.0235256258136653
0.04706875 0.0235343758133616
0.04708625 0.0235431258130587
0.04710375 0.0235518758127574
0.04712125 0.0235606258124552
0.04713875 0.0235693758121539
0.04715625 0.0235781258118524
0.04717375 0.0235868758115511
0.04719125 0.0235956258112498
0.04720875 0.0236043758109491
0.04722625 0.0236131258106493
0.04724375 0.0236218758103495
0.04726125 0.0236306258100497
0.04727875 0.0236393758097506
0.04729625 0.0236481258094516
0.04731375 0.0236568758091525
0.04733125 0.0236656258088528
0.04734875 0.0236743758085544
0.04736625 0.0236831258082562
0.04738375 0.0236918758079586
0.04740125 0.0237006258076597
0.04741875 0.0237093758073621
0.04743625 0.0237181258070647
0.04745375 0.0237268758067679
0.04747125 0.0237356258064705
0.04748875 0.0237443758061744
0.04750625 0.0237531258058771
0.04752375 0.0237618758055798
0.04754125 0.0237706258052848
0.04755875 0.0237793758049885
0.04757625 0.0237881258046924
0.04759375 0.0237968758043964
0.04761125 0.023805625804101
0.04762875 0.0238143758038051
0.04764625 0.0238231258035094
0.04766375 0.023831875803215
0.04768125 0.0238406258029199
0.04769875 0.0238493758026259
0.04771625 0.0238581258023306
0.04773375 0.0238668758020375
0.04775125 0.0238756258017437
0.04776875 0.0238843758014499
0.04778625 0.0238931258011561
0.04780375 0.0239018758008623
0.04782125 0.0239106258005692
0.04783875 0.0239193758002766
0.04785625 0.0239281257999831
0.04787375 0.0239368757996913
0.04789125 0.0239456257993994
0.04790875 0.0239543757991071
0.04792625 0.0239631257988147
0.04794375 0.0239718757985228
0.04796125 0.0239806257982311
0.04797875 0.02398937579794
0.04799625 0.0239981257976487
0.04801375 0.0240068757973576
0.04803125 0.0240156257970666
0.04804875 0.024024375796776
0.04806625 0.0240331257964866
0.04808375 0.0240418757961955
0.04810125 0.0240506257959057
0.04811875 0.0240593757956162
0.04813625 0.0240681257953272
0.04815375 0.024076875795038
0.04817125 0.0240856257947485
0.04818875 0.02409437579446
0.04820625 0.0241031257941713
0.04822375 0.0241118757938832
0.04824125 0.0241206257935941
0.04825875 0.0241293757933061
0.04827625 0.0241381257930185
0.04829375 0.0241468757927319
0.04831125 0.0241556257924449
0.04832875 0.0241643757921575
0.04834625 0.0241731257918708
0.04836375 0.0241818757915837
0.04838125 0.0241906257912979
0.04839875 0.0241993757910113
0.04841625 0.0242081257907257
0.04843375 0.0242168757904394
0.04845125 0.0242256257901544
0.04846875 0.0242343757898689
0.04848625 0.0242431257895841
0.04850375 0.0242518757892986
0.04852125 0.0242606257890144
0.04853875 0.02426937578873
0.04855625 0.0242781257884457
0.04857375 0.0242868757881613
0.04859125 0.0242956257878774
0.04860875 0.0243043757875938
0.04862625 0.0243131257873095
0.04864375 0.0243218757870267
0.04866125 0.0243306257867439
0.04867875 0.0243393757864616
0.04869625 0.0243481257861788
0.04871375 0.0243568757858968
0.04873125 0.0243656257856148
0.04874875 0.0243743757853328
0.04876625 0.0243831257850513
0.04878375 0.0243918757847697
0.04880125 0.0244006257844885
0.04881875 0.024409375784208
0.04883625 0.0244181257839262
0.04885375 0.0244268757836456
0.04887125 0.0244356257833653
0.04888875 0.0244443757830846
0.04890625 0.0244531257828044
0.04892375 0.0244618757825243
0.04894125 0.0244706257822444
0.04895875 0.0244793757819642
0.04897625 0.0244881257816848
0.04899375 0.024496875781406
0.04901125 0.0245056257811269
0.04902875 0.0245143757808478
0.04904625 0.0245231257805692
0.04906375 0.0245318757802907
0.04908125 0.0245406257800124
0.04909875 0.0245493757797343
0.04911625 0.0245581257794563
0.04913375 0.0245668757791785
0.04915125 0.024575625778901
0.04916875 0.0245843757786237
0.04918625 0.0245931257783468
0.04920375 0.0246018757780699
0.04922125 0.0246106257777934
0.04923875 0.0246193757775172
0.04925625 0.0246281257772407
0.04927375 0.0246368757769645
0.04929125 0.0246456257766886
0.04930875 0.0246543757764133
0.04932625 0.0246631257761379
0.04934375 0.0246718757758627
0.04936125 0.0246806257755877
0.04937875 0.0246893757753129
0.04939625 0.0246981257750383
0.04941375 0.0247068757747635
0.04943125 0.0247156257744892
0.04944875 0.0247243757742152
0.04946625 0.0247331257739413
0.04948375 0.0247418757736675
0.04950125 0.0247506257733942
0.04951875 0.0247593757731207
0.04953625 0.0247681257728473
0.04955375 0.0247768757725743
0.04957125 0.0247856257723018
0.04958875 0.0247943757720292
0.04960625 0.0248031257717567
0.04962375 0.0248118757714846
0.04964125 0.0248206257712127
0.04965875 0.024829375770941
0.04967625 0.0248381257706693
0.04969375 0.0248468757703978
0.04971125 0.0248556257701266
0.04972875 0.0248643757698555
0.04974625 0.0248731257695847
0.04976375 0.0248818757693141
0.04978125 0.0248906257690436
0.04979875 0.0248993757687733
0.04981625 0.0249081257685033
0.04983375 0.0249168757682335
0.04985125 0.0249256257679638
0.04986875 0.0249343757676943
0.04988625 0.024943125767425
0.04990375 0.0249518757671559
0.04992125 0.024960625766887
0.04993875 0.0249693757666182
0.04995625 0.0249781257663497
0.04997375 0.0249868757660813
0.04999125 0.0249956257658131
