0 0.000198437761027051
1.5e-05 0.000198437648527051
3e-05 0.000198437461027051
4.5e-05 0.000198437168527051
6e-05 0.000198436766741337
7.5e-05 0.000198436254241337
9e-05 0.000198435630377701
0.000105 0.000198434894800778
0.00012 0.000198434047300778
0.000135 0.000198433087741954
0.00015 0.000198432016031428
0.000165 0.000198430832102856
0.00018 0.000198429535907204
0.000195 0.000198428127407204
0.00021 0.000198426606573871
0.000225 0.000198424973384215
0.00024 0.000198423227819699
0.000255 0.000198421369865154
0.00027 0.000198419399508011
0.000285 0.000198417316737741
0.0003 0.000198415121545433
0.000315 0.000198412813923482
0.00033 0.000198410393865342
0.000345 0.000198407861365343
0.00036 0.000198405216418534
0.000375 0.000198402459020575
0.00039 0.000198399589167634
0.000405 0.000198396606856313
0.00042 0.000198393512083586
0.000435 0.000198390304846744
0.00045 0.000198386985143354
0.000465 0.000198383552971223
0.00048 0.000198380008328366
0.000495 0.000198376351212982
0.00051 0.00019837258162343
0.000525 0.000198368699558212
0.00054 0.000198364705015959
0.000555 0.000198360597995411
0.00057 0.000198356378495411
0.000585 0.000198352046514892
0.0006 0.000198347602052867
0.000615 0.000198343045108422
0.00063 0.000198338375680712
0.000645 0.000198333593768947
0.00066 0.000198328699372396
0.000675 0.000198323692490373
0.00069 0.000198318573122242
0.000705 0.000198313341267403
0.00072 0.000198307996925298
0.000735 0.000198302540095401
0.00075 0.000198296970777219
0.000765 0.000198291288970289
0.00078 0.000198285494674173
0.000795 0.000198279587888458
0.00081 0.000198273568612758
0.000825 0.000198267436846703
0.00084 0.000198261192589946
0.000855 0.000198254835842159
0.00087 0.000198248366603028
0.000885 0.000198241784872259
0.0009 0.00019823509064957
0.000915 0.000198228283934695
0.00093 0.000198221364727378
0.000945 0.000198214333027378
0.00096 0.000198207188834465
0.000975 0.000198199932148418
0.00099 0.000198192562969029
0.001005 0.000198185081296097
0.00102 0.00019817748712943
0.001035 0.000198169780468847
0.00105 0.000198161961314171
0.001065 0.000198154029665235
0.00108 0.000198145985521878
0.001095 0.000198137828883947
0.00111 0.000198129559751294
0.001125 0.000198121178123778
0.00114 0.000198112684001261
0.001155 0.000198104077383614
0.00117 0.000198095358270712
0.001185 0.000198086526662432
0.0012 0.000198077582558658
0.001215 0.00019806852595928
0.00123 0.000198059356864188
0.001245 0.000198050075273279
0.00126 0.000198040681186453
0.001275 0.000198031174603613
0.00129 0.000198021555524666
0.001305 0.000198011823949522
0.00132 0.000198001979878093
0.001335 0.000197992023310297
0.00135 0.000197981954246051
0.001365 0.000197971772685278
0.00138 0.000197961478627901
0.001395 0.000197951072073847
0.00141 0.000197940553023045
0.001425 0.000197929921475426
0.00144 0.000197919177430924
0.001455 0.000197908320889473
0.00147 0.000197897351851012
0.001485 0.000197886270315479
0.0015 0.000197875076282815
0.001515 0.000197863769752965
0.00153 0.000197852350725871
0.001545 0.000197840819201481
0.00156 0.000197829175179742
0.001575 0.000197817418660603
0.00159 0.000197805549644015
0.001605 0.000197793568129931
0.00162 0.000197781474118303
0.001635 0.000197769267609087
0.00165 0.000197756948602237
0.001665 0.000197744517097713
0.00168 0.000197731973095471
0.001695 0.000197719316595471
0.00171 0.000197706547597674
0.001725 0.00019769366610204
0.00174 0.000197680672108534
0.001755 0.000197667565617118
0.00177 0.000197654346627756
0.001785 0.000197641015140414
0.0018 0.000197627571155059
0.001815 0.000197614014671656
0.00183 0.000197600345690175
0.001845 0.000197586564210583
0.00186 0.00019757267023285
0.001875 0.000197558663756947
0.00189 0.000197544544782843
0.001905 0.000197530313310511
0.00192 0.000197515969339923
0.001935 0.000197501512871051
0.00195 0.00019748694390387
0.001965 0.000197472262438353
0.00198 0.000197457468474475
0.001995 0.00019744256201221
0.00201 0.000197427543051536
0.002025 0.000197412411592429
0.00204 0.000197397167634864
0.002055 0.00019738181117882
0.00207 0.000197366342224275
0.002085 0.000197350760771206
0.0021 0.000197335066819593
0.002115 0.000197319260369415
0.00213 0.000197303341420652
0.002145 0.000197287309973284
0.00216 0.000197271166027291
0.002175 0.000197254909582654
0.00219 0.000197238540639355
0.002205 0.000197222059197376
0.00222 0.000197205465256698
0.002235 0.000197188758817304
0.00225 0.000197171939879177
0.002265 0.0001971550084423
0.00228 0.000197137964506657
0.002295 0.00019712080807223
0.00231 0.000197103539139006
0.002325 0.000197086157706967
0.00234 0.000197068663776099
0.002355 0.000197051057346387
0.00237 0.000197033338417816
0.002385 0.000197015506990371
0.0024 0.000196997563064039
0.002415 0.000196979506638805
0.00243 0.000196961337714657
0.002445 0.00019694305629158
0.00246 0.000196924662369562
0.002475 0.000196906155948589
0.00249 0.00019688753702865
0.002505 0.000196868805609731
0.00252 0.000196849961691821
0.002535 0.000196831005274907
0.00255 0.000196811936358978
0.002565 0.000196792754944022
0.00258 0.000196773461030028
0.002595 0.000196754054616985
0.00261 0.000196734535704881
0.002625 0.000196714904293707
0.00264 0.000196695160383451
0.002655 0.000196675303974102
0.00267 0.000196655335065652
0.002685 0.000196635253658089
0.0027 0.000196615059751404
0.002715 0.000196594753345587
0.00273 0.000196574334440628
0.002745 0.000196553803036519
0.00276 0.000196533159133249
0.002775 0.00019651240273081
0.00279 0.000196491533829193
0.002805 0.000196470552428389
0.00282 0.000196449458528389
0.002835 0.000196428252129185
0.00285 0.000196406933230768
0.002865 0.00019638550183313
0.00288 0.000196363957936264
0.002895 0.00019634230154016
0.00291 0.000196320532644811
0.002925 0.00019629865125021
0.00294 0.000196276657356348
0.002955 0.000196254550963218
0.00297 0.000196232332070813
0.002985 0.000196210000679126
0.003 0.000196187556788148
0.003015 0.000196165000397874
0.00303 0.000196142331508296
0.003045 0.000196119550119408
0.00306 0.000196096656231201
0.003075 0.000196073649843671
0.00309 0.00019605053095681
0.003105 0.000196027299570611
0.00312 0.000196003955685069
0.003135 0.000195980499300177
0.00315 0.000195956930415929
0.003165 0.000195933249032319
0.00318 0.00019590945514934
0.003195 0.000195885548766988
0.00321 0.000195861529885255
0.003225 0.000195837398504136
0.00324 0.000195813154623625
0.003255 0.000195788798243718
0.00327 0.000195764329364408
0.003285 0.000195739747985689
0.0033 0.000195715054107557
0.003315 0.000195690247730006
0.00333 0.000195665328853031
0.003345 0.000195640297476627
0.00336 0.000195615153600788
0.003375 0.00019558989722551
0.00339 0.000195564528350787
0.003405 0.000195539046976615
0.00342 0.000195513453102989
0.003435 0.000195487746729904
0.00345 0.000195461927857355
0.003465 0.000195435996485338
0.00348 0.000195409952613847
0.003495 0.00019538379624288
0.00351 0.00019535752737243
0.003525 0.000195331146002494
0.00354 0.000195304652133068
0.003555 0.000195278045764146
0.00357 0.000195251326895725
0.003585 0.000195224495527801
0.0036 0.000195197551660369
0.003615 0.000195170495293425
0.00363 0.000195143326426966
0.003645 0.000195116045060987
0.00366 0.000195088651195484
0.003675 0.000195061144830453
0.00369 0.000195033525965891
0.003705 0.000195005794601794
0.00372 0.000194977950738158
0.003735 0.000194949994374979
0.00375 0.000194921925512254
0.003765 0.000194893744149978
0.00378 0.000194865450288149
0.003795 0.000194837043926763
0.00381 0.000194808525065817
0.003825 0.000194779893705306
0.00384 0.000194751149845228
0.003855 0.000194722293485579
0.00387 0.000194693324626356
0.003885 0.000194664243267555
0.0039 0.000194635049409174
0.003915 0.000194605743051209
0.00393 0.000194576324193657
0.003945 0.000194546792836514
0.00396 0.000194517148979778
0.003975 0.000194487392623445
0.00399 0.000194457523767513
0.004005 0.000194427542411979
0.00402 0.000194397448556839
0.004035 0.00019436724220209
0.00405 0.000194336923347731
0.004065 0.000194306491993757
0.00408 0.000194275948140166
0.004095 0.000194245291786955
0.00411 0.000194214522934121
0.004125 0.000194183641581663
0.00414 0.000194152647729576
0.004155 0.000194121541377858
0.00417 0.000194090322526507
0.004185 0.000194058991175519
0.0042 0.000194027547324894
0.004215 0.000193995990974626
0.00423 0.000193964322124715
0.004245 0.000193932540775158
0.00426 0.000193900646925952
0.004275 0.000193868640577094
0.00429 0.000193836521728583
0.004305 0.000193804290380416
0.00432 0.00019377194653259
0.004335 0.000193739490185103
0.00435 0.000193706921337953
0.004365 0.000193674239991137
0.00438 0.000193641446144654
0.004395 0.0001936085397985
0.00441 0.000193575520952674
0.004425 0.000193542389607173
0.00444 0.000193509145761996
0.004455 0.000193475789417139
0.00447 0.000193442320572601
0.004485 0.000193408739228381
0.0045 0.000193375045384474
0.004515 0.00019334123904088
0.00453 0.000193307320197597
0.004545 0.000193273288854622
0.00456 0.000193239145011954
0.004575 0.000193204888669589
0.00459 0.000193170519827527
0.004605 0.000193136038485766
0.00462 0.000193101444644303
0.004635 0.000193066738303136
0.00465 0.000193031919462264
0.004665 0.000192996988121684
0.00468 0.000192961944281395
0.004695 0.000192926787941396
0.00471 0.000192891519101683
0.004725 0.000192856137762255
0.00474 0.000192820643923111
0.004755 0.000192785037584249
0.00477 0.000192749318745667
0.004785 0.000192713487407362
0.0048 0.000192677543569334
0.004815 0.000192641487231581
0.00483 0.000192605318394101
0.004845 0.000192569037056892
0.00486 0.000192532643219952
0.004875 0.000192496136883281
0.00489 0.000192459518046875
0.004905 0.000192422786710735
0.00492 0.000192385942874857
0.004935 0.000192348986539241
0.00495 0.000192311917703884
0.004965 0.000192274736368786
0.00498 0.000192237442533945
0.004995 0.000192200036199359
0.00501 0.000192162517365026
0.005025 0.000192124886030946
0.00504 0.000192087142197116
0.005055 0.000192049285863535
0.00507 0.000192011317030202
0.005085 0.000191973235697115
0.0051 0.000191935041864272
0.005115 0.000191896735531674
0.00513 0.000191858316699317
0.005145 0.0001918197853672
0.00516 0.000191781141535322
0.005175 0.000191742385203682
0.00519 0.000191703516372279
0.005205 0.00019166453504111
0.00522 0.000191625441210175
0.005235 0.000191586234879472
0.00525 0.000191546916049
0.005265 0.000191507484718758
0.00528 0.000191467940888744
0.005295 0.000191428284558957
0.00531 0.000191388515729396
0.005325 0.000191348634400059
0.00534 0.000191308640570945
0.005355 0.000191268534242053
0.00537 0.000191228315413382
0.005385 0.00019118798408493
0.0054 0.000191147540256697
0.005415 0.000191106983928681
0.00543 0.00019106631510088
0.005445 0.000191025533773294
0.00546 0.000190984639945921
0.005475 0.000190943633618761
0.00549 0.000190902514791812
0.005505 0.000190861283465073
0.00552 0.000190819939638542
0.005535 0.000190778483312219
0.00555 0.000190736914486103
0.005565 0.000190695233160193
0.00558 0.000190653439334486
0.005595 0.000190611533008983
0.00561 0.000190569514183682
0.005625 0.000190527382858582
0.00564 0.000190485139033682
0.005655 0.000190442782708981
0.00567 0.000190400313884478
0.005685 0.000190357732560172
0.0057 0.000190315038736061
0.005715 0.000190272232412145
0.00573 0.000190229313588423
0.005745 0.000190186282264894
0.00576 0.000190143138441557
0.005775 0.00019009988211841
0.00579 0.000190056513295453
0.005805 0.000190013031972685
0.00582 0.000189969438150104
0.005835 0.000189925731827711
0.00585 0.000189881913005503
0.005865 0.00018983798168348
0.00588 0.000189793937861641
0.005895 0.000189749781539985
0.00591 0.000189705512718512
0.005925 0.000189661131397219
0.00594 0.000189616637576107
0.005955 0.000189572031255174
0.00597 0.000189527312434419
0.005985 0.000189482481113842
0.006 0.000189437537293442
0.006015 0.000189392480973217
0.00603 0.000189347312153168
0.006045 0.000189302030833292
0.00606 0.00018925663701359
0.006075 0.000189211130694059
0.00609 0.000189165511874701
0.006105 0.000189119780555513
0.00612 0.000189073936736495
0.006135 0.000189027980417645
0.00615 0.000188981911598964
0.006165 0.00018893573028045
0.00618 0.000188889436462103
0.006195 0.000188843030143921
0.00621 0.000188796511325905
0.006225 0.000188749880008052
0.00624 0.000188703136190362
0.006255 0.000188656279872836
0.00627 0.00018860931105547
0.006285 0.000188562229738266
0.0063 0.000188515035921222
0.006315 0.000188467729604338
0.00633 0.000188420310787612
0.006345 0.000188372779471044
0.00636 0.000188325135654633
0.006375 0.000188277379338379
0.00639 0.00018822951052228
0.006405 0.000188181529206337
0.00642 0.000188133435390547
0.006435 0.000188085229074912
0.00645 0.000188036910259429
0.006465 0.000187988478944098
0.00648 0.000187939935128918
0.006495 0.00018789127881389
0.00651 0.000187842509999011
0.006525 0.000187793628684282
0.00654 0.000187744634869701
0.006555 0.000187695528555268
0.00657 0.000187646309740982
0.006585 0.000187596978426843
0.0066 0.00018754753461285
0.006615 0.000187497978299003
0.00663 0.000187448309485299
0.006645 0.00018739852817174
0.00666 0.000187348634358324
0.006675 0.000187298628045051
0.00669 0.00018724850923192
0.006705 0.00018719827791893
0.00672 0.000187147934106081
0.006735 0.000187097477793372
0.00675 0.000187046908980803
0.006765 0.000186996227668372
0.00678 0.00018694543385608
0.006795 0.000186894527543925
0.00681 0.000186843508731908
0.006825 0.000186792377420027
0.00684 0.000186741133608282
0.006855 0.000186689777296672
0.00687 0.000186638308485196
0.006885 0.000186586727173855
0.0069 0.000186535033362647
0.006915 0.000186483227051572
0.00693 0.00018643130824063
0.006945 0.000186379276929819
0.00696 0.00018632713311914
0.006975 0.000186274876808591
0.00699 0.000186222507998172
0.007005 0.000186170026687883
0.00702 0.000186117432877723
0.007035 0.000186064726567691
0.00705 0.000186011907757787
0.007065 0.00018595897644801
0.00708 0.00018590593263836
0.007095 0.000185852776328836
0.00711 0.000185799507519439
0.007125 0.000185746126210166
0.00714 0.000185692632401018
0.007155 0.000185639026091994
0.00717 0.000185585307283093
0.007185 0.000185531475974316
0.0072 0.000185477532165661
0.007215 0.000185423475857129
0.00723 0.000185369307048718
0.007245 0.000185315025740428
0.00726 0.000185260631932258
0.007275 0.000185206125624209
0.00729 0.000185151506816279
0.007305 0.000185096775508468
0.00732 0.000185041931700776
0.007335 0.000184986975393202
0.00735 0.000184931906585745
0.007365 0.000184876725278406
0.00738 0.000184821431471184
0.007395 0.000184766025164077
0.00741 0.000184710506357086
0.007425 0.000184654875050211
0.00744 0.00018459913124345
0.007455 0.000184543274936804
0.00747 0.000184487306130272
0.007485 0.000184431224823852
0.0075 0.000184375031017546
0.007515 0.000184318724711353
0.00753 0.000184262305905271
0.007545 0.000184205774599301
0.00756 0.000184149130793442
0.007575 0.000184092374487694
0.00759 0.000184035505682057
0.007605 0.000183978524376529
0.00762 0.00018392143057111
0.007635 0.000183864224265801
0.00765 0.0001838069054606
0.007665 0.000183749474155507
0.00768 0.000183691930350522
0.007695 0.000183634274045644
0.00771 0.000183576505240873
0.007725 0.000183518623936208
0.00774 0.00018346063013165
0.007755 0.000183402523827197
0.00777 0.000183344305022849
0.007785 0.000183285973718606
0.0078 0.000183227529914468
0.007815 0.000183168973610434
0.00783 0.000183110304806503
0.007845 0.000183051523502675
0.00786 0.00018299262969895
0.007875 0.000182933623395328
0.00789 0.000182874504591808
0.007905 0.000182815273288389
0.00792 0.000182755929485072
0.007935 0.000182696473181855
0.00795 0.000182636904378739
0.007965 0.000182577223075724
0.00798 0.000182517429272808
0.007995 0.000182457522969991
0.00801 0.000182397504167273
0.008025 0.000182337372864654
0.00804 0.000182277129062133
0.008055 0.00018221677275971
0.00807 0.000182156303957385
0.008085 0.000182095722655157
0.0081 0.000182035028853026
0.008115 0.000181974222550991
0.00813 0.000181913303749052
0.008145 0.000181852272447209
0.00816 0.000181791128645461
0.008175 0.000181729872343808
0.00819 0.00018166850354225
0.008205 0.000181607022240787
0.00822 0.000181545428439417
0.008235 0.000181483722138141
0.00825 0.000181421903336959
0.008265 0.000181359972035869
0.00828 0.000181297928234872
0.008295 0.000181235771933967
0.00831 0.000181173503133154
0.008325 0.000181111121832433
0.00834 0.000181048628031803
0.008355 0.000180986021731265
0.00837 0.000180923302930816
0.008385 0.000180860471630459
0.0084 0.000180797527830191
0.008415 0.000180734471530013
0.00843 0.000180671302729924
0.008445 0.000180608021429924
0.00846 0.000180544627630013
0.008475 0.000180481121330191
0.00849 0.000180417502530456
0.008505 0.00018035377123081
0.00852 0.000180289927431251
0.008535 0.000180225971131779
0.00855 0.000180161902332393
0.008565 0.000180097721033095
0.00858 0.000180033427233882
0.008595 0.000179969020934756
0.00861 0.000179904502135716
0.008625 0.00017983987083676
0.00864 0.00017977512703789
0.008655 0.000179710270739104
0.00867 0.000179645301940403
0.008685 0.000179580220641786
0.0087 0.000179515026843253
0.008715 0.000179449720544804
0.00873 0.000179384301746438
0.008745 0.000179318770448155
0.00876 0.000179253126649955
0.008775 0.000179187370351837
0.00879 0.000179121501553801
0.008805 0.000179055520255848
0.00882 0.000178989426457975
0.008835 0.000178923220160185
0.00885 0.000178856901362475
0.008865 0.000178790470064846
0.00888 0.000178723926267298
0.008895 0.00017865726996983
0.00891 0.000178590501172441
0.008925 0.000178523619875133
0.00894 0.000178456626077904
0.008955 0.000178389519780754
0.00897 0.000178322300983683
0.008985 0.000178254969686691
0.009 0.000178187525889777
0.009015 0.000178119969592941
0.00903 0.000178052300796184
0.009045 0.000177984519499503
0.00906 0.0001779166257029
0.009075 0.000177848619406374
0.00909 0.000177780500609925
0.009105 0.000177712269313553
0.00912 0.000177643925517257
0.009135 0.000177575469221037
0.00915 0.000177506900424892
0.009165 0.000177438219128824
0.00918 0.000177369425332831
0.009195 0.000177300519036912
0.00921 0.000177231500241069
0.009225 0.0001771623689453
0.00924 0.000177093125149606
0.009255 0.000177023768853986
0.00927 0.000176954300058439
0.009285 0.000176884718762967
0.0093 0.000176815024967567
0.009315 0.000176745218672241
0.00933 0.000176675299876988
0.009345 0.000176605268581807
0.00936 0.000176535124786699
0.009375 0.000176464868491663
0.00939 0.000176394499696699
0.009405 0.000176324018401807
0.00942 0.000176253424606986
0.009435 0.000176182718312237
0.00945 0.000176111899517559
0.009465 0.000176040968222951
0.00948 0.000175969924428415
0.009495 0.000175898768133949
0.00951 0.000175827499339553
0.009525 0.000175756118045227
0.00954 0.00017568462425097
0.009555 0.000175613017956783
0.00957 0.000175541299162666
0.009585 0.000175469467868617
0.0096 0.000175397524074638
0.009615 0.000175325467780727
0.00963 0.000175253298986885
0.009645 0.00017518101769311
0.00966 0.000175108623899404
0.009675 0.000175036117605766
0.00969 0.000174963498812195
0.009705 0.000174890767518692
0.00972 0.000174817923725256
0.009735 0.000174744967431887
0.00975 0.000174671898638584
0.009765 0.000174598717345348
0.00978 0.000174525423552179
0.009795 0.000174452017259076
0.00981 0.000174378498466038
0.009825 0.000174304867173067
0.00984 0.000174231123380161
0.009855 0.00017415726708732
0.00987 0.000174083298294544
0.009885 0.000174009217001834
0.0099 0.000173935023209188
0.009915 0.000173860716916607
0.00993 0.00017378629812409
0.009945 0.000173711766831637
0.00996 0.000173637123039248
0.009975 0.000173562366746924
0.00999 0.000173487497954662
0.010005 0.000173412516662464
0.01002 0.00017333742287033
0.010035 0.000173262216578258
0.01005 0.000173186897786249
0.010065 0.000173111466494303
0.01008 0.000173035922702419
0.010095 0.000172960266410598
0.01011 0.000172884497618838
0.010125 0.000172808616327141
0.01014 0.000172732622535505
0.010155 0.000172656516243931
0.01017 0.000172580297452418
0.010185 0.000172503966160967
0.0102 0.000172427522369576
0.010215 0.000172350966078246
0.01023 0.000172274297286977
0.010245 0.000172197515995768
0.01026 0.00017212062220462
0.010275 0.000172043615913532
0.01029 0.000171966497122503
0.010305 0.000171889265831535
0.01032 0.000171811922040626
0.010335 0.000171734465749776
0.01035 0.000171656896958986
0.010365 0.000171579215668255
0.01038 0.000171501421877582
0.010395 0.000171423515586969
0.01041 0.000171345496796413
0.010425 0.000171267365505917
0.01044 0.000171189121715478
0.010455 0.000171110765425098
0.01047 0.000171032296634776
0.010485 0.000170953715344511
0.0105 0.000170875021554304
0.010515 0.000170796215264154
0.01053 0.000170717296474061
0.010545 0.000170638265184026
0.01056 0.000170559121394047
0.010575 0.000170479865104125
0.01059 0.00017040049631426
0.010605 0.000170321015024451
0.01062 0.000170241421234699
0.010635 0.000170161714945002
0.01065 0.000170081896155362
0.010665 0.000170001964865777
0.01068 0.000169921921076248
0.010695 0.000169841764786775
0.01071 0.000169761495997357
0.010725 0.000169681114707994
0.01074 0.000169600620918686
0.010755 0.000169520014629432
0.01077 0.000169439295840234
0.010785 0.00016935846455109
0.0108 0.000169277520762
0.010815 0.000169196464472965
0.01083 0.000169115295683984
0.010845 0.000169034014395057
0.01086 0.000168952620606183
0.010875 0.000168871114317364
0.01089 0.000168789495528597
0.010905 0.000168707764239885
0.01092 0.000168625920451225
0.010935 0.000168543964162618
0.01095 0.000168461895374065
0.010965 0.000168379714085564
0.01098 0.000168297420297115
0.010995 0.00016821501400872
0.01101 0.000168132495220376
0.011025 0.000168049863932085
0.01104 0.000167967120143846
0.011055 0.000167884263855658
0.01107 0.000167801295067523
0.011085 0.000167718213779439
0.0111 0.000167635019991406
0.011115 0.000167551713703426
0.01113 0.000167468294915496
0.011145 0.000167384763627617
0.01116 0.000167301119839789
0.011175 0.000167217363552012
0.01119 0.000167133494764286
0.011205 0.00016704951347661
0.01122 0.000166965419688985
0.011235 0.00016688121340141
0.01125 0.000166796894613885
0.011265 0.00016671246332641
0.01128 0.000166627919538985
0.011295 0.00016654326325161
0.01131 0.000166458494464284
0.011325 0.000166373613177008
0.01134 0.000166288619389781
0.011355 0.000166203513102603
0.01137 0.000166118294315474
0.011385 0.000166032963028395
0.0114 0.000165947519241364
0.011415 0.000165861962954382
0.01143 0.000165776294167448
0.011445 0.000165690512880563
0.01146 0.000165604619093726
0.011475 0.000165518612806937
0.01149 0.000165432494020197
0.011505 0.000165346262733504
0.01152 0.000165259918946859
0.011535 0.000165173462660262
0.01155 0.000165086893873712
0.011565 0.00016500021258721
0.01158 0.000164913418800755
0.011595 0.000164826512514348
0.01161 0.000164739493727987
0.011625 0.000164652362441673
0.01164 0.000164565118655406
0.011655 0.000164477762369186
0.01167 0.000164390293583013
0.011685 0.000164302712296886
0.0117 0.000164215018510805
0.011715 0.00016412721222477
0.01173 0.000164039293438782
0.011745 0.00016395126215284
0.01176 0.000163863118366943
0.011775 0.000163774862081092
0.01179 0.000163686493295287
0.011805 0.000163598012009528
0.01182 0.000163509418223813
0.011835 0.000163420711938145
0.01185 0.000163331893152521
0.011865 0.000163242961866942
0.01188 0.000163153918081409
0.011895 0.00016306476179592
0.01191 0.000162975493010476
0.011925 0.000162886111725076
0.01194 0.000162796617939721
0.011955 0.00016270701165441
0.01197 0.000162617292869144
0.011985 0.000162527461583922
0.012 0.000162437517798744
0.012015 0.000162347461513609
0.01203 0.000162257292728519
0.012045 0.000162167011443472
0.01206 0.000162076617658469
0.012075 0.00016198611137351
0.01209 0.000161895492588594
0.012105 0.000161804761303721
0.01212 0.000161713917518891
0.012135 0.000161622961234105
0.01215 0.000161531892449361
0.012165 0.00016144071116466
0.01218 0.000161349417380002
0.012195 0.000161258011095387
0.01221 0.000161166492310814
0.012225 0.000161074861026284
0.01224 0.000160983117241796
0.012255 0.00016089126095735
0.01227 0.000160799292172947
0.012285 0.000160707210888585
0.0123 0.000160615017104265
0.012315 0.000160522710819988
0.01233 0.000160430292035752
0.012345 0.000160337760751557
0.01236 0.000160245116967404
0.012375 0.000160152360683293
0.01239 0.000160059491899223
0.012405 0.000159966510615194
0.01242 0.000159873416831206
0.012435 0.000159780210547259
0.01245 0.000159686891763353
0.012465 0.000159593460479488
0.01248 0.000159499916695664
0.012495 0.00015940626041188
0.01251 0.000159312491628137
0.012525 0.000159218610344434
0.01254 0.000159124616560772
0.012555 0.000159030510277149
0.01257 0.000158936291493567
0.012585 0.000158841960210025
0.0126 0.000158747516426523
0.012615 0.000158652960143061
0.01263 0.000158558291359639
0.012645 0.000158463510076256
0.01266 0.000158368616292913
0.012675 0.000158273610009609
0.01269 0.000158178491226345
0.012705 0.00015808325994312
0.01272 0.000157987916159934
0.012735 0.000157892459876788
0.01275 0.00015779689109368
0.012765 0.000157701209810611
0.01278 0.000157605416027581
0.012795 0.00015750950974459
0.01281 0.000157413490961638
0.012825 0.000157317359678724
0.01284 0.000157221115895848
0.012855 0.000157124759613011
0.01287 0.000157028290830213
0.012885 0.000156931709547452
0.0129 0.000156835015764729
0.012915 0.000156738209482045
0.01293 0.000156641290699399
0.012945 0.00015654425941679
0.01296 0.000156447115634219
0.012975 0.000156349859351686
0.01299 0.00015625249056919
0.013005 0.000156155009286732
0.01302 0.000156057415504311
0.013035 0.000155959709221928
0.01305 0.000155861890439582
0.013065 0.000155763959157273
0.01308 0.000155665915375001
0.013095 0.000155567759092766
0.01311 0.000155469490310568
0.013125 0.000155371109028407
0.01314 0.000155272615246283
0.013155 0.000155174008964195
0.01317 0.000155075290182144
0.013185 0.000154976458900129
0.0132 0.000154877515118151
0.013215 0.000154778458836209
0.01323 0.000154679290054303
0.013245 0.000154580008772433
0.01326 0.0001544806149906
0.013275 0.000154381108708802
0.01329 0.000154281489927041
0.013305 0.000154181758645315
0.01332 0.000154081914863625
0.013335 0.00015398195858197
0.01335 0.000153881889800352
0.013365 0.000153781708518768
0.01338 0.00015368141473722
0.013395 0.000153581008455708
0.01341 0.00015348048967423
0.013425 0.000153379858392788
0.01344 0.000153279114611381
0.013455 0.00015317825833001
0.01347 0.000153077289548673
0.013485 0.000152976208267371
0.0135 0.000152875014486103
0.013515 0.000152773708204871
0.01353 0.000152672289423673
0.013545 0.000152570758142509
0.01356 0.00015246911436138
0.013575 0.000152367358080286
0.01359 0.000152265489299226
0.013605 0.0001521635080182
0.01362 0.000152061414237208
0.013635 0.000151959207956251
0.01365 0.000151856889175327
0.013665 0.000151754457894438
0.01368 0.000151651914113582
0.013695 0.00015154925783276
0.01371 0.000151446489051972
0.013725 0.000151343607771218
0.01374 0.000151240613990497
0.013755 0.00015113750770981
0.01377 0.000151034288929156
0.013785 0.000150930957648535
0.0138 0.000150827513867948
0.013815 0.000150723957587394
0.01383 0.000150620288806873
0.013845 0.000150516507526385
0.01386 0.000150412613745931
0.013875 0.000150308607465509
0.01389 0.00015020448868512
0.013905 0.000150100257404764
0.01392 0.000149995913624441
0.013935 0.00014989145734415
0.01395 0.000149786888563892
0.013965 0.000149682207283666
0.01398 0.000149577413503473
0.013995 0.000149472507223312
0.01401 0.000149367488443183
0.014025 0.000149262357163087
0.01404 0.000149157113383023
0.014055 0.000149051757102991
0.01407 0.000148946288322991
0.014085 0.000148840707043023
0.0141 0.000148735013263087
0.014115 0.000148629206983183
0.01413 0.000148523288203311
0.014145 0.00014841725692347
0.01416 0.000148311113143661
0.014175 0.000148204856863883
0.01419 0.000148098488084137
0.014205 0.000147992006804422
0.01422 0.000147885413024739
0.014235 0.000147778706745087
0.01425 0.000147671887965466
0.014265 0.000147564956685877
0.01428 0.000147457912906318
0.014295 0.000147350756626791
0.01431 0.000147243487847294
0.014325 0.000147136106567829
0.01434 0.000147028612788394
0.014355 0.00014692100650899
0.01437 0.000146813287729617
0.014385 0.000146705456450274
0.0144 0.000146597512670962
0.014415 0.00014648945639168
0.01443 0.000146381287612429
0.014445 0.000146273006333209
0.01446 0.000146164612554018
0.014475 0.000146056106274858
0.01449 0.000145947487495728
0.014505 0.000145838756216628
0.01452 0.000145729912437559
0.014535 0.000145620956158519
0.01455 0.000145511887379509
0.014565 0.000145402706100529
0.01458 0.000145293412321579
0.014595 0.000145184006042659
0.01461 0.000145074487263769
0.014625 0.000144964855984908
0.01464 0.000144855112206077
0.014655 0.000144745255927275
0.01467 0.000144635287148502
0.014685 0.00014452520586976
0.0147 0.000144415012091046
0.014715 0.000144304705812362
0.01473 0.000144194287033707
0.014745 0.000144083755755081
0.01476 0.000143973111976484
0.014775 0.000143862355697916
0.01479 0.000143751486919378
0.014805 0.000143640505640868
0.01482 0.000143529411862387
0.014835 0.000143418205583935
0.01485 0.000143306886805512
0.014865 0.000143195455527117
0.01488 0.000143083911748751
0.014895 0.000142972255470414
0.01491 0.000142860486692105
0.014925 0.000142748605413824
0.01494 0.000142636611635572
0.014955 0.000142524505357349
0.01497 0.000142412286579153
0.014985 0.000142299955300986
0.015 0.000142187511522847
0.0150175 0.000142154679871064
0.015035 0.000142121809938043
0.0150525 0.000142088901723785
0.01507 0.00014205595522829
0.0150875 0.000142022970451558
0.015105 0.000141989947393589
0.0151225 0.000141956886054383
0.01514 0.000141923786433939
0.0151575 0.000141890648532258
0.015175 0.000141857472349341
0.0151925 0.000141824257885185
0.01521 0.000141791005139793
0.0152275 0.000141757714113163
0.015245 0.000141724384805296
0.0152625 0.000141691017216191
0.01528 0.000141657611345849
0.0152975 0.00014162416719427
0.015315 0.000141590684761453
0.0153325 0.000141557164047399
0.01535 0.000141523605052107
0.0153675 0.000141490007775577
0.015385 0.00014145637221781
0.0154025 0.000141422698378805
0.01542 0.000141388986258563
0.0154375 0.000141355235857083
0.015455 0.000141321447174365
0.0154725 0.00014128762021041
0.01549 0.000141253754965217
0.0155075 0.000141219851438786
0.015525 0.000141185909631117
0.0155425 0.00014115192954221
0.01556 0.000141117911172066
0.0155775 0.000141083854520684
0.015595 0.000141049759588063
0.0156125 0.000141015626374205
0.01563 0.000140981454879109
0.0156475 0.000140947245102775
0.015665 0.000140912997045202
0.0156825 0.000140878710706392
0.0157 0.000140844386086344
0.0157175 0.000140810023185057
0.015735 0.000140775622002532
0.0157525 0.00014074118253877
0.01577 0.000140706704793769
0.0157875 0.000140672188767529
0.015805 0.000140637634460052
0.0158225 0.000140603041871336
0.01584 0.000140568411001382
0.0158575 0.00014053374185019
0.015875 0.000140499034417759
0.0158925 0.00014046428870409
0.01591 0.000140429504709183
0.0159275 0.000140394682433037
0.015945 0.000140359821875653
0.0159625 0.00014032492303703
0.01598 0.000140289985917169
0.0159975 0.000140255010516069
0.016015 0.00014021999683373
0.0160325 0.000140184944870154
0.01605 0.000140149854625338
0.0160675 0.000140114726099284
0.016085 0.000140079559291991
0.0161025 0.00014004435420346
0.01612 0.00014000911083369
0.0161375 0.000139973829182681
0.016155 0.000139938509250433
0.0161725 0.000139903151036947
0.01619 0.000139867754542222
0.0162075 0.000139832319766258
0.016225 0.000139796846709055
0.0162425 0.000139761335370613
0.01626 0.000139725785750933
0.0162775 0.000139690197850013
0.016295 0.000139654571667855
0.0163125 0.000139618907204457
0.01633 0.000139583204459821
0.0163475 0.000139547463433946
0.016365 0.000139511684126831
0.0163825 0.000139475866538478
0.0164 0.000139440010668885
0.0164175 0.000139404116518054
0.016435 0.000139368184085983
0.0164525 0.000139332213372673
0.01647 0.000139296204378124
0.0164875 0.000139260157102335
0.016505 0.000139224071545308
0.0165225 0.000139187947707041
0.01654 0.000139151785587535
0.0165575 0.000139115585186789
0.016575 0.000139079346504804
0.0165925 0.00013904306954158
0.01661 0.000139006754297117
0.0166275 0.000138970400771414
0.016645 0.000138934008964471
0.0166625 0.00013889757887629
0.01668 0.000138861110506869
0.0166975 0.000138824603856208
0.016715 0.000138788058924308
0.0167325 0.000138751475711168
0.01675 0.000138714854216789
0.0167675 0.00013867819444117
0.016785 0.000138641496384312
0.0168025 0.000138604760046214
0.01682 0.000138567985426876
0.0168375 0.000138531172526299
0.016855 0.000138494321344482
0.0168725 0.000138457431881426
0.01689 0.00013842050413713
0.0169075 0.000138383538111594
0.016925 0.000138346533804818
0.0169425 0.000138309491216803
0.01696 0.000138272410347547
0.0169775 0.000138235291197052
0.016995 0.000138198133765317
0.0170125 0.000138160938052343
0.01703 0.000138123704058128
0.0170475 0.000138086431782674
0.017065 0.000138049121225979
0.0170825 0.000138011772388045
0.0171 0.00013797438526887
0.0171175 0.000137936959868456
0.017135 0.000137899496186802
0.0171525 0.000137861994223908
0.01717 0.000137824453979773
0.0171875 0.000137786875454399
0.017205 0.000137749258647784
0.0172225 0.00013771160355993
0.01724 0.000137673910190835
0.0172575 0.0001376361785405
0.017275 0.000137598408608925
0.0172925 0.00013756060039611
0.01731 0.000137522753902055
0.0173275 0.000137484869126759
0.017345 0.000137446946070223
0.0173625 0.000137408984732447
0.01738 0.000137370985113431
0.0173975 0.000137332947213174
0.017415 0.000137294871031677
0.0174325 0.00013725675656894
0.01745 0.000137218603824962
0.0174675 0.000137180412799744
0.017485 0.000137142183493286
0.0175025 0.000137103915905587
0.01752 0.000137065610036648
0.0175375 0.000137027265886468
0.017555 0.000136988883455048
0.0175725 0.000136950462742387
0.01759 0.000136912003748486
0.0176075 0.000136873506473344
0.017625 0.000136834970916962
0.0176425 0.000136796397079339
0.01766 0.000136757784960475
0.0176775 0.000136719134560371
0.017695 0.000136680445879027
0.0177125 0.000136641718916441
0.01773 0.000136602953672615
0.0177475 0.000136564150147549
0.017765 0.000136525308341241
0.0177825 0.000136486428253693
0.0178 0.000136447509884905
0.0178175 0.000136408553234875
0.017835 0.000136369558303605
0.0178525 0.000136330525091094
0.01787 0.000136291453597342
0.0178875 0.000136252343822349
0.017905 0.000136213195766115
0.0179225 0.000136174009428641
0.01794 0.000136134784809926
0.0179575 0.00013609552190997
0.017975 0.000136056220728773
0.0179925 0.000136016881266335
0.01801 0.000135977503522656
0.0180275 0.000135938087497736
0.018045 0.000135898633191575
0.0180625 0.000135859140604173
0.01808 0.00013581960973553
0.0180975 0.000135780040585646
0.018115 0.000135740433154521
0.0181325 0.000135700787442155
0.01815 0.000135661103448547
0.0181675 0.000135621381173699
0.018185 0.000135581620617609
0.0182025 0.000135541821780278
0.01822 0.000135501984661707
0.0182375 0.000135462109261893
0.018255 0.000135422195580839
0.0182725 0.000135382243618543
0.01829 0.000135342253375007
0.0183075 0.000135302224850228
0.018325 0.000135262158044209
0.0183425 0.000135222052956948
0.01836 0.000135181909588446
0.0183775 0.000135141727938703
0.018395 0.000135101508007718
0.0184125 0.000135061249795492
0.01843 0.000135020953302025
0.0184475 0.000134980618527316
0.018465 0.000134940245471366
0.0184825 0.000134899834134175
0.0185 0.000134859384515742
0.0185175 0.000134818896616067
0.018535 0.000134778370435152
0.0185525 0.000134737805972995
0.01857 0.000134697203229596
0.0185875 0.000134656562204956
0.018605 0.000134615882899074
0.0186225 0.000134575165311951
0.01864 0.000134534409443587
0.0186575 0.000134493615293981
0.018675 0.000134452782863133
0.0186925 0.000134411912151044
0.01871 0.000134371003157713
0.0187275 0.000134330055883141
0.018745 0.000134289070327327
0.0187625 0.000134248046490271
0.01878 0.000134206984371974
0.0187975 0.000134165883972435
0.018815 0.000134124745291654
0.0188325 0.000134083568329632
0.01885 0.000134042353086368
0.0188675 0.000134001099561862
0.018885 0.000133959807756114
0.0189025 0.000133918477669125
0.01892 0.000133877109300894
0.0189375 0.000133835702651421
0.018955 0.000133794257720706
0.0189725 0.000133752774508749
0.01899 0.000133711253015551
0.0190075 0.00013366969324111
0.019025 0.000133628095185428
0.0190425 0.000133586458848504
0.01906 0.000133544784230338
0.0190775 0.00013350307133093
0.019095 0.00013346132015028
0.0191125 0.000133419530688388
0.01913 0.000133377702945254
0.0191475 0.000133335836920878
0.019165 0.00013329393261526
0.0191825 0.0001332519900284
0.0192 0.000133210009160298
0.0192175 0.000133167990010954
0.019235 0.000133125932580368
0.0192525 0.00013308383686854
0.01927 0.00013304170287547
0.0192875 0.000132999530601157
0.019305 0.000132957320045603
0.0193225 0.000132915071208806
0.01934 0.000132872784090767
0.0193575 0.000132830458691486
0.019375 0.000132788095010963
0.0193925 0.000132745693049198
0.01941 0.00013270325280619
0.0194275 0.00013266077428194
0.019445 0.000132618257476448
0.0194625 0.000132575702389713
0.01948 0.000132533109021737
0.0194975 0.000132490477372518
0.019515 0.000132447807442056
0.0195325 0.000132405099230353
0.01955 0.000132362352737407
0.0195675 0.000132319567963218
0.019585 0.000132276744907788
0.0196025 0.000132233883571115
0.01962 0.0001321909839532
0.0196375 0.000132148046054042
0.019655 0.000132105069873642
0.0196725 0.000132062055411999
0.01969 0.000132019002669114
0.0197075 0.000131975911644987
0.019725 0.000131932782339617
0.0197425 0.000131889614753005
0.01976 0.000131846408885151
0.0197775 0.000131803164736054
0.019795 0.000131759882305714
0.0198125 0.000131716561594132
0.01983 0.000131673202601307
0.0198475 0.00013162980532724
0.019865 0.00013158636977193
0.0198825 0.000131542895935378
0.0199 0.000131499383817583
0.0199175 0.000131455833418545
0.019935 0.000131412244738265
0.0199525 0.000131368617776742
0.01997 0.000131324952533977
0.0199875 0.000131281249009969
0.020005 0.000131237507204718
0.0200225 0.000131193727118224
0.02004 0.000131149908750488
0.0200575 0.000131106052101509
0.020075 0.000131062157171288
0.0200925 0.000131018223959824
0.02011 0.000130974252467116
0.0201275 0.000130930242693167
0.020145 0.000130886194637974
0.0201625 0.000130842108301538
0.02018 0.00013079798368386
0.0201975 0.000130753820784939
0.020215 0.000130709619604775
0.0202325 0.000130665380143368
0.02025 0.000130621102400718
0.0202675 0.000130576786376826
0.020285 0.00013053243207169
0.0203025 0.000130488039485312
0.02032 0.000130443608617691
0.0203375 0.000130399139468827
0.020355 0.00013035463203872
0.0203725 0.00013031008632737
0.02039 0.000130265502334777
0.0204075 0.000130220880060941
0.020425 0.000130176219505863
0.0204425 0.000130131520669541
0.02046 0.000130086783551976
0.0204775 0.000130042008153168
0.020495 0.000129997194473118
0.0205125 0.000129952342511824
0.02053 0.000129907452269287
0.0205475 0.000129862523745508
0.020565 0.000129817556940485
0.0205825 0.000129772551854219
0.0206 0.00012972750848671
0.0206175 0.000129682426837958
0.020635 0.000129637306907964
0.0206525 0.000129592148696725
0.02067 0.000129546952204244
0.0206875 0.00012950171743052
0.020705 0.000129456444375553
0.0207225 0.000129411133039342
0.02074 0.000129365783421888
0.0207575 0.000129320395523191
0.020775 0.000129274969343251
0.0207925 0.000129229504882068
0.02081 0.000129184002139642
0.0208275 0.000129138461115972
0.020845 0.000129092881811059
0.0208625 0.000129047264224903
0.02088 0.000129001608357503
0.0208975 0.00012895591420886
0.020915 0.000128910181778974
0.0209325 0.000128864411067845
0.02095 0.000128818602075472
0.0209675 0.000128772754801856
0.020985 0.000128726869246996
0.0210025 0.000128680945410894
0.02102 0.000128634983293547
0.0210375 0.000128588982894958
0.021055 0.000128542944215125
0.0210725 0.000128496867254048
0.02109 0.000128450752011728
0.0211075 0.000128404598488165
0.021125 0.000128358406683358
0.0211425 0.000128312176597308
0.02116 0.000128265908230015
0.0211775 0.000128219601581477
0.021195 0.000128173256651697
0.0212125 0.000128126873440673
0.02123 0.000128080451948405
0.0212475 0.000128033992174894
0.021265 0.00012798749412014
0.0212825 0.000127940957784142
0.0213 0.0001278943831669
0.0213175 0.000127847770268415
0.021335 0.000127801119088687
0.0213525 0.000127754429627715
0.02137 0.000127707701885499
0.0213875 0.00012766093586204
0.021405 0.000127614131557337
0.0214225 0.000127567288971391
0.02144 0.000127520408104201
0.0214575 0.000127473488955767
0.021475 0.00012742653152609
0.0214925 0.000127379535815169
0.02151 0.000127332501823005
0.0215275 0.000127285429549596
0.021545 0.000127238318994945
0.0215625 0.000127191170159049
0.02158 0.00012714398304191
0.0215975 0.000127096757643527
0.021615 0.0001270494939639
0.0216325 0.00012700219200303
0.02165 0.000126954851760916
0.0216675 0.000126907473237558
0.021685 0.000126860056432956
0.0217025 0.000126812601347111
0.02172 0.000126765107980021
0.0217375 0.000126717576331688
0.021755 0.000126670006402112
0.0217725 0.000126622398191291
0.02179 0.000126574751699227
0.0218075 0.000126527066925919
0.021825 0.000126479343871367
0.0218425 0.000126431582535571
0.02186 0.000126383782918531
0.0218775 0.000126335945020247
0.021895 0.00012628806884072
0.0219125 0.000126240154379948
0.02193 0.000126192201637933
0.0219475 0.000126144210614674
0.021965 0.000126096181310171
0.0219825 0.000126048113724424
0.022 0.000126000007857433
0.0220175 0.000125951863709198
0.022035 0.000125903681279719
0.0220525 0.000125855460568996
0.02207 0.000125807201577029
0.0220875 0.000125758904303818
0.022105 0.000125710568749364
0.0221225 0.000125662194913665
0.02214 0.000125613782796722
0.0221575 0.000125565332398535
0.022175 0.000125516843719104
0.0221925 0.000125468316758429
0.02221 0.00012541975151651
0.0222275 0.000125371147993346
0.022245 0.000125322506188939
0.0222625 0.000125273826103288
0.02228 0.000125225107736392
0.0222975 0.000125176351088252
0.022315 0.000125127556158869
0.0223325 0.000125078722948241
0.02235 0.000125029851456369
0.0223675 0.000124980941683252
0.022385 0.000124931993628892
0.0224025 0.000124883007293288
0.02242 0.000124833982676439
0.0224375 0.000124784919778347
0.022455 0.00012473581859901
0.0224725 0.000124686679138428
0.02249 0.000124637501396603
0.0225075 0.000124588285373534
0.022525 0.00012453903106922
0.0225425 0.000124489738483662
0.02256 0.00012444040761686
0.0225775 0.000124391038468814
0.022595 0.000124341631039523
0.0226125 0.000124292185328988
0.02263 0.000124242701337209
0.0226475 0.000124193179064186
0.022665 0.000124143618509918
0.0226825 0.000124094019674407
0.0227 0.000124044382557651
0.0227175 0.00012399470715965
0.022735 0.000123944993480405
0.0227525 0.000123895241519916
0.02277 0.000123845451278183
0.0227875 0.000123795622755205
0.022805 0.000123745755950983
0.0228225 0.000123695850865517
0.02284 0.000123645907498806
0.0228575 0.000123595925850851
0.022875 0.000123545905921651
0.0228925 0.000123495847711207
0.02291 0.000123445751219519
0.0229275 0.000123395616446586
0.022945 0.000123345443392409
0.0229625 0.000123295232056987
0.02298 0.000123244982440321
0.0229975 0.00012319469454241
0.023015 0.000123144368363255
0.0230325 0.000123094003902855
0.02305 0.000123043601161211
0.0230675 0.000122993160138322
0.023085 0.000122942680834189
0.0231025 0.000122892163248812
0.02312 0.00012284160738219
0.0231375 0.000122791013234323
0.023155 0.000122740380805212
0.0231725 0.000122689710094857
0.02319 0.000122639001103257
0.0232075 0.000122588253830412
0.023225 0.000122537468276323
0.0232425 0.000122486644440989
0.02326 0.00012243578232441
0.0232775 0.000122384881926587
0.023295 0.00012233394324752
0.0233125 0.000122282966287208
0.02333 0.000122231951045651
0.0233475 0.00012218089752285
0.023365 0.000122129805718804
0.0233825 0.000122078675633514
0.0234 0.000122027507266978
0.0234175 0.000121976300619199
0.023435 0.000121925055690174
0.0234525 0.000121873772479905
0.02347 0.000121822450988391
0.0234875 0.000121771091215633
0.023505 0.00012171969316163
0.0235225 0.000121668256826382
0.02354 0.000121616782209889
0.0235575 0.000121565269312152
0.023575 0.00012151371813317
0.0235925 0.000121462128672943
0.02361 0.000121410500931472
0.0236275 0.000121358834908755
0.023645 0.000121307130604794
0.0236625 0.000121255388019589
0.02368 0.000121203607153138
0.0236975 0.000121151788005443
0.023715 0.000121099930576503
0.0237325 0.000121048034866318
0.02375 0.000120996100874888
0.0237675 0.000120944128602214
0.023785 0.000120892118048294
0.0238025 0.00012084006921313
0.02382 0.000120787982096721
0.0238375 0.000120735856699068
0.023855 0.000120683693020169
0.0238725 0.000120631491060025
0.02389 0.000120579250818637
0.0239075 0.000120526972296004
0.023925 0.000120474655492126
0.0239425 0.000120422300407003
0.02396 0.000120369907040635
0.0239775 0.000120317475393022
0.023995 0.000120265005464165
0.0240125 0.000120212497254062
0.02403 0.000120159950762715
0.0240475 0.000120107365990122
0.024065 0.000120054742936285
0.0240825 0.000120002081601203
0.0241 0.000119949381984875
0.0241175 0.000119896644087303
0.024135 0.000119843867908486
0.0241525 0.000119791053448424
0.02417 0.000119738200707117
0.0241875 0.000119685309684565
0.024205 0.000119632380380768
0.0242225 0.000119579412795726
0.02424 0.000119526406929439
0.0242575 0.000119473362781907
0.024275 0.00011942028035313
0.0242925 0.000119367159643108
0.02431 0.000119314000651841
0.0243275 0.000119260803379329
0.024345 0.000119207567825572
0.0243625 0.00011915429399057
0.02438 0.000119100981874323
0.0243975 0.00011904763147683
0.024415 0.000118994242798093
0.0244325 0.000118940815838111
0.02445 0.000118887350596883
0.0244675 0.00011883384707441
0.024485 0.000118780305270693
0.0245025 0.00011872672518573
0.02452 0.000118673106819522
0.0245375 0.000118619450172069
0.024555 0.00011856575524337
0.0245725 0.000118512022033427
0.02459 0.000118458250542238
0.0246075 0.000118404440769805
0.024625 0.000118350592716126
0.0246425 0.000118296706381202
0.02466 0.000118242781765032
0.0246775 0.000118188818867618
0.024695 0.000118134817688958
0.0247125 0.000118080778229053
0.02473 0.000118026700487903
0.0247475 0.000117972584465508
0.024765 0.000117918430161868
0.0247825 0.000117864237576982
0.0248 0.000117810006710851
0.0248175 0.000117755737563475
0.024835 0.000117701430134854
0.0248525 0.000117647084424987
0.02487 0.000117592700433875
0.0248875 0.000117538278161518
0.024905 0.000117483817607916
0.0249225 0.000117429318773068
0.02494 0.000117374781656975
0.0249575 0.000117320206259637
0.024975 0.000117265592581053
0.0249925 0.000117210940621224
0.02501 0.00011715625038015
0.0250275 0.000117101521857831
0.025045 0.000117046755054266
0.0250625 0.000116991949969456
0.02508 0.0001169371066034
0.0250975 0.0001168822249561
0.025115 0.000116827305027553
0.0251325 0.000116772346817762
0.02515 0.000116717350326725
0.0251675 0.000116662315554443
0.025185 0.000116607242500915
0.0252025 0.000116552131166142
0.02522 0.000116496981550124
0.0252375 0.00011644179365286
0.025255 0.000116386567474351
0.0252725 0.000116331303014597
0.02529 0.000116276000273597
0.0253075 0.000116220659251351
0.025325 0.000116165279947861
0.0253425 0.000116109862363124
0.02536 0.000116054406497143
0.0253775 0.000115998912349916
0.025395 0.000115943379921443
0.0254125 0.000115887809211725
0.02543 0.000115832200220762
0.0254475 0.000115776552948553
0.025465 0.000115720867395099
0.0254825 0.000115665143560399
0.0255 0.000115609381444454
0.0255175 0.000115553581047263
0.025535 0.000115497742368827
0.0255525 0.000115441865409145
0.02557 0.000115385950168218
0.0255875 0.000115329996646045
0.025605 0.000115274004842627
0.0256225 0.000115217974757963
0.02564 0.000115161906392054
0.0256575 0.000115105799744899
0.025675 0.000115049654816498
0.0256925 0.000114993471606852
0.02571 0.00011493725011596
0.0257275 0.000114880990343823
0.025745 0.00011482469229044
0.0257625 0.000114768355955812
0.02578 0.000114711981339938
0.0257975 0.000114655568442818
0.025815 0.000114599117264453
0.0258325 0.000114542627804842
0.02585 0.000114486100063986
0.0258675 0.000114429534041884
0.025885 0.000114372929738536
0.0259025 0.000114316287153943
0.02592 0.000114259606288104
0.0259375 0.000114202887141019
0.025955 0.000114146129712689
0.0259725 0.000114089334003113
0.02599 0.000114032500012292
0.0260075 0.000113975627740225
0.026025 0.000113918717186912
0.0260425 0.000113861768352354
0.02606 0.000113804781236549
0.0260775 0.0001137477558395
0.026095 0.000113690692161204
0.0261125 0.000113633590201663
0.02613 0.000113576449960876
0.0261475 0.000113519271438844
0.026165 0.000113462054635565
0.0261825 0.000113404799551041
0.0262 0.000113347506185272
0.0262175 0.000113290174538256
0.026235 0.000113232804609995
0.0262525 0.000113175396400488
0.02627 0.000113117949909735
0.0262875 0.000113060465137737
0.026305 0.000113002942084493
0.0263225 0.000112945380750003
0.02634 0.000112887781134267
0.0263575 0.000112830143237285
0.026375 0.000112772467059058
0.0263925 0.000112714752599585
0.02641 0.000112656999858866
0.0264275 0.000112599208836901
0.026445 0.000112541379533691
0.0264625 0.000112483511949234
0.02648 0.000112425606083532
0.0264975 0.000112367661936584
0.026515 0.00011230967950839
0.0265325 0.000112251658798951
0.02655 0.000112193599808265
0.0265675 0.000112135502536334
0.026585 0.000112077366983157
0.0266025 0.000112019193148734
0.02662 0.000111960981033065
0.0266375 0.00011190273063615
0.026655 0.00011184444195799
0.0266725 0.000111786114998583
0.02669 0.000111727749757931
0.0267075 0.000111669346236033
0.026725 0.000111610904432888
0.0267425 0.000111552424348498
0.02676 0.000111493905982863
0.0267775 0.000111435349335981
0.026795 0.000111376754407853
0.0268125 0.000111318121198479
0.02683 0.00011125944970786
0.0268475 0.000111200739935994
0.026865 0.000111141991882883
0.0268825 0.000111083205548525
0.0269 0.000111024380932922
0.0269175 0.000110965518036073
0.026935 0.000110906616857978
0.0269525 0.000110847677398637
0.02697 0.000110788699658049
0.0269875 0.000110729683636216
0.027005 0.000110670629333137
0.0270225 0.000110611536748812
0.02704 0.000110552405883241
0.0270575 0.000110493236736424
0.027075 0.000110434029308361
0.0270925 0.000110374783599052
0.02711 0.000110315499608497
0.0271275 0.000110256177336696
0.027145 0.000110196816783649
0.0271625 0.000110137417949356
0.02718 0.000110077980833817
0.0271975 0.000110018505437032
0.027215 0.000109958991759001
0.0272325 0.000109899439799723
0.02725 0.0001098398495592
0.0272675 0.000109780221037431
0.027285 0.000109720554234415
0.0273025 0.000109660849150154
0.02732 0.000109601105784647
0.0273375 0.000109541324137893
0.027355 0.000109481504209893
0.0273725 0.000109421646000648
0.02739 0.000109361749510156
0.0274075 0.000109301814738418
0.027425 0.000109241841685434
0.0274425 0.000109181830351204
0.02746 0.000109121780735727
0.0274775 0.000109061692839005
0.027495 0.000109001566661037
0.0275125 0.000108941402201822
0.02753 0.000108881199461361
0.0275475 0.000108820958439654
0.027565 0.000108760679136701
0.0275825 0.000108700361552502
0.0276 0.000108640005687057
0.0276175 0.000108579611540365
0.027635 0.000108519179112428
0.0276525 0.000108458708403244
0.02767 0.000108398199412814
0.0276875 0.000108337652141138
0.027705 0.000108277066588216
0.0277225 0.000108216442754047
0.02774 0.000108155780638633
0.0277575 0.000108095080241972
0.027775 0.000108034341564065
0.0277925 0.000107973564604912
0.02781 0.000107912749364512
0.0278275 0.000107851895842867
0.027845 0.000107791004039975
0.0278625 0.000107730073955837
0.02788 0.000107669105590453
0.0278975 0.000107608098943822
0.027915 0.000107547054015946
0.0279325 0.000107485970806823
0.02795 0.000107424849316454
0.0279675 0.000107363689544838
0.027985 0.000107302491491976
0.0280025 0.000107241255157869
0.02802 0.000107179980542514
0.0280375 0.000107118667645914
0.028055 0.000107057316468067
0.0280725 0.000106995927008974
0.02809 0.000106934499268635
0.0281075 0.000106873033247049
0.028125 0.000106811528944218
0.0281425 0.000106749986360139
0.02816 0.000106688405494815
0.0281775 0.000106626786348244
0.028195 0.000106565128920427
0.0282125 0.000106503433211364
0.02823 0.000106441699221054
0.0282475 0.000106379926949498
0.028265 0.000106318116396696
0.0282825 0.000106256267562647
0.0283 0.000106194380447352
0.0283175 0.000106132455050811
0.028335 0.000106070491373023
0.0283525 0.000106008489413989
0.02837 0.000105946449173709
0.0283875 0.000105884370652182
0.028405 0.000105822253849409
0.0284225 0.000105760098765389
0.02844 0.000105697905400124
0.0284575 0.000105635673753611
0.028475 0.000105573403825853
0.0284925 0.000105511095616848
0.02851 0.000105448749126596
0.0285275 0.000105386364355099
0.028545 0.000105323941302354
0.0285625 0.000105261479968364
0.02858 0.000105198980353127
0.0285975 0.000105136442456643
0.028615 0.000105073866278914
0.0286325 0.000105011251819937
0.02865 0.000104948599079715
0.0286675 0.000104885908058246
0.028685 0.00010482317875553
0.0287025 0.000104760411171568
0.02872 0.00010469760530636
0.0287375 0.000104634761159905
0.028755 0.000104571878732204
0.0287725 0.000104508958023256
0.02879 0.000104445999033062
0.0288075 0.000104383001761621
0.028825 0.000104319966208934
0.0288425 0.000104256892375
0.02886 0.00010419378025982
0.0288775 0.000104130629863394
0.028895 0.000104067441185721
0.0289125 0.000104004214226801
0.02893 0.000103940948986635
0.0289475 0.000103877645465223
0.028965 0.000103814303662564
0.0289825 0.000103750923578658
0.029 0.000103687505213506
0.0290175 0.000103624048567108
0.029035 0.000103560553639463
0.0290525 0.000103497020430571
0.02907 0.000103433448940433
0.0290875 0.000103369839169049
0.029105 0.000103306191116418
0.0291225 0.00010324250478254
0.02914 0.000103178780167416
0.0291575 0.000103115017271045
0.029175 0.000103051216093427
0.0291925 0.000102987376634563
0.02921 0.000102923498894453
0.0292275 0.000102859582873096
0.029245 0.000102795628570492
0.0292625 0.000102731635986642
0.02928 0.000102667605121545
0.0292975 0.000102603535975202
0.029315 0.000102539428547612
0.0293325 0.000102475282838776
0.02935 0.000102411098848692
0.0293675 0.000102346876577363
0.029385 0.000102282616024786
0.0294025 0.000102218317190963
0.02942 0.000102153980075894
0.0294375 0.000102089604679578
0.029455 0.000102025191002015
0.0294725 0.000101960739043206
0.02949 0.00010189624880315
0.0295075 0.000101831720281847
0.029525 0.000101767153479298
0.0295425 0.000101702548395502
0.02956 0.000101637905030459
0.0295775 0.00010157322338417
0.029595 0.000101508503456634
0.0296125 0.000101443745247852
0.02963 0.000101378948757823
0.0296475 0.000101314113986547
0.029665 0.000101249240934024
0.0296825 0.000101184329600255
0.0297 0.00010111937998524
0.0297175 0.000101054392088977
0.029735 0.000100989365911468
0.0297525 0.000100924301452712
0.02977 0.00010085919871271
0.0297875 0.00010079405769146
0.029805 0.000100728878388964
0.0298225 0.000100663660805222
0.02984 0.000100598404940232
0.0298575 0.000100533110793996
0.029875 0.000100467778366514
0.0298925 0.000100402407657784
0.02991 0.000100336998667808
0.0299275 0.000100271551396585
0.029945 0.000100206065844115
0.0299625 0.000100140542010399
0.02998 0.000100074979895436
0.0299975 0.000100009379499226
0.030015 9.99437408217696e-05
0.0300325 9.98780638630662e-05
0.03005 9.98123486231161e-05
0.0300675 9.97465951019192e-05
0.030085 9.96808032994756e-05
0.0301025 9.96149732157852e-05
0.03012 9.95491048508481e-05
0.0301375 9.94831982046641e-05
0.030155 9.94172532772335e-05
0.0301725 9.9351270068556e-05
0.03019 9.92852485786317e-05
0.0302075 9.92191888074607e-05
0.030225 9.91530907550429e-05
0.0302425 9.90869544213783e-05
0.03026 9.90207798064669e-05
0.0302775 9.89545669103087e-05
0.030295 9.88883157329037e-05
0.0303125 9.88220262742519e-05
0.03033 9.87556985343533e-05
0.0303475 9.86893325132079e-05
0.030365 9.86229282108156e-05
0.0303825 9.85564856271765e-05
0.0304 9.84900047622906e-05
0.0304175 9.84234856161579e-05
0.030435 9.83569281887784e-05
0.0304525 9.8290332480152e-05
0.03047 9.82236984902787e-05
0.0304875 9.81570262191587e-05
0.030505 9.80903156667918e-05
0.0305225 9.8023566833178e-05
0.03054 9.79567797183175e-05
0.0305575 9.788995432221e-05
0.030575 9.78230906448557e-05
0.0305925 9.77561886862544e-05
0.03061 9.76892484464064e-05
0.0306275 9.76222699253115e-05
0.030645 9.75552531229696e-05
0.0306625 9.7488198039381e-05
0.03068 9.74211046745454e-05
0.0306975 9.7353973028463e-05
0.030715 9.72868031011336e-05
0.0307325 9.72195948925574e-05
0.03075 9.71523484027343e-05
0.0307675 9.70850636316643e-05
0.030785 9.70177405793473e-05
0.0308025 9.69503792457834e-05
0.03082 9.68829796309726e-05
0.0308375 9.68155417349149e-05
0.030855 9.67480655576103e-05
0.0308725 9.66805510990588e-05
0.03089 9.66129983592603e-05
0.0309075 9.65454073382149e-05
0.030925 9.64777780359225e-05
0.0309425 9.64101104523833e-05
0.03096 9.63424045875971e-05
0.0309775 9.6274660441564e-05
0.030995 9.62068780142839e-05
0.0310125 9.61390573057568e-05
0.03103 9.60711983159829e-05
0.0310475 9.60033010449619e-05
0.031065 9.5935365492694e-05
0.0310825 9.58673916591791e-05
0.0311 9.57993795444173e-05
0.0311175 9.57313291484085e-05
0.031135 9.56632404711528e-05
0.0311525 9.559511351265e-05
0.03117 9.55269482729003e-05
0.0311875 9.54587447519036e-05
0.031205 9.539050294966e-05
0.0312225 9.53222228661693e-05
0.03124 9.52539045014316e-05
0.0312575 9.5185547855447e-05
0.031275 9.51171529282153e-05
0.0312925 9.50487197197366e-05
0.03131 9.49802482300109e-05
0.0313275 9.49117384590382e-05
0.031345 9.48431904068186e-05
0.0313625 9.47746040733518e-05
0.03138 9.47059794586381e-05
0.0313975 9.46373165626773e-05
0.031415 9.45686153854695e-05
0.0314325 9.44998759270147e-05
0.03145 9.44310981873127e-05
0.0314675 9.43622821663639e-05
0.031485 9.42934278641679e-05
0.0315025 9.42245352807249e-05
0.03152 9.41556044160348e-05
0.0315375 9.40866352700978e-05
0.031555 9.40176278429136e-05
0.0315725 9.39485821344824e-05
0.03159 9.38794981448042e-05
0.0316075 9.38103758738789e-05
0.031625 9.37412153217065e-05
0.0316425 9.3672016488287e-05
0.03166 9.36027793736205e-05
0.0316775 9.35335039777069e-05
0.031695 9.34641903005462e-05
0.0317125 9.33948383421384e-05
0.03173 9.33254481024835e-05
0.0317475 9.32560195815816e-05
0.031765 9.31865527794326e-05
0.0317825 9.31170476960364e-05
0.0318 9.30475043313932e-05
0.0318175 9.29779226855029e-05
0.031835 9.29083027583655e-05
0.0318525 9.28386445499809e-05
0.03187 9.27689480603493e-05
0.0318875 9.26992132894705e-05
0.031905 9.26294402373446e-05
0.0319225 9.25596289039716e-05
0.03194 9.24897792893515e-05
0.0319575 9.24198913934843e-05
0.031975 9.23499652163699e-05
0.0319925 9.22800007580083e-05
0.03201 9.22099980183997e-05
0.0320275 9.21399569975439e-05
0.032045 9.20698776954409e-05
0.0320625 9.19997601120909e-05
0.03208 9.19296042474936e-05
0.0320975 9.18594101016492e-05
0.032115 9.17891776745577e-05
0.0321325 9.1718906966219e-05
0.03215 9.16485979766332e-05
0.0321675 9.15782507058001e-05
0.032185 9.15078651537199e-05
0.0322025 9.14374413203926e-05
0.03222 9.13669792058181e-05
0.0322375 9.12964788099964e-05
0.032255 9.12259401329275e-05
0.0322725 9.11553631746115e-05
0.03229 9.10847479350482e-05
0.0323075 9.10140944142377e-05
0.032325 9.09434026121801e-05
0.0323425 9.08726725288753e-05
0.03236 9.08019041643232e-05
0.0323775 9.0731097518524e-05
0.032395 9.06602525914775e-05
0.0324125 9.05893693831839e-05
0.03243 9.0518447893643e-05
0.0324475 9.04474881228549e-05
0.032465 9.03764900708196e-05
0.0324825 9.03054537375372e-05
0.0325 9.02343791230074e-05
0.0325175 9.01632662272305e-05
0.032535 9.00921150502063e-05
0.0325525 9.00209255919349e-05
0.03257 8.99496978524163e-05
0.0325875 8.98784318316503e-05
0.032605 8.98071275296373e-05
0.0326225 8.97357849463769e-05
0.03264 8.96644040818693e-05
0.0326575 8.95929849361144e-05
0.032675 8.95215275091123e-05
0.0326925 8.94500318008629e-05
0.03271 8.93784978113663e-05
0.0327275 8.93069255406224e-05
0.032745 8.92353149886313e-05
0.0327625 8.91636661553929e-05
0.03278 8.90919790409072e-05
0.0327975 8.90202536451742e-05
0.032815 8.8948489968194e-05
0.0328325 8.88766880099665e-05
0.03285 8.88048477704917e-05
0.0328675 8.87329692497696e-05
0.032885 8.86610524478003e-05
0.0329025 8.85890973645836e-05
0.03292 8.85171040001196e-05
0.0329375 8.84450723544084e-05
0.032955 8.83730024274498e-05
0.0329725 8.83008942192439e-05
0.03299 8.82287477297908e-05
0.0330075 8.81565629590903e-05
0.033025 8.80843399071426e-05
0.0330425 8.80120785739475e-05
0.03306 8.79397789595051e-05
0.0330775 8.78674410638154e-05
0.033095 8.77950648868783e-05
0.0331125 8.77226504286939e-05
0.03313 8.76501976892622e-05
0.0331475 8.75777066685832e-05
0.033165 8.75051773666568e-05
0.0331825 8.74326097834831e-05
0.0332 8.7360003919062e-05
0.0332175 8.72873597733937e-05
0.033235 8.7214677346478e-05
0.0332525 8.71419566383149e-05
0.03327 8.70691976489045e-05
0.0332875 8.69964003782468e-05
0.033305 8.69235648263416e-05
0.0333225 8.68506909931892e-05
0.03334 8.67777788787893e-05
0.0333575 8.67048284831421e-05
0.033375 8.66318398062476e-05
0.0333925 8.65588128481056e-05
0.03341 8.64857476087163e-05
0.0334275 8.64126440880796e-05
0.033445 8.63395022861955e-05
0.0334625 8.62663222030641e-05
0.03348 8.61931038386853e-05
0.0334975 8.61198471930591e-05
0.033515 8.60465522661855e-05
0.0335325 8.59732190580645e-05
0.03355 8.58998475686961e-05
0.0335675 8.58264377980804e-05
0.033585 8.57529897462172e-05
0.0336025 8.56795034131066e-05
0.03362 8.56059787987487e-05
0.0336375 8.55324159031433e-05
0.033655 8.54588147262904e-05
0.0336725 8.53851752681903e-05
0.03369 8.53114975288426e-05
0.0337075 8.52377815082476e-05
0.033725 8.51640272064051e-05
0.0337425 8.50902346233152e-05
0.03376 8.50164037589779e-05
0.0337775 8.49425346133931e-05
0.033795 8.48686271865609e-05
0.0338125 8.47946814784813e-05
0.03383 8.47206974891543e-05
0.0338475 8.46466752185798e-05
0.033865 8.45726146667578e-05
0.0338825 8.44985158336885e-05
0.0339 8.44243787193716e-05
0.0339175 8.43502033238074e-05
0.033935 8.42759896469956e-05
0.0339525 8.42017376889365e-05
0.03397 8.41274474496298e-05
0.0339875 8.40531189290757e-05
0.034005 8.39787521272741e-05
0.0340225 8.39043470442251e-05
0.03404 8.38299036799285e-05
0.0340575 8.37554220343845e-05
0.034075 8.36809021075931e-05
0.0340925 8.36063438995542e-05
0.03411 8.35317474102677e-05
0.0341275 8.34571126397338e-05
0.034145 8.33824395879524e-05
0.0341625 8.33077282549235e-05
0.03418 8.32329786406472e-05
0.0341975 8.31581907451233e-05
0.034215 8.3083364568352e-05
0.0342325 8.30085001103332e-05
0.03425 8.29335973710668e-05
0.0342675 8.2858656350553e-05
0.034285 8.27836770487916e-05
0.0343025 8.27086594657828e-05
0.03432 8.26336036015264e-05
0.0343375 8.25585094560225e-05
0.034355 8.24833770292711e-05
0.0343725 8.24082063212722e-05
0.03439 8.23329973320258e-05
0.0344075 8.22577500615319e-05
0.034425 8.21824645097904e-05
0.0344425 8.21071406768014e-05
0.03446 8.20317785625649e-05
0.0344775 8.19563781670809e-05
0.034495 8.18809394903493e-05
0.0345125 8.18054625323701e-05
0.03453 8.17299472931435e-05
0.0345475 8.16543937726692e-05
0.034565 8.15788019709475e-05
0.0345825 8.15031718879782e-05
0.0346 8.14275035237613e-05
0.0346175 8.13517968782969e-05
0.034635 8.12760519515849e-05
0.0346525 8.12002687436254e-05
0.03467 8.11244472544183e-05
0.0346875 8.10485874839636e-05
0.034705 8.09726894322614e-05
0.0347225 8.08967530993116e-05
0.03474 8.08207784851142e-05
0.0347575 8.07447655896693e-05
0.034775 8.06687144129768e-05
0.0347925 8.05926249550367e-05
0.03481 8.05164972158491e-05
0.0348275 8.04403311954138e-05
0.034845 8.03641268937309e-05
0.0348625 8.02878843108005e-05
0.03488 8.02116034466225e-05
0.0348975 8.01352843011969e-05
0.034915 8.00589268745237e-05
0.0349325 7.99825311666029e-05
0.03495 7.99060971774345e-05
0.0349675 7.98296249070185e-05
0.034985 7.97531143553549e-05
0.0350025 7.96765655224437e-05
0.03502 7.95999784082849e-05
0.0350375 7.95233530128785e-05
0.035055 7.94466893362244e-05
0.0350725 7.93699873783228e-05
0.03509 7.92932471391735e-05
0.0351075 7.92164686187766e-05
0.035125 7.91396518171321e-05
0.0351425 7.906279673424e-05
0.03516 7.89859033701002e-05
0.0351775 7.89089717247128e-05
0.035195 7.88320017980777e-05
0.0352125 7.87549935901951e-05
0.03523 7.86779471010648e-05
0.0352475 7.86008623306868e-05
0.035265 7.85237392790612e-05
0.0352825 7.8446577946188e-05
0.0353 7.83693783320671e-05
0.0353175 7.82921404366986e-05
0.035335 7.82148642600823e-05
0.0353525 7.81375498022185e-05
0.03537 7.8060197063107e-05
0.0353875 7.79828060427478e-05
0.035405 7.79053767411411e-05
0.0354225 7.78279091582866e-05
0.03544 7.77504032941844e-05
0.0354575 7.76728591488346e-05
0.035475 7.7595276722237e-05
0.0354925 7.75176560143918e-05
0.03551 7.7439997025299e-05
0.0355275 7.73622997549585e-05
0.035545 7.72845642033703e-05
0.0355625 7.72067903705344e-05
0.03558 7.71289782564508e-05
0.0355975 7.70511278611195e-05
0.035615 7.69732391845405e-05
0.0356325 7.68953122267138e-05
0.03565 7.68173469876395e-05
0.0356675 7.67393434673174e-05
0.035685 7.66613016657477e-05
0.0357025 7.65832215829302e-05
0.03572 7.65051032188651e-05
0.0357375 7.64269465735522e-05
0.035755 7.63487516469916e-05
0.0357725 7.62705184391833e-05
0.03579 7.61922469501273e-05
0.0358075 7.61139371798236e-05
0.035825 7.60355891282722e-05
0.0358425 7.59572027954731e-05
0.03586 7.58787781814262e-05
0.0358775 7.58003152861317e-05
0.035895 7.57218141095895e-05
0.0359125 7.56432746517995e-05
0.03593 7.55646969127617e-05
0.0359475 7.54860808924763e-05
0.035965 7.54074265909431e-05
0.0359825 7.53287340081622e-05
0.036 7.52500031441336e-05
0.0360175 7.51712339988572e-05
0.036035 7.5092426572333e-05
0.0360525 7.50135808645611e-05
0.03607 7.49346968755414e-05
0.0360875 7.4855774605274e-05
0.036105 7.47768140537589e-05
0.0361225 7.4697815220996e-05
0.03614 7.46187781069853e-05
0.0361575 7.45397027117269e-05
0.036175 7.44605890352207e-05
0.0361925 7.43814370774667e-05
0.03621 7.4302246838465e-05
0.0362275 7.42230183182155e-05
0.036245 7.41437515167183e-05
0.0362625 7.40644464339732e-05
0.03628 7.39851030699804e-05
0.0362975 7.39057214247398e-05
0.036315 7.38263014982514e-05
0.0363325 7.37468432905152e-05
0.03635 7.36673468015313e-05
0.0363675 7.35878120312996e-05
0.036385 7.350823897982e-05
0.0364025 7.34286276470927e-05
0.03642 7.33489780331176e-05
0.0364375 7.32692901378947e-05
0.036455 7.3189563961424e-05
0.0364725 7.31097995037054e-05
0.03649 7.30299967647391e-05
0.0365075 7.29501557445251e-05
0.036525 7.28702764430632e-05
0.0365425 7.27903588603535e-05
0.03656 7.2710402996396e-05
0.0365775 7.26304088511906e-05
0.036595 7.25503764247374e-05
0.0366125 7.24703057170364e-05
0.03663 7.23901967280876e-05
0.0366475 7.2310049457891e-05
0.036665 7.22298639064466e-05
0.0366825 7.21496400737543e-05
0.0367 7.20693779598142e-05
0.0367175 7.19890775646263e-05
0.036735 7.19087388881906e-05
0.0367525 7.1828361930507e-05
0.03677 7.17479466915756e-05
0.0367875 7.16674931713964e-05
0.036805 7.15870013699693e-05
0.0368225 7.15064712872945e-05
0.03684 7.14259029233718e-05
0.0368575 7.13452962782012e-05
0.036875 7.12646513517828e-05
0.0368925 7.11839681441166e-05
0.03691 7.11032466552025e-05
0.0369275 7.10224868850406e-05
0.036945 7.09416888336308e-05
0.0369625 7.08608525009731e-05
0.03698 7.07799778870676e-05
0.0369975 7.06990649919143e-05
0.037015 7.0618113815513e-05
0.0370325 7.05371243578639e-05
0.03705 7.0456096618967e-05
0.0370675 7.03750305988222e-05
0.037085 7.02939262974296e-05
0.0371025 7.02127837147891e-05
0.03712 7.01316028509007e-05
0.0371375 7.00503837057644e-05
0.037155 6.99691262793803e-05
0.0371725 6.98878305717483e-05
0.03719 6.98064965828684e-05
0.0372075 6.97251243127406e-05
0.037225 6.9643713761365e-05
0.0372425 6.95622649287415e-05
0.03726 6.948077781487e-05
0.0372775 6.93992524197507e-05
0.037295 6.93176887433835e-05
0.0373125 6.92360867857683e-05
0.03733 6.91544465469053e-05
0.0373475 6.90727680267943e-05
0.037365 6.89910512254355e-05
0.0373825 6.89092961428288e-05
0.0374 6.88275027789741e-05
0.0374175 6.87456711338716e-05
0.037435 6.86638012075211e-05
0.0374525 6.85818929999228e-05
0.03747 6.84999465110765e-05
0.0374875 6.84179617409824e-05
0.037505 6.83359386896403e-05
0.0375225 6.82538773570503e-05
0.03754 6.81717777432124e-05
0.0375575 6.80896398481266e-05
0.037575 6.80074636717929e-05
0.0375925 6.79252492142112e-05
0.03761 6.78429964753815e-05
0.0376275 6.7760705455304e-05
0.037645 6.76783761539785e-05
0.0376625 6.75960085714051e-05
0.03768 6.75136027075837e-05
0.0376975 6.74311585625144e-05
0.037715 6.73486761361972e-05
0.0377325 6.72661554286319e-05
0.03775 6.71835964398188e-05
0.0377675 6.71009991697577e-05
0.037785 6.70183636184487e-05
0.0378025 6.69356897858917e-05
0.03782 6.68529776720868e-05
0.0378375 6.6770227277034e-05
0.037855 6.66874386007332e-05
0.0378725 6.66046116431845e-05
0.03789 6.65217464043878e-05
0.0379075 6.64388428843432e-05
0.037925 6.63559010830505e-05
0.0379425 6.627292100051e-05
0.03796 6.61899026367214e-05
0.0379775 6.6106845991685e-05
0.037995 6.60237510654005e-05
0.0380125 6.59406178578681e-05
0.03803 6.58574463690877e-05
0.0380475 6.57742365990593e-05
0.038065 6.5690988547783e-05
0.0380825 6.56077022152586e-05
0.0381 6.55243776014864e-05
0.0381175 6.54410147064661e-05
0.038135 6.53576135301978e-05
0.0381525 6.52741740726816e-05
0.03817 6.51906963339174e-05
0.0381875 6.51071803139052e-05
0.038205 6.50236260126451e-05
0.0382225 6.49400334301369e-05
0.03824 6.48564025663808e-05
0.0382575 6.47727334213767e-05
0.038275 6.46890259951245e-05
0.0382925 6.46052802876244e-05
0.03831 6.45214962988764e-05
0.0383275 6.44376740288802e-05
0.038345 6.43538134776361e-05
0.0383625 6.4269914645144e-05
0.03838 6.41859775314038e-05
0.0383975 6.41020021364157e-05
0.038415 6.40179884601795e-05
0.0384325 6.39339365026954e-05
0.03845 6.38498462639633e-05
0.0384675 6.37657177439831e-05
0.038485 6.36815509427549e-05
0.0385025 6.35973458602787e-05
0.03852 6.35131024965545e-05
0.0385375 6.34288208515823e-05
0.038555 6.3344500925362e-05
0.0385725 6.32601427178938e-05
0.03859 6.31757462291775e-05
0.0386075 6.30913114592132e-05
0.038625 6.30068384080008e-05
0.0386425 6.29223270755404e-05
0.03866 6.2837777461832e-05
0.0386775 6.27531895668755e-05
0.038695 6.2668563390671e-05
0.0387125 6.25838989332185e-05
0.03873 6.24991961945179e-05
0.0387475 6.24144551745692e-05
0.038765 6.23296758733725e-05
0.0387825 6.22448582909278e-05
0.0388 6.2160002427235e-05
0.0388175 6.20751082822941e-05
0.038835 6.19901758561052e-05
0.0388525 6.19052051486682e-05
0.03887 6.18201961599832e-05
0.0388875 6.17351488900501e-05
0.038905 6.1650063338869e-05
0.0389225 6.15649395064398e-05
0.03894 6.14797773927625e-05
0.0389575 6.13945769978371e-05
0.038975 6.13093383216638e-05
0.0389925 6.12240613642423e-05
0.03901 6.11387461255727e-05
0.0390275 6.10533926056551e-05
0.039045 6.09680008044894e-05
0.0390625 6.08825707220756e-05
0.03908 6.07971023584137e-05
0.0390975 6.07115957135037e-05
0.039115 6.06260507873458e-05
0.0391325 6.05404675799396e-05
0.03915 6.04548460912854e-05
0.0391675 6.03691863213831e-05
0.039185 6.02834882702328e-05
0.0392025 6.01977519378344e-05
0.03922 6.01119773241878e-05
0.0392375 6.00261644292932e-05
0.039255 5.99403132531504e-05
0.0392725 5.98544237957596e-05
0.03929 5.97684960571206e-05
0.0393075 5.96825300372335e-05
0.039325 5.95965257360983e-05
0.0393425 5.9510483153715e-05
0.03936 5.94244022900836e-05
0.0393775 5.93382831452041e-05
0.039395 5.92521257190765e-05
0.0394125 5.91659300117007e-05
0.03943 5.90796960230769e-05
0.0394475 5.89934237532049e-05
0.039465 5.89071132020849e-05
0.0394825 5.88207643697167e-05
0.0395 5.87343772561003e-05
0.0395175 5.8647951861236e-05
0.039535 5.85614881851234e-05
0.0395525 5.84749862277627e-05
0.03957 5.83884459891539e-05
0.0395875 5.8301867469297e-05
0.039605 5.82152506681919e-05
0.0396225 5.81285955858387e-05
0.03964 5.80419022222374e-05
0.0396575 5.7955170577388e-05
0.039675 5.78684006512904e-05
0.0396925 5.77815924439446e-05
0.03971 5.76947459553508e-05
0.0397275 5.76078611855088e-05
0.039745 5.75209381344186e-05
0.0397625 5.74339768020803e-05
0.03978 5.73469771884939e-05
0.0397975 5.72599392936593e-05
0.039815 5.71728631175766e-05
0.0398325 5.70857486602457e-05
0.03985 5.69985959216667e-05
0.0398675 5.69114049018395e-05
0.039885 5.68241756007642e-05
0.0399025 5.67369080184406e-05
0.03992 5.6649602154869e-05
0.0399375 5.65622580100492e-05
0.039955 5.64748755839812e-05
0.0399725 5.6387454876665e-05
0.03999 5.62999958881007e-05
0.0400075 5.62124986182882e-05
0.040025 5.61249630672275e-05
0.0400425 5.60373892349187e-05
0.04006 5.59497771213617e-05
0.0400775 5.58621267265565e-05
0.040095 5.57744380505032e-05
0.0401125 5.56867110932017e-05
0.04013 5.5598945854652e-05
0.0401475 5.55111423348541e-05
0.040165 5.5423300533808e-05
0.0401825 5.53354204515138e-05
0.0402 5.52475020879714e-05
0.0402175 5.51595454431807e-05
0.040235 5.50715505171419e-05
0.0402525 5.4983517309855e-05
0.04027 5.48954458213198e-05
0.0402875 5.48073360515364e-05
0.040305 5.47191880005048e-05
0.0403225 5.46310016682251e-05
0.04034 5.45427770546971e-05
0.0403575 5.44545141599209e-05
0.040375 5.43662129838966e-05
0.0403925 5.42778735266241e-05
0.04041 5.41894957881033e-05
0.0404275 5.41010797683343e-05
0.040445 5.40126254673171e-05
0.0404625 5.39241328850517e-05
0.04048 5.38356020215381e-05
0.0404975 5.37470328767763e-05
0.040515 5.36584254507663e-05
0.0405325 5.35697797435082e-05
0.04055 5.34810957550017e-05
0.0405675 5.33923734852471e-05
0.040585 5.33036129342443e-05
0.0406025 5.32148141019932e-05
0.04062 5.31259769884939e-05
0.0406375 5.30371015937463e-05
0.040655 5.29481879177507e-05
0.0406725 5.28592359605067e-05
0.04069 5.27702457220145e-05
0.0407075 5.2681217202274e-05
0.040725 5.25921504012854e-05
0.0407425 5.25030453190485e-05
0.04076 5.24139019555633e-05
0.0407775 5.232472031083e-05
0.040795 5.22355003848484e-05
0.0408125 5.21462421776185e-05
0.04083 5.20569456891404e-05
0.0408475 5.19676109194141e-05
0.040865 5.18782378684395e-05
0.0408825 5.17888265362167e-05
0.0409 5.16993769227456e-05
0.0409175 5.16098890280263e-05
0.040935 5.15203628520588e-05
0.0409525 5.14307983948429e-05
0.04097 5.13411956563788e-05
0.0409875 5.12515546366665e-05
0.041005 5.11618753357059e-05
0.0410225 5.1072157753497e-05
0.04104 5.09824018900399e-05
0.0410575 5.08926077453345e-05
0.041075 5.08027753193809e-05
0.0410925 5.0712904612179e-05
0.04111 5.06229956237289e-05
0.0411275 5.05330483540305e-05
0.041145 5.04430628030837e-05
0.0411625 5.03530389708888e-05
0.04118 5.02629768574456e-05
0.0411975 5.01728764627541e-05
0.041215 5.00827377868143e-05
0.0412325 4.99925608296263e-05
0.04125 4.990234559119e-05
0.0412675 4.98120920715054e-05
0.041285 4.97218002705725e-05
0.0413025 4.96314701883913e-05
0.04132 4.95411018249619e-05
0.0413375 4.94506951802842e-05
0.041355 4.93602502543581e-05
0.0413725 4.92697670471838e-05
0.04139 4.91792455587613e-05
0.0414075 4.90886857890904e-05
0.041425 4.89980877381712e-05
0.0414425 4.89074514060037e-05
0.04146 4.8816776792588e-05
0.0414775 4.8726063897924e-05
0.041495 4.86353127220116e-05
0.0415125 4.8544523264851e-05
0.04153 4.8453695526442e-05
0.0415475 4.83628295067848e-05
0.041565 4.82719252058792e-05
0.0415825 4.81809826237254e-05
0.0416 4.80900017603232e-05
0.0416175 4.79989826156727e-05
0.041635 4.79079251897739e-05
0.0416525 4.78168294826269e-05
0.04167 4.77256954942315e-05
0.0416875 4.76345232245878e-05
0.041705 4.75433126736957e-05
0.0417225 4.74520638415554e-05
0.04174 4.73607767281668e-05
0.0417575 4.72694513335298e-05
0.041775 4.71780876576445e-05
0.0417925 4.70866857005109e-05
0.04181 4.6995245462129e-05
0.0418275 4.69037669424987e-05
0.041845 4.68122501416202e-05
0.0418625 4.67206950594933e-05
0.04188 4.6629101696118e-05
0.0418975 4.65374700514944e-05
0.041915 4.64458001256226e-05
0.0419325 4.63540919185023e-05
0.04195 4.62623454301338e-05
0.0419675 4.61705606605168e-05
0.041985 4.60787376096516e-05
0.0420025 4.59868762775381e-05
0.04202 4.58949766641761e-05
0.0420375 4.58030387695658e-05
0.042055 4.57110625937073e-05
0.0420725 4.56190481366003e-05
0.04209 4.55269953982451e-05
0.0421075 4.54349043786414e-05
0.042125 4.53427750777895e-05
0.0421425 4.52506074956892e-05
0.04216 4.51584016323405e-05
0.0421775 4.50661574877435e-05
0.042195 4.49738750618982e-05
0.0422125 4.48815543548045e-05
0.04223 4.47891953664624e-05
0.0422475 4.4696798096872e-05
0.042265 4.46043625460332e-05
0.0422825 4.45118887139461e-05
0.0423 4.44193766006106e-05
0.0423175 4.43268262060267e-05
0.042335 4.42342375301945e-05
0.0423525 4.41416105731139e-05
0.04237 4.4048945334785e-05
0.0423875 4.39562418152077e-05
0.042405 4.3863500014382e-05
0.0424225 4.3770719932308e-05
0.04244 4.36779015689856e-05
0.0424575 4.35850449244148e-05
0.042475 4.34921499985956e-05
0.0424925 4.33992167915281e-05
0.04251 4.33062453032121e-05
0.0425275 4.32132355336479e-05
0.042545 4.31201874828352e-05
0.0425625 4.30271011507741e-05
0.04258 4.29339765374647e-05
0.0425975 4.28408136429069e-05
0.042615 4.27476124671007e-05
0.0426325 4.26543730100461e-05
0.04265 4.25610952717432e-05
0.0426675 4.24677792521918e-05
0.042685 4.23744249513921e-05
0.0427025 4.2281032369344e-05
0.04272 4.21876015060475e-05
0.0427375 4.20941323615026e-05
0.042755 4.20006249357093e-05
0.0427725 4.19070792286676e-05
0.04279 4.18134952403776e-05
0.0428075 4.17198729708391e-05
0.042825 4.16262124200522e-05
0.0428425 4.1532513588017e-05
0.04286 4.14387764747333e-05
0.0428775 4.13450010802012e-05
0.042895 4.12511874044207e-05
0.0429125 4.11573354473919e-05
0.04293 4.10634452091146e-05
0.0429475 4.09695166895889e-05
0.042965 4.08755498888147e-05
0.0429825 4.07815448067922e-05
0.043 4.06875014435213e-05
0.0430175 4.05934197990019e-05
0.043035 4.04992998732341e-05
0.0430525 4.0405141666218e-05
0.04307 4.03109451779533e-05
0.0430875 4.02167104084403e-05
0.043105 4.01224373576789e-05
0.0431225 4.0028126025669e-05
0.04314 3.99337764124107e-05
0.0431575 3.9839388517904e-05
0.043175 3.97449623421489e-05
0.0431925 3.96504978851454e-05
0.04321 3.95559951468934e-05
0.0432275 3.9461454127393e-05
0.043245 3.93668748266442e-05
0.0432625 3.92722572446469e-05
0.04328 3.91776013814012e-05
0.0432975 3.9082907236907e-05
0.043315 3.89881748111645e-05
0.0433325 3.88934041041734e-05
0.04335 3.8798595115934e-05
0.0433675 3.87037478464461e-05
0.043385 3.86088622957097e-05
0.0434025 3.85139384637249e-05
0.04342 3.84189763504917e-05
0.0434375 3.832397595601e-05
0.043455 3.82289372802799e-05
0.0434725 3.81338603233013e-05
0.04349 3.80387450850743e-05
0.0435075 3.79435915655988e-05
0.043525 3.78483997648749e-05
0.0435425 3.77531696829025e-05
0.04356 3.76579013196817e-05
0.0435775 3.75625946752124e-05
0.043595 3.74672497494946e-05
0.0436125 3.73718665425284e-05
0.04363 3.72764450543137e-05
0.0436475 3.71809852848506e-05
0.043665 3.7085487234139e-05
0.0436825 3.69899509021789e-05
0.0437 3.68943762889704e-05
0.0437175 3.67987633945134e-05
0.043735 3.67031122188079e-05
0.0437525 3.66074227618539e-05
0.04377 3.65116950236515e-05
0.0437875 3.64159290042007e-05
0.043805 3.63201247035013e-05
0.0438225 3.62242821215535e-05
0.04384 3.61284012583572e-05
0.0438575 3.60324821139124e-05
0.043875 3.59365246882192e-05
0.0438925 3.58405289812774e-05
0.04391 3.57444949930872e-05
0.0439275 3.56484227236486e-05
0.043945 3.55523121729614e-05
0.0439625 3.54561633410257e-05
0.04398 3.53599762278416e-05
0.0439975 3.5263750833409e-05
0.044015 3.51674871577279e-05
0.0440325 3.50711852007983e-05
0.04405 3.49748449626202e-05
0.0440675 3.48784664431936e-05
0.044085 3.47820496425186e-05
0.0441025 3.4685594560595e-05
0.04412 3.45891011974229e-05
0.0441375 3.44925695530024e-05
0.044155 3.43959996273334e-05
0.0441725 3.42993914204159e-05
0.04419 3.42027449322498e-05
0.0442075 3.41060601628353e-05
0.044225 3.40093371121722e-05
0.0442425 3.39125757802607e-05
0.04426 3.38157761671007e-05
0.0442775 3.37189382726921e-05
0.044295 3.36220620970351e-05
0.0443125 3.35251476401295e-05
0.04433 3.34281949019755e-05
0.0443475 3.33312038825729e-05
0.044365 3.32341745819218e-05
0.0443825 3.31371070000222e-05
0.0444 3.30400011368742e-05
0.0444175 3.29428569924776e-05
0.044435 3.28456745668324e-05
0.0444525 3.27484538599388e-05
0.04447 3.26511948717967e-05
0.0444875 3.2553897602406e-05
0.044505 3.24565620517668e-05
0.0445225 3.23591882198791e-05
0.04454 3.22617761067429e-05
0.0445575 3.21643257123582e-05
0.044575 3.20668370367249e-05
0.0445925 3.19693100798431e-05
0.04461 3.18717448417128e-05
0.0446275 3.1774141322334e-05
0.044645 3.16764995217066e-05
0.0446625 3.15788194398308e-05
0.04468 3.14811010767063e-05
0.0446975 3.13833444323334e-05
0.044715 3.12855495067119e-05
0.0447325 3.1187716299842e-05
0.04475 3.10898448117235e-05
0.0447675 3.09919350423564e-05
0.044785 3.08939869917408e-05
0.0448025 3.07960006598766e-05
0.04482 3.0697976046764e-05
0.0448375 3.05999131524027e-05
0.044855 3.0501811976793e-05
0.0448725 3.04036725199347e-05
0.04489 3.03054947818278e-05
0.0449075 3.02072787624724e-05
0.044925 3.01090244618685e-05
0.0449425 3.0010731880016e-05
0.04496 2.9912401016915e-05
0.0449775 2.98140318725654e-05
0.044995 2.97156244469672e-05
0.0450125 2.96171787401205e-05
0.04503 2.95186947520253e-05
0.0450475 2.94201724826814e-05
0.045065 2.93216119320891e-05
0.0450825 2.92230131002482e-05
0.0451 2.91243759871587e-05
0.0451175 2.90257005928206e-05
0.045135 2.8926986917234e-05
0.0451525 2.88282349603989e-05
0.04517 2.87294447223151e-05
0.0451875 2.86306162029828e-05
0.045205 2.8531749402402e-05
0.0452225 2.84328443205726e-05
0.04524 2.83339009574946e-05
0.0452575 2.8234919313168e-05
0.045275 2.81358993875929e-05
0.0452925 2.80368411807692e-05
0.04531 2.79377446926969e-05
0.0453275 2.7838609923376e-05
0.045345 2.77394368728066e-05
0.0453625 2.76402255409887e-05
0.04538 2.75409759279221e-05
0.0453975 2.74416880336069e-05
0.045415 2.73423618580432e-05
0.0454325 2.72429974012309e-05
0.04545 2.714359466317e-05
0.0454675 2.70441536438606e-05
0.045485 2.69446743433025e-05
0.0455025 2.68451567614959e-05
0.04552 2.67456008984406e-05
0.0455375 2.66460067541369e-05
0.045555 2.65463743285845e-05
0.0455725 2.64467036217835e-05
0.04559 2.63469946337339e-05
0.0456075 2.62472473644358e-05
0.045625 2.6147461813889e-05
0.0456425 2.60476379820937e-05
0.04566 2.59477758690497e-05
0.0456775 2.58478754747572e-05
0.045695 2.57479367992161e-05
0.0457125 2.56479598424264e-05
0.04573 2.5547944604388e-05
0.0457475 2.54478910851011e-05
0.045765 2.53477992845656e-05
0.0457825 2.52476692027815e-05
0.0458 2.51475008397488e-05
0.0458175 2.50472941954675e-05
0.045835 2.49470492699376e-05
0.0458525 2.4846766063159e-05
0.04587 2.47464445751318e-05
0.0458875 2.46460848058562e-05
0.045905 2.45456867553318e-05
0.0459225 2.44452504235588e-05
0.04594 2.43447758105372e-05
0.0459575 2.4244262916267e-05
0.045975 2.41437117407482e-05
0.0459925 2.40431222839808e-05
0.04601 2.39424945459648e-05
0.0460275 2.38418285267001e-05
0.046045 2.37411242261868e-05
0.0460625 2.36403816444249e-05
0.04608 2.35396007814145e-05
0.0460975 2.34387816371554e-05
0.046115 2.33379242116476e-05
0.0461325 2.32370285048912e-05
0.04615 2.31360945168863e-05
0.0461675 2.30351222476327e-05
0.046185 2.29341116971304e-05
0.0462025 2.28330628653795e-05
0.04622 2.27319757523801e-05
0.0462375 2.26308503581319e-05
0.046255 2.25296866826352e-05
0.0462725 2.24284847258898e-05
0.04629 2.23272444878958e-05
0.0463075 2.22259659686532e-05
0.046325 2.21246491681619e-05
0.0463425 2.2023294086422e-05
0.04636 2.19219007234334e-05
0.0463775 2.18204690791962e-05
0.046395 2.17189991537104e-05
0.0464125 2.1617490946976e-05
0.04643 2.15159444589929e-05
0.0464475 2.14143596897611e-05
0.046465 2.13127366392807e-05
0.0464825 2.12110753075517e-05
0.0465 2.11093756945741e-05
0.0465175 2.10076378003478e-05
0.046535 2.09058616248728e-05
0.0465525 2.08040471681492e-05
0.04657 2.0702194430177e-05
0.0465875 2.06003034109561e-05
0.046605 2.04983741104865e-05
0.0466225 2.03964065287683e-05
0.04664 2.02944006658015e-05
0.0466575 2.0192356521586e-05
0.046675 2.00902740961218e-05
0.0466925 1.9988153389409e-05
0.04671 1.98859944014475e-05
0.0467275 1.97837971322374e-05
0.046745 1.96815615817786e-05
0.0467625 1.95792877500712e-05
0.04678 1.94769756371151e-05
0.0467975 1.93746252429103e-05
0.046815 1.92722365674569e-05
0.0468325 1.91698096107548e-05
0.04685 1.90673443728041e-05
0.0468675 1.89648408536047e-05
0.046885 1.88622990531566e-05
0.0469025 1.87597189714599e-05
0.04692 1.86571006085145e-05
0.0469375 1.85544439643204e-05
0.046955 1.84517490388777e-05
0.0469725 1.83490158321863e-05
0.04699 1.82462443442461e-05
0.0470075 1.81434345750574e-05
0.047025 1.804058652462e-05
0.0470425 1.79377001929339e-05
0.04706 1.78347755799991e-05
0.0470775 1.77318126858156e-05
0.047095 1.76288115103835e-05
0.0471125 1.75257720537027e-05
0.04713 1.74226943157732e-05
0.0471475 1.7319578296595e-05
0.047165 1.72164239961682e-05
0.0471825 1.71132314144926e-05
0.0472 1.70100005515684e-05
0.0472175 1.69067314073955e-05
0.047235 1.68034239819739e-05
0.0472525 1.67000782753037e-05
0.04727 1.65966942873847e-05
0.0472875 1.6493272018217e-05
0.047305 1.63898114678007e-05
0.0473225 1.62863126361356e-05
0.04734 1.61827755232219e-05
0.0473575 1.60792001290595e-05
0.047375 1.59755864536484e-05
0.0473925 1.58719344969885e-05
0.04741 1.57682442590801e-05
0.0474275 1.56645157399228e-05
0.047445 1.55607489395169e-05
0.0474625 1.54569438578623e-05
0.04748 1.5353100494959e-05
0.0474975 1.5249218850807e-05
0.047515 1.51452989254063e-05
0.0475325 1.50413407187569e-05
0.04755 1.49373442308588e-05
0.0475675 1.4833309461712e-05
0.047585 1.47292364113164e-05
0.0476025 1.46251250796722e-05
0.04762 1.45209754667793e-05
0.0476375 1.44167875726376e-05
0.047655 1.43125613972473e-05
0.0476725 1.42082969406082e-05
0.04769 1.41039942027204e-05
0.0477075 1.3999653183584e-05
0.047725 1.38952738831987e-05
0.0477425 1.37908563015648e-05
0.04776 1.36864004386822e-05
0.0477775 1.35819062945509e-05
0.047795 1.34773738691708e-05
0.0478125 1.3372803162542e-05
0.04783 1.32681941746645e-05
0.0478475 1.31635469055383e-05
0.047865 1.30588613551634e-05
0.0478825 1.29541375235398e-05
0.0479 1.28493754106674e-05
0.0479175 1.27445750165463e-05
0.047935 1.26397363411765e-05
0.0479525 1.25348593845579e-05
0.04797 1.24299441466907e-05
0.0479875 1.23249906275747e-05
0.048005 1.221999882721e-05
0.0480225 1.21149687455966e-05
0.04804 1.20099003827344e-05
0.0480575 1.19047937386235e-05
0.048075 1.17996488132639e-05
0.0480925 1.16944656066555e-05
0.04811 1.15892441187984e-05
0.0481275 1.14839843496926e-05
0.048145 1.13786862993381e-05
0.0481625 1.12733499677348e-05
0.04818 1.11679753548828e-05
0.0481975 1.1062562460782e-05
0.048215 1.09571112854325e-05
0.0482325 1.08516218288342e-05
0.04825 1.07460940909873e-05
0.0482675 1.06405280718916e-05
0.048285 1.05349237715471e-05
0.0483025 1.04292811899539e-05
0.04832 1.0323600327112e-05
0.0483375 1.02178811830213e-05
0.048355 1.01121237576819e-05
0.0483725 1.00063280510937e-05
0.04839 9.90049406325675e-06
0.0484075 9.79462179417106e-06
0.048425 9.68871124383666e-06
0.0484425 9.5827624122535e-06
0.04846 9.47677529942156e-06
0.0484775 9.37074990534086e-06
0.048495 9.26468623001145e-06
0.0485125 9.15858427343329e-06
0.04853 9.05244403560633e-06
0.0485475 8.94626551653062e-06
0.048565 8.84004871620619e-06
0.0485825 8.73379363463301e-06
0.0486 8.62750027181102e-06
0.0486175 8.52116862774032e-06
0.048635 8.41479870242082e-06
0.0486525 8.3083904958526e-06
0.04867 8.20194400803562e-06
0.0486875 8.09545923896983e-06
0.048705 7.98893618865528e-06
0.0487225 7.882374857092e-06
0.04874 7.77577524427996e-06
0.0487575 7.66913735021911e-06
0.048775 7.56246117490949e-06
0.0487925 7.45574671835114e-06
0.04881 7.34899398054403e-06
0.0488275 7.2422029614881e-06
0.048845 7.1353736611834e-06
0.0488625 7.02850607962997e-06
0.04888 6.92160021682777e-06
0.0488975 6.81465607277676e-06
0.048915 6.70767364747697e-06
0.0489325 6.60065294092844e-06
0.04895 6.49359395313115e-06
0.0489675 6.38649668408507e-06
0.048985 6.27936113379014e-06
0.0490025 6.17218730224651e-06
0.04902 6.0649751894541e-06
0.0490375 5.95772479541292e-06
0.049055 5.85043612012291e-06
0.0490725 5.74310916358412e-06
0.04909 5.63574392579658e-06
0.0491075 5.52834040676027e-06
0.049125 5.42089860647513e-06
0.0491425 5.3134185249412e-06
0.04916 5.20590016215853e-06
0.0491775 5.09834351812707e-06
0.049195 4.99074859284679e-06
0.0492125 4.88311538631771e-06
0.04923 4.77544389853988e-06
0.0492475 4.66773412951327e-06
0.049265 4.55998607923782e-06
0.0492825 4.45219974771358e-06
0.0493 4.34437513494059e-06
0.0493175 4.2365122409188e-06
0.049335 4.12861106564822e-06
0.0493525 4.02067160912876e-06
0.04937 3.91269387136059e-06
0.0493875 3.80467785234361e-06
0.049405 3.69662355207784e-06
0.0494225 3.58853097056319e-06
0.04944 3.48040010779982e-06
0.0494575 3.37223096378765e-06
0.049475 3.26402353852668e-06
0.0494925 3.15577783201682e-06
0.04951 3.04749384425825e-06
0.0495275 2.93917157525087e-06
0.049545 2.83081102499468e-06
0.0495625 2.72241219348965e-06
0.04958 2.61397508073581e-06
0.0495975 2.5054996867332e-06
0.049615 2.39698601148179e-06
0.0496325 2.28843405498152e-06
0.04965 2.17984381723245e-06
0.0496675 2.0712152982346e-06
0.049685 1.96254849798795e-06
0.0497025 1.85384341649248e-06
0.04972 1.74510005374811e-06
0.0497375 1.63631840975502e-06
0.049755 1.52749848451311e-06
0.0497725 1.41864027802238e-06
0.04979 1.30974379028275e-06
0.0498075 1.20080902129439e-06
0.049825 1.09183597105721e-06
0.0498425 9.82824639571212e-07
0.04986 8.73775026836307e-07
0.0498775 7.64687132852667e-07
0.049895 6.55560957620205e-07
0.0499125 5.4639650113892e-07
0.04993 4.37193763408726e-07
0.0499475 3.27952744429794e-07
0.049965 2.18673444202036e-07
0.0499825 1.09355862725453e-07
0.05 0
