7.5e-06 7.50000000075054e-06
2.25e-05 1.25000000006486e-05
3.75e-05 1.9499999999783e-05
5.25e-05 2.67857142860715e-05
6.75e-05 3.41666666674757e-05
8.25e-05 4.15909090930999e-05
9.75e-05 4.90384615401719e-05
0.0001125 5.65000000001126e-05
0.0001275 6.39705882359558e-05
0.0001425 7.14473684226865e-05
0.0001575 7.89285714314793e-05
0.0001725 8.64130434796803e-05
0.0001875 9.39000000006508e-05
0.0002025 0.000101388888891539
0.0002175 0.000108879310347374
0.0002325 0.000116370967744896
0.0002475 0.000123863636363328
0.0002625 0.000131357142856813
0.0002775 0.000138851351349521
0.0002925 0.000146346153840459
0.0003075 0.000153841463407331
0.0003225 0.000161337209295107
0.0003375 0.0001688333333273
0.0003525 0.000176329787229812
0.0003675 0.00018382653061069
0.0003825 0.000191323529407916
0.0003975 0.000198820754711239
0.0004125 0.000206318181811691
0.0004275 0.00021381578946433
0.0004425 0.000221313559315423
0.0004575 0.000228811475401896
0.0004725 0.000236309523802596
0.0004875 0.000243807692302177
0.0005025 0.000251305970143548
0.0005175 0.000258804347821869
0.0005325 0.00026630281689482
0.0005475 0.000273801369852492
0.0005625 0.000281299999990901
0.0005775 0.000288798701287307
0.0005925 0.000296297468342385
0.0006075 0.000303796296284444
0.0006225 0.000311295180709826
0.0006375 0.000318794117637697
0.0006525 0.0003262931034396
0.0006675 0.000333792134821353
0.0006825 0.000341291208781537
0.0006975 0.000348790322568081
0.0007125 0.000356289473674673
0.0007275 0.000363788659786534
0.0007425 0.000371287878778635
0.0007575 0.000378787128704832
0.0007725 0.000386286407756316
0.0007875 0.000393785714274252
0.0008025 0.000401285046719073
0.0008175 0.000408784403659638
0.0008325 0.000416283783771413
0.0008475 0.000423783185827434
0.0008625 0.000431282608685684
0.0008775 0.000438782051269186
0.0008925 0.000446281512593129
0.0009075 0.000453780991725079
0.0009225 0.000461280487795888
0.0009375 0.000468779999988783
0.0009525 0.00047627952754844
0.0009675 0.000483779069759276
0.0009825 0.000491278625943674
0.0009975 0.000498778195476415
0.0010125 0.00050627777776658
0.0010275 0.000513777372252242
0.0010425 0.000521276978405696
0.0010575 0.000528776595733691
0.0010725 0.000536276223766353
0.0010875 0.000543775862060996
0.0011025 0.000551275510192974
0.0011175 0.000558775167771951
0.0011325 0.000566274834422095
0.0011475 0.00057377450978561
0.0011625 0.000581274193530008
0.0011775 0.000588773885330028
0.0011925 0.000596273584887523
0.0012075 0.000603773291902505
0.0012225 0.000611273006116598
0.0012375 0.000618772727258751
0.0012525 0.000626272455070528
0.0012675 0.000633772189335152
0.0012825 0.000641271929804989
0.0012975 0.000648771676284957
0.0013125 0.000656271428556353
0.0013275 0.000663771186427634
0.0013425 0.000671270949703702
0.0013575 0.00067877071821463
0.0013725 0.000686270491790599
0.0013875 0.000693770270258126
0.0014025 0.000701270053465425
0.0014175 0.000708769841264319
0.0014325 0.000716269633503031
0.0014475 0.00072376943004962
0.0014625 0.000731269230766783
0.0014775 0.000738769035528031
0.0014925 0.00074626884421948
0.0015075 0.000753768656712907
0.0015225 0.000761268472905228
0.0015375 0.00076876829268088
0.0015525 0.000776268115938595
0.0015675 0.000783767942580839
0.0015825 0.000791267772510035
0.0015975 0.000798767605630364
0.0016125 0.000806267441855171
0.0016275 0.000813767281101254
0.0016425 0.000821267123281922
0.0016575 0.000828766968317656
0.0016725 0.000836266816134381
0.0016875 0.000843766666656166
0.0017025 0.000851266519817995
0.0017175 0.000858766375540349
0.0017325 0.000866266233763595
0.0017475 0.000873766094417274
0.0017625 0.000881265957443511
0.0017775 0.000888765822782763
0.0017925 0.000896265690373516
0.0018075 0.000903765560163367
0.0018225 0.000911265432094569
0.0018375 0.000918765306121843
0.0018525 0.000926265182183856
0.0018675 0.000933765060235339
0.0018825 0.000941264940234786
0.0018975 0.000948764822131587
0.0019125 0.000956264705880581
0.0019275 0.000963764591440164
0.0019425 0.000971264478765204
0.0019575 0.000978764367814139
0.0019725 0.000986264258550773
0.0019875 0.000993764150937259
0.0020025 0.00100126404494098
0.0020175 0.00100876394051677
0.0020325 0.00101626383763577
0.0020475 0.00102376373626007
0.0020625 0.00103126363636056
0.0020775 0.00103876353790311
0.0020925 0.00104626344085692
0.0021075 0.00105376334519496
0.0021225 0.0010612632508809
0.0021375 0.00106876315789144
0.0021525 0.00107626306619763
0.0021675 0.00108376297577592
0.0021825 0.00109126288659559
0.0021975 0.00109876279863324
0.0022125 0.00110626271185987
0.0022275 0.00111376262625741
0.0022425 0.00112126254180065
0.0022575 0.00112876245846416
0.0022725 0.00113626237623183
0.0022875 0.00114376229507282
0.0023025 0.00115126221497448
0.0023175 0.00115876213591525
0.0023325 0.00116626205786786
0.0023475 0.00117376198081982
0.0023625 0.0011812619047493
0.0023775 0.00118876182964017
0.0023925 0.00119626175547426
0.0024075 0.00120376168223351
0.0024225 0.00121126160989633
0.0024375 0.00121876153844996
0.0024525 0.00122626146787634
0.0024675 0.0012337613981647
0.0024825 0.00124126132929339
0.0024975 0.00124876126124954
0.0025125 0.00125626119401891
0.0025275 0.00126376112758524
0.0025425 0.00127126106193567
0.0025575 0.00127876099705777
0.0025725 0.00128626093293338
0.0025875 0.00129376086955536
0.0026025 0.00130126080690361
0.0026175 0.00130876074497473
0.0026325 0.00131626068375066
0.0026475 0.00132376062321852
0.0026625 0.0013312605633695
0.0026775 0.00133876050419092
0.0026925 0.00134626044567367
0.0027075 0.00135376038780328
0.0027225 0.00136126033056904
0.0027375 0.00136876027396355
0.0027525 0.00137626021797253
0.0027675 0.00138376016259581
0.0027825 0.00139126010780644
0.0027975 0.00139876005360612
0.0028125 0.00140625999998942
0.0028275 0.00141375994693839
0.0028425 0.00142125989445106
0.0028575 0.00142875984251134
0.0028725 0.00143625979111549
0.0028875 0.00144375974025085
0.0029025 0.00145125968991395
0.0029175 0.00145875964009922
0.0029325 0.00146625959078499
0.0029475 0.00147375954197858
0.0029625 0.00148125949366556
0.0029775 0.00148875944583845
0.0029925 0.00149625939848848
0.0030075 0.00150375935161018
0.0030225 0.00151125930519985
0.0030375 0.00151875925924664
0.0030525 0.00152625921375066
0.0030675 0.00153375916869205
0.0030825 0.0015412591240778
0.0030975 0.00154875907989008
0.0031125 0.00155625903613428
0.0031275 0.00156375899279586
0.0031425 0.001571258949873
0.0031575 0.00157875890735681
0.0031725 0.00158625886524172
0.0031875 0.00159375882352233
0.0032025 0.0016012587821951
0.0032175 0.001608758741251
0.0032325 0.00161625870068994
0.0032475 0.00162375866050108
0.0032625 0.00163125862068274
0.0032775 0.00163875858123118
0.0032925 0.00164625854213194
0.0033075 0.00165375850339239
0.0033225 0.0016612584650033
0.0033375 0.00166875842695945
0.0033525 0.00167625838925526
0.0033675 0.00168375835188713
0.0033825 0.00169125831484977
0.0033975 0.00169875827813582
0.0034125 0.0017062582417507
0.0034275 0.00171375820568185
0.0034425 0.00172125816992566
0.0034575 0.00172875813447842
0.0034725 0.00173625809933832
0.0034875 0.00174375806450552
0.0035025 0.00175125802996901
0.0035175 0.00175875799572518
0.0035325 0.00176625796177233
0.0035475 0.0017737579281069
0.0035625 0.00178125789472677
0.0035775 0.00178875786162322
0.0035925 0.00179625782879985
0.0036075 0.00180375779624733
0.0036225 0.00181125776396234
0.0036375 0.00181875773194846
0.0036525 0.00182625770019655
0.0036675 0.00183375766870117
0.0036825 0.00184125763746606
0.0036975 0.00184875760648036
0.0037125 0.00185625757574759
0.0037275 0.00186375754526233
0.0037425 0.00187125751502113
0.0037575 0.00187875748501839
0.0037725 0.00188625745525593
0.0037875 0.00189375742573391
0.0038025 0.00190125739643946
0.0038175 0.00190875736737823
0.0038325 0.0019162573385392
0.0038475 0.00192375730993141
0.0038625 0.00193125728154239
0.0038775 0.00193875725337189
0.0038925 0.00194625722542016
0.0039075 0.00195375719767793
0.0039225 0.00196125717015451
0.0039375 0.00196875714283868
0.0039525 0.00197625711573618
0.0039675 0.00198375708883618
0.0039825 0.00199125706213834
0.0039975 0.00199875703563577
0.0040125 0.00200625700933389
0.0040275 0.00201375698323043
0.0040425 0.00202125695731718
0.0040575 0.00202875693159704
0.0040725 0.00203625690606279
0.0040875 0.00204375688072235
0.0041025 0.00205125685556419
0.0041175 0.00205875683059372
0.0041325 0.0020662568057972
0.0041475 0.00207375678118283
0.0041625 0.00208125675674928
0.0041775 0.0020887567324839
0.0041925 0.00209625670839343
0.0042075 0.00210375668448054
0.0042225 0.00211125666073546
0.0042375 0.00211875663715999
0.0042525 0.00212625661374764
0.0042675 0.00213375659049948
0.0042825 0.0021412565674119
0.0042975 0.00214875654449286
0.0043125 0.00215625652172705
0.0043275 0.00216375649911857
0.0043425 0.00217125647667104
0.0043575 0.00217875645437866
0.0043725 0.00218625643224
0.0043875 0.00219375641024965
0.0044025 0.00220125638840902
0.0044175 0.00220875636671488
0.0044325 0.00221625634516363
0.0044475 0.0022237563237621
0.0044625 0.00223125630250707
0.0044775 0.00223875628139491
0.0044925 0.00224625626042345
0.0045075 0.00225375623958584
0.0045225 0.00226125621888917
0.0045375 0.00226875619832815
0.0045525 0.00227625617790783
0.0045675 0.00228375615761954
0.0045825 0.0022912561374651
0.0045975 0.00229875611744051
0.0046125 0.00230625609754434
0.0046275 0.00231375607778203
0.0046425 0.00232125605814051
0.0046575 0.00232875603863105
0.0046725 0.00233625601924988
0.0046875 0.0023437559999881
0.0047025 0.00235125598084894
0.0047175 0.00235875596183097
0.0047325 0.00236625594293227
0.0047475 0.00237375592415659
0.0047625 0.00238125590549627
0.0047775 0.00238875588695536
0.0047925 0.00239625586853023
0.0048075 0.00240375585022048
0.0048225 0.00241125583202109
0.0048375 0.00241875581393568
0.0048525 0.00242625579596564
0.0048675 0.00243375577810777
0.0048825 0.00244125576035485
0.0048975 0.00244875574270812
0.0049125 0.0024562557251758
0.0049275 0.002463755707748
0.0049425 0.00247125569043014
0.0049575 0.00247875567320682
0.0049725 0.00248625565609344
0.0049875 0.00249375563908277
0.0050025 0.00250125562217568
0.0050175 0.00250875560536768
0.0050325 0.00251625558866239
0.0050475 0.00252375557205346
0.0050625 0.00253125555554181
0.0050775 0.00253875553913287
0.0050925 0.00254625552281667
0.0051075 0.00255375550659565
0.0051225 0.002561255490471
0.0051375 0.00256875547444001
0.0051525 0.00257625545850089
0.0051675 0.00258375544265632
0.0051825 0.00259125542690542
0.0051975 0.00259875541124096
0.0052125 0.00260625539567286
0.0052275 0.0026137553801894
0.0052425 0.00262125536479599
0.0052575 0.0026287553494881
0.0052725 0.00263625533426846
0.0052875 0.00264375531913525
0.0053025 0.00265125530408939
0.0053175 0.002658755289128
0.0053325 0.00266625527424627
0.0053475 0.00267375525945323
0.0053625 0.00268125524474121
0.0053775 0.00268875523011426
0.0053925 0.00269625521556517
0.0054075 0.00270375520109709
0.0054225 0.00271125518670686
0.0054375 0.0027187551723963
0.0054525 0.00272625515817036
0.0054675 0.00273375514402046
0.0054825 0.00274125512994827
0.0054975 0.00274875511595213
0.0055125 0.00275625510203156
0.0055275 0.00276375508818163
0.0055425 0.0027712550744094
0.0055575 0.00277875506071503
0.0055725 0.00278625504709081
0.0055875 0.00279375503354446
0.0056025 0.00280125502007054
0.0056175 0.00280875500666317
0.0056325 0.00281625499332823
0.0056475 0.00282375498006574
0.0056625 0.00283125496687339
0.0056775 0.00283875495375168
0.0056925 0.00284625494070406
0.0057075 0.00285375492771442
0.0057225 0.00286125491479674
0.0057375 0.00286875490194427
0.0057525 0.00287625488916245
0.0057675 0.00288375487644534
0.0057825 0.00289125486380068
0.0057975 0.00289875485121762
0.0058125 0.00290625483869929
0.0058275 0.00291375482624075
0.0058425 0.00292125481385285
0.0058575 0.00292875480152407
0.0058725 0.00293625478926103
0.0058875 0.00294375477705728
0.0059025 0.00295125476492005
0.0059175 0.00295875475283951
0.0059325 0.00296625474082188
0.0059475 0.00297375472886535
0.0059625 0.00298125471697093
0.0059775 0.00298875470513401
0.0059925 0.00299625469335817
0.0060075 0.00300375468163723
0.0060225 0.00301125466997721
0.0060375 0.003018754658377
0.0060525 0.00302625464682937
0.0060675 0.00303375463534084
0.0060825 0.00304125462391083
0.0060975 0.00304875461253469
0.0061125 0.00305625460121421
0.0061275 0.00306375458995226
0.0061425 0.00307125457874417
0.0061575 0.00307875456758812
0.0061725 0.00308625455649061
0.0061875 0.00309375454544334
0.0062025 0.00310125453444993
0.0062175 0.00310875452351324
0.0062325 0.00311625451262481
0.0062475 0.00312375450179257
0.0062625 0.00313125449101111
0.0062775 0.00313875448027989
0.0062925 0.00314625446959944
0.0063075 0.00315375445896977
0.0063225 0.00316125444839214
0.0063375 0.00316875443786348
0.0063525 0.00317625442738379
0.0063675 0.00318375441695072
0.0063825 0.00319125440656843
0.0063975 0.00319875439623872
0.0064125 0.00320625438595725
0.0064275 0.00321375437571989
0.0064425 0.00322125436552896
0.0064575 0.00322875435539242
0.0064725 0.00323625434529763
0.0064875 0.00324375433524944
0.0065025 0.00325125432524481
0.0065175 0.00325875431529278
0.0065325 0.00326625430538192
0.0065475 0.00327375429552005
0.0065625 0.00328125428570354
0.0065775 0.00328875427593363
0.0065925 0.00329625426620367
0.0066075 0.00330375425651545
0.0066225 0.00331125424687565
0.0066375 0.00331875423728121
0.0066525 0.00332625422772833
0.0066675 0.00333375421821721
0.0066825 0.00334125420874726
0.0066975 0.00334875419931907
0.0067125 0.00335625418993443
0.0067275 0.00336375418059278
0.0067425 0.00337125417129469
0.0067575 0.00337875416203474
0.0067725 0.00338625415281777
0.0067875 0.00339375414363894
0.0068025 0.00340125413450187
0.0068175 0.00340875412540577
0.0068325 0.00341625411635022
0.0068475 0.00342375410733221
0.0068625 0.00343125409835357
0.0068775 0.00343875408941547
0.0068925 0.00344625408051653
0.0069075 0.00345375407165392
0.0069225 0.00346125406283128
0.0069375 0.00346875405404617
0.0069525 0.00347625404530283
0.0069675 0.00348375403659222
0.0069825 0.00349125402791915
0.0069975 0.00349875401928423
0.0070125 0.00350625401068566
0.0070275 0.00351375400212622
0.0070425 0.00352125399360194
0.0070575 0.00352875398511158
0.0070725 0.00353625397665876
0.0070875 0.0035437539682447
0.0071025 0.00355125395986457
0.0071175 0.00355875395152017
0.0071325 0.00356625394320731
0.0071475 0.00357375393493198
0.0071625 0.00358125392668877
0.0071775 0.00358875391848613
0.0071925 0.003596253910312
0.0072075 0.00360375390217901
0.0072225 0.00361125389407215
0.0072375 0.00361875388600081
0.0072525 0.00362625387796401
0.0072675 0.00363375386996175
0.0072825 0.00364125386198979
0.0072975 0.00364875385404876
0.0073125 0.00365625384614227
0.0073275 0.00366375383826949
0.0073425 0.00367125383042646
0.0073575 0.00367875382261915
0.0073725 0.00368625381484032
0.0073875 0.00369375380709487
0.0074025 0.00370125379938131
0.0074175 0.00370875379169688
0.0074325 0.00371625378404337
0.0074475 0.00372375377642377
0.0074625 0.0037312537688315
0.0074775 0.00373875376127196
0.0074925 0.0037462537537409
0.0075075 0.00375375374624078
0.0075225 0.0037612537387734
0.0075375 0.00376875373132908
0.0075525 0.00377625372391931
0.0075675 0.00378375371653867
0.0075825 0.0037912537091865
0.0075975 0.00379875370186347
0.0076125 0.00380625369456573
0.0076275 0.00381375368730074
0.0076425 0.00382125368006241
0.0076575 0.00382875367285503
0.0076725 0.00383625366567316
0.0076875 0.00384375365852157
0.0077025 0.00385125365140092
0.0077175 0.00385875364430398
0.0077325 0.0038662536372337
0.0077475 0.00387375363019256
0.0077625 0.00388125362317671
0.0077775 0.00388875361618978
0.0077925 0.00389625360922837
0.0078075 0.00390375360229384
0.0078225 0.00391125359538597
0.0078375 0.0039187535885061
0.0078525 0.00392625358164747
0.0078675 0.0039337535748209
0.0078825 0.00394125356801512
0.0078975 0.00394875356124142
0.0079125 0.00395625355449255
0.0079275 0.00396375354776629
0.0079425 0.00397125354106306
0.0079575 0.00397875353438466
0.0079725 0.0039862535277379
0.0079875 0.00399375352111372
0.0080025 0.00400125351451214
0.0080175 0.00400875350793493
0.0080325 0.00401625350138442
0.0080475 0.00402375349485915
0.0080625 0.00403125348835649
0.0080775 0.00403875348187646
0.0080925 0.00404625347542527
0.0081075 0.00405375346899489
0.0081225 0.00406125346259075
0.0081375 0.00406875345620642
0.0081525 0.00407625344984652
0.0081675 0.00408375344350744
0.0081825 0.00409125343719719
0.0081975 0.00409875343090776
0.0082125 0.00410625342464457
0.0082275 0.00411375341839937
0.0082425 0.0041212534121768
0.0082575 0.00412875340598
0.0082725 0.004136253399799
0.0082875 0.00414375339365003
0.0083025 0.00415125338751649
0.0083175 0.00415875338140957
0.0083325 0.00416625337532204
0.0083475 0.00417375336925716
0.0083625 0.00418125336320987
0.0083775 0.00418875335718559
0.0083925 0.00419625335118709
0.0084075 0.00420375334520582
0.0084225 0.0042112533392479
0.0084375 0.00421875333331265
0.0084525 0.00422625332740005
0.0084675 0.00423375332150177
0.0084825 0.00424125331562975
0.0084975 0.00424875330977318
0.0085125 0.00425625330394536
0.0085275 0.00426375329813479
0.0085425 0.00427125329234327
0.0085575 0.00427875328657146
0.0085725 0.00428625328082052
0.0085875 0.00429375327508684
0.0086025 0.00430125326938007
0.0086175 0.00430875326368696
0.0086325 0.00431625325801964
0.0086475 0.00432375325237169
0.0086625 0.00433125324673771
0.0086775 0.0043387532411264
0.0086925 0.00434625323553086
0.0087075 0.00435375322996012
0.0087225 0.00436125322440122
0.0087375 0.00436875321886893
0.0087525 0.00437625321334878
0.0087675 0.00438375320785494
0.0087825 0.00439125320237505
0.0087975 0.00439875319691272
0.0088125 0.00440625319147309
0.0088275 0.00441375318605102
0.0088425 0.00442125318065013
0.0088575 0.0044287531752611
0.0088725 0.00443625316988963
0.0088875 0.00444375316454113
0.0089025 0.00445125315920812
0.0089175 0.00445875315389628
0.0089325 0.00446625314859838
0.0089475 0.00447375314332139
0.0089625 0.00448125313805834
0.0089775 0.00448875313281465
0.0089925 0.00449625312759006
0.0090075 0.00450375312238484
0.0090225 0.00451125311719354
0.0090375 0.00451875311201775
0.0090525 0.0045262531068626
0.0090675 0.00453375310172295
0.0090825 0.00454125309660084
0.0090975 0.00454875309149809
0.0091125 0.00455625308641084
0.0091275 0.00456375308133753
0.0091425 0.00457125307628176
0.0091575 0.0045787530712433
0.0091725 0.00458625306622239
0.0091875 0.0045937530612154
0.0092025 0.00460125305622213
0.0092175 0.00460875305124639
0.0092325 0.00461625304628999
0.0092475 0.00462375304134732
0.0092625 0.00463125303642398
0.0092775 0.00463875303151818
0.0092925 0.00464625302662791
0.0093075 0.00465375302174921
0.0093225 0.00466125301688786
0.0093375 0.00466875301204403
0.0093525 0.0046762530072087
0.0093675 0.00468375300239613
0.0093825 0.00469125299759568
0.0093975 0.00469875299280913
0.0094125 0.00470625298803993
0.0094275 0.0047137529832823
0.0094425 0.00472125297854383
0.0094575 0.00472875297381745
0.0094725 0.0047362529691068
0.0094875 0.0047437529644135
0.0095025 0.00475125295973592
0.0095175 0.00475875295507405
0.0095325 0.00476625295042593
0.0095475 0.00477375294578811
0.0095625 0.0047812529411678
0.0095775 0.00478875293656124
0.0095925 0.00479625293197039
0.0096075 0.00480375292738984
0.0096225 0.00481125292282665
0.0096375 0.00481875291827375
0.0096525 0.00482625291374017
0.0096675 0.00483375290921855
0.0096825 0.00484125290471444
0.0096975 0.00484875290022242
0.0097125 0.00485625289574598
0.0097275 0.00486375289127982
0.0097425 0.00487125288682574
0.0097575 0.00487875288238905
0.0097725 0.00488625287796626
0.0097875 0.00489375287355374
0.0098025 0.00490125286915624
0.0098175 0.00490875286477253
0.0098325 0.00491625286040281
0.0098475 0.00492375285604507
0.0098625 0.00493125285170292
0.0098775 0.00493875284737114
0.0098925 0.00494625284305316
0.0099075 0.00495375283874896
0.0099225 0.00496125283445693
0.0099375 0.00496875283018051
0.0099525 0.00497625282591426
0.0099675 0.00498375282166198
0.0099825 0.0049912528174217
0.0099975 0.00499875281319341
0.0100125 0.00500625280897907
0.0100275 0.00501375280477853
0.0100425 0.00502125280059
0.0100575 0.00502875279641361
0.0100725 0.00503625279224921
0.0100875 0.00504375278809864
0.0101025 0.00505125278395837
0.0101175 0.00505875277983012
0.0101325 0.00506625277571388
0.0101475 0.00507375277161156
0.0101625 0.00508125276752126
0.0101775 0.00508875276344179
0.0101925 0.00509625275937435
0.0102075 0.00510375275532081
0.0102225 0.00511125275127749
0.0102375 0.00511875274724619
0.0102525 0.00512625274322698
0.0102675 0.00513375273921979
0.0102825 0.00514125273522283
0.0102975 0.00514875273123795
0.0103125 0.0051562527272651
0.0103275 0.00516375272330429
0.0103425 0.00517125271935554
0.0103575 0.00517875271541702
0.0103725 0.00518625271148874
0.0103875 0.00519375270757432
0.0104025 0.00520125270367013
0.0104175 0.00520875269977619
0.0104325 0.00521625269589429
0.0104475 0.00522375269202444
0.0104625 0.00523125268816483
0.0104775 0.00523875268431726
0.0104925 0.00524625268047993
0.0105075 0.00525375267665286
0.0105225 0.00526125267283781
0.0105375 0.00526875266903301
0.0105525 0.00527625266523847
0.0105675 0.00528375266145594
0.0105825 0.00529125265768366
0.0105975 0.00529875265392104
0.0106125 0.00530625265016864
0.0106275 0.00531375264642647
0.0106425 0.00532125264269276
0.0106575 0.00532875263897651
0.0106725 0.00533625263526686
0.0106875 0.00534375263156929
0.0107025 0.00535125262788014
0.0107175 0.00535875262420302
0.0107325 0.00536625262053617
0.0107475 0.00537375261688136
0.0107625 0.00538125261323315
0.0107775 0.00538875260959702
0.0107925 0.0053962526059675
0.0108075 0.00540375260235001
0.0108225 0.00541125259874099
0.0108375 0.0054187525951458
0.0108525 0.00542625259155902
0.0108675 0.00543375258798253
0.0108825 0.00544125258441265
0.0108975 0.00544875258085839
0.0109125 0.00545625257731082
0.0109275 0.00546375257377526
0.0109425 0.00547125257024811
0.0109575 0.00547875256672764
0.0109725 0.00548625256321856
0.0109875 0.00549375255972158
0.0110025 0.00550125255623301
0.0110175 0.00550875255275284
0.0110325 0.00551625254928116
0.0110475 0.00552375254581789
0.0110625 0.00553125254236843
0.0110775 0.00553875253892386
0.0110925 0.00554625253549247
0.0111075 0.00555375253206598
0.0111225 0.00556125252865149
0.0111375 0.0055687525252472
0.0111525 0.00557625252185143
0.0111675 0.00558375251846586
0.0111825 0.00559125251508687
0.0111975 0.0055987525117182
0.0112125 0.00560625250835793
0.0112275 0.00561375250500423
0.0112425 0.00562125250165906
0.0112575 0.0056287524983295
0.0112725 0.00563625249500471
0.0112875 0.00564375249168846
0.0113025 0.00565125248837878
0.0113175 0.0056587524850829
0.0113325 0.00566625248179556
0.0113475 0.00567375247851594
0.0113625 0.00568125247524487
0.0113775 0.00568875247198036
0.0113925 0.00569625246872243
0.0114075 0.00570375246547665
0.0114225 0.00571125246224106
0.0114375 0.00571875245901203
0.0114525 0.00572625245578975
0.0114675 0.00573375245257765
0.0114825 0.00574125244937211
0.0114975 0.00574875244617874
0.0115125 0.00575625244299374
0.0115275 0.0057637524398135
0.0115425 0.00577125243664363
0.0115575 0.0057787524334767
0.0115725 0.00578625243032356
0.0115875 0.00579375242717899
0.0116025 0.00580125242404278
0.0116175 0.00580875242091494
0.0116325 0.00581625241779024
0.0116475 0.00582375241467391
0.0116625 0.00583125241156775
0.0116775 0.00583875240847197
0.0116925 0.00584625240538455
0.0117075 0.00585375240230007
0.0117225 0.0058612523992253
0.0117375 0.00586875239616092
0.0117525 0.00587625239310106
0.0117675 0.00588375239004978
0.0117825 0.00589125238700709
0.0117975 0.00589875238397433
0.0118125 0.00590625238094654
0.0118275 0.00591375237792915
0.0118425 0.00592125237491445
0.0118575 0.00592875237191016
0.0118725 0.00593625236891265
0.0118875 0.00594375236592325
0.0119025 0.00595125236294063
0.0119175 0.00595875235996843
0.0119325 0.00596625235700432
0.0119475 0.00597375235404339
0.0119625 0.00598125235109107
0.0119775 0.00598875234814683
0.0119925 0.00599625234520939
0.0120075 0.00600375234227807
0.0120225 0.00601125233936051
0.0120375 0.00601875233644406
0.0120525 0.00602625233353804
0.0120675 0.00603375233063313
0.0120825 0.00604125232774017
0.0120975 0.00604875232485694
0.0121125 0.00605625232197692
0.0121275 0.00606375231910494
0.0121425 0.00607125231623978
0.0121575 0.00607875231338145
0.0121725 0.00608625231053115
0.0121875 0.00609375230768587
0.0122025 0.00610125230485104
0.0122175 0.00610875230202061
0.0122325 0.00611625229919701
0.0122475 0.00612375229638206
0.0122625 0.0061312522935715
0.0122775 0.00613875229076959
0.0122925 0.00614625228797452
0.0123075 0.00615375228518564
0.0123225 0.00616125228240361
0.0123375 0.00616875227962842
0.0123525 0.00617625227686122
0.0123675 0.00618375227410087
0.0123825 0.00619125227134737
0.0123975 0.00619875226859823
0.0124125 0.00620625226585595
0.0124275 0.00621375226312234
0.0124425 0.00622125226039488
0.0124575 0.00622875225767067
0.0124725 0.00623625225495802
0.0124875 0.00624375225224646
0.0125025 0.00625125224954682
0.0125175 0.00625875224684863
0.0125325 0.00626625224415876
0.0125475 0.006273752241479
0.0125625 0.00628125223880069
0.0125775 0.00628875223613068
0.0125925 0.00629625223346718
0.0126075 0.00630375223081237
0.0126225 0.00631125222815863
0.0126375 0.0063187522255132
0.0126525 0.00632625222287645
0.0126675 0.0063337522202444
0.0126825 0.00634125221761884
0.0126975 0.00634875221499836
0.0127125 0.00635625221238257
0.0127275 0.00636375220977689
0.0127425 0.00637125220717448
0.0127575 0.00637875220458218
0.0127725 0.00638625220199276
0.0127875 0.00639375219941023
0.0128025 0.00640125219683058
0.0128175 0.00640875219426284
0.0128325 0.00641625219169584
0.0128475 0.00642375218913936
0.0128625 0.00643125218658352
0.0128775 0.0064387521840382
0.0128925 0.00644625218149724
0.0129075 0.00645375217896277
0.0129225 0.00646125217643297
0.0129375 0.00646875217390827
0.0129525 0.00647625217138825
0.0129675 0.00648375216887652
0.0129825 0.00649125216637351
0.0129975 0.00649875216387337
0.0130125 0.0065062521613797
0.0130275 0.00651375215889116
0.0130425 0.00652125215640547
0.0130575 0.00652875215393168
0.0130725 0.00653625215145759
0.0130875 0.00654375214899178
0.0131025 0.00655125214653244
0.0131175 0.00655875214408004
0.0131325 0.00656625214162869
0.0131475 0.00657375213918199
0.0131625 0.00658125213674766
0.0131775 0.00658875213431619
0.0131925 0.00659625213189118
0.0132075 0.00660375212946769
0.0132225 0.00661125212705067
0.0132375 0.00661875212464373
0.0132525 0.0066262521222347
0.0132675 0.0066337521198386
0.0132825 0.00664125211744222
0.0132975 0.00664875211505411
0.0133125 0.00665625211267066
0.0133275 0.00666375211029416
0.0133425 0.00667125210792412
0.0133575 0.00667875210555693
0.0133725 0.00668625210319308
0.0133875 0.0066937521008375
0.0134025 0.00670125209848476
0.0134175 0.00670875209613537
0.0134325 0.00671625209379605
0.0134475 0.00672375209146138
0.0134625 0.00673125208913006
0.0134775 0.0067387520868052
0.0134925 0.00674625208448679
0.0135075 0.00675375208216993
0.0135225 0.00676125207986314
0.0135375 0.00676875207755918
0.0135525 0.00677625207525859
0.0135675 0.00678375207296444
0.0135825 0.00679125207067313
0.0135975 0.006798752068387
0.0136125 0.00680625206610912
0.0136275 0.00681375206383768
0.0136425 0.00682125206156702
0.0136575 0.00682875205930518
0.0136725 0.00683625205704379
0.0136875 0.0068437520547894
0.0137025 0.00685125205254021
0.0137175 0.00685875205029688
0.0137325 0.00686625204805694
0.0137475 0.00687375204582323
0.0137625 0.00688125204359594
0.0137775 0.00688875204136967
0.0137925 0.00689625203914679
0.0138075 0.00690375203693216
0.0138225 0.00691125203472214
0.0138375 0.00691875203251192
0.0138525 0.00692625203031355
0.0138675 0.00693375202811618
0.0138825 0.00694125202592765
0.0138975 0.00694875202374011
0.0139125 0.00695625202155901
0.0139275 0.00696375201938312
0.0139425 0.00697125201721186
0.0139575 0.0069787520150434
0.0139725 0.00698625201288016
0.0139875 0.00699375201071793
0.0140025 0.00700125200856392
0.0140175 0.00700875200641434
0.0140325 0.00701625200426999
0.0140475 0.00702375200213143
0.0140625 0.00703125199999631
0.0140775 0.00703875199786461
0.0140925 0.00704625199573689
0.0141075 0.00705375199361441
0.0141225 0.00706125199149537
0.0141375 0.00706875198938391
0.0141525 0.00707625198727589
0.0141675 0.00708375198517312
0.0141825 0.00709125198307249
0.0141975 0.00709875198097531
0.0142125 0.00710625197888519
0.0142275 0.00711375197679901
0.0142425 0.00712125197471629
0.0142575 0.00712875197264063
0.0142725 0.0071362519705653
0.0142875 0.00714375196849883
0.0143025 0.00715125196643402
0.0143175 0.00715875196437314
0.0143325 0.00716625196231752
0.0143475 0.00717375196026717
0.0143625 0.00718125195821893
0.0143775 0.00718875195617595
0.0143925 0.00719625195413645
0.0144075 0.00720375195210266
0.0144225 0.00721125195007234
0.0144375 0.00721875194804647
0.0144525 0.00722625194602699
0.0144675 0.00723375194400848
0.0144825 0.00724125194199706
0.0144975 0.00724875193998662
0.0145125 0.00725625193798076
0.0145275 0.00726375193598019
0.0145425 0.0072712519339842
0.0145575 0.00727875193198918
0.0145725 0.00728625193000126
0.0145875 0.0072937519280143
0.0146025 0.00730125192603554
0.0146175 0.00730875192405582
0.0146325 0.00731625192208501
0.0146475 0.00732375192011624
0.0146625 0.00733125191815278
0.0146775 0.00733875191619101
0.0146925 0.00734625191423669
0.0147075 0.00735375191228227
0.0147225 0.00736125191033496
0.0147375 0.00736875190839148
0.0147525 0.0073762519064497
0.0147675 0.00738375190451324
0.0147825 0.00739125190258241
0.0147975 0.00739875190065147
0.0148125 0.00740625189872681
0.0148275 0.00741375189680672
0.0148425 0.00742125189488757
0.0148575 0.00742875189297376
0.0148725 0.0074362518910645
0.0148875 0.00744375188915801
0.0149025 0.00745125188725684
0.0149175 0.00745875188536205
0.0149325 0.00746625188346819
0.0149475 0.00747375188157968
0.0149625 0.00748125187969031
0.0149775 0.0074887518778091
0.0149925 0.00749625187592963
0.0150175 0.00187719004910669
0.0150525 0.00188156504318031
0.0150875 0.00188594003727957
0.0151225 0.00189031503140731
0.0151575 0.00189469002556224
0.0151925 0.0018990650197435
0.0152275 0.00190344001395187
0.0152625 0.00190781500818734
0.0152975 0.00191219000244846
0.0153325 0.0019165649967365
0.0153675 0.00192093999105019
0.0154025 0.00192531498538944
0.0154375 0.00192968997975502
0.0154725 0.00193406497414537
0.0155075 0.00193843996856138
0.0155425 0.00194281496300276
0.0155775 0.00194718995746901
0.0156125 0.00195156495195937
0.0156475 0.00195593994647586
0.0156825 0.00196031494101646
0.0157175 0.00196468993558029
0.0157525 0.00196906493016813
0.0157875 0.00197343992478075
0.0158225 0.00197781491941738
0.0158575 0.00198218991407724
0.0158925 0.00198656490876033
0.0159275 0.00199093990346743
0.0159625 0.00199531489819776
0.0159975 0.00199968989295075
0.0160325 0.00200406488772658
0.0160675 0.00200843988252584
0.0161025 0.00201281487734678
0.0161375 0.00201718987219095
0.0161725 0.00202156486705681
0.0162075 0.00202593986194513
0.0162425 0.0020303148568559
0.0162775 0.00203468985178836
0.0163125 0.00203906484674251
0.0163475 0.00204343984171756
0.0163825 0.00204781483671527
0.0164175 0.00205218983173349
0.0164525 0.00205656482677282
0.0164875 0.00206093982183384
0.0165225 0.00206531481691499
0.0165575 0.0020696898120186
0.0165925 0.00207406480714079
0.0166275 0.00207843980228467
0.0166625 0.00208281479744791
0.0166975 0.00208718979263283
0.0167325 0.00209156478783712
0.0167675 0.00209593978306154
0.0168025 0.0021003147783063
0.0168375 0.00210468977356923
0.0168725 0.00210906476885406
0.0169075 0.0021134397641567
0.0169425 0.00211781475947947
0.0169775 0.0021221897548216
0.0170125 0.0021265647501831
0.0170475 0.00213093974556318
0.0170825 0.00213531474096262
0.0171175 0.00213968973637987
0.0171525 0.00214406473181648
0.0171875 0.0021484397272719
0.0172225 0.00215281472274624
0.0172575 0.00215718971823784
0.0172925 0.00216156471374803
0.0173275 0.0021659397092768
0.0173625 0.0021703147048226
0.0173975 0.00217468970038777
0.0174325 0.00217906469596921
0.0174675 0.00218343969156922
0.0175025 0.00218781468718705
0.0175375 0.00219218968282192
0.0175725 0.00219656467847383
0.0176075 0.00220093967414354
0.0176425 0.00220531466983052
0.0176775 0.00220968966553409
0.0177125 0.00221406466125492
0.0177475 0.00221843965699279
0.0177825 0.00222281465274769
0.0178175 0.00222718964851963
0.0178525 0.00223156464430706
0.0178875 0.00223593964011076
0.0179225 0.00224031463593071
0.0179575 0.00224468963176715
0.0179925 0.00224906462762096
0.0180275 0.00225343962348971
0.0180625 0.00225781461937549
0.0180975 0.00226218961527599
0.0181325 0.00226656461119275
0.0181675 0.00227093960712655
0.0182025 0.00227531460307506
0.0182375 0.00227968959903828
0.0182725 0.00228406459501777
0.0183075 0.00228843959101275
0.0183425 0.00229281458702244
0.0183775 0.00229718958304762
0.0184125 0.00230156457908775
0.0184475 0.0023059395751429
0.0184825 0.002310314571213
0.0185175 0.00231468956729858
0.0185525 0.00231906456339888
0.0185875 0.00232343955951312
0.0186225 0.0023278145556413
0.0186575 0.00233218955178575
0.0186925 0.0023365645479449
0.0187275 0.00234093954411645
0.0187625 0.00234531454030372
0.0187975 0.00234968953650369
0.0188325 0.0023540645327186
0.0188675 0.00235843952894823
0.0189025 0.0023628145251918
0.0189375 0.00236718952144854
0.0189725 0.00237156451771921
0.0190075 0.00237593951400383
0.0190425 0.00238031451030238
0.0190775 0.0023846895066141
0.0191125 0.00238906450293899
0.0191475 0.00239343949927781
0.0191825 0.00239781449563058
0.0192175 0.00240218949199597
0.0192525 0.00240656448837328
0.0192875 0.00241093948476554
0.0193225 0.00241531448117096
0.0193575 0.00241968947758801
0.0193925 0.00242406447401899
0.0194275 0.00242843947046313
0.0194625 0.0024328144669189
0.0194975 0.0024371894633886
0.0195325 0.00244156445986992
0.0195675 0.00244593945636465
0.0196025 0.00245031445287051
0.0196375 0.00245468944939055
0.0196725 0.00245906444592221
0.0197075 0.00246343944246625
0.0197425 0.00246781443902269
0.0197775 0.00247218943559152
0.0198125 0.0024765644321712
0.0198475 0.00248093942876403
0.0198825 0.00248531442536926
0.0199175 0.00248968942198611
0.0199525 0.00249406441861457
0.0199875 0.00249843941525465
0.0200225 0.00250281441190634
0.0200575 0.00250718940857145
0.0200925 0.0025115644052469
0.0201275 0.00251593940193345
0.0201625 0.00252031439863238
0.0201975 0.00252468939534216
0.0202325 0.00252906439206278
0.0202675 0.00253343938879681
0.0203025 0.00253781438554119
0.0203375 0.00254218938229665
0.0203725 0.00254656437906296
0.0204075 0.00255093937583934
0.0204425 0.00255531437262811
0.0204775 0.00255968936942695
0.0205125 0.0025640643662374
0.0205475 0.00256843936305869
0.0205825 0.00257281435989006
0.0206175 0.00257718935673226
0.0206525 0.00258156435358608
0.0206875 0.00258593935045074
0.0207225 0.00259031434732547
0.0207575 0.00259468934421105
0.0207925 0.00259906434110591
0.0208275 0.00260343933801188
0.0208625 0.00260781433492972
0.0208975 0.00261218933185556
0.0209325 0.00261656432879302
0.0209675 0.00262093932573977
0.0210025 0.00262531432269814
0.0210375 0.0026296893196658
0.0210725 0.00263406431664353
0.0211075 0.00263843931362978
0.0211425 0.00264281431062791
0.0211775 0.0026471893076348
0.0212125 0.0026515643046528
0.0212475 0.00265593930168009
0.0212825 0.00266031429871745
0.0213175 0.00266468929576411
0.0213525 0.00266906429282083
0.0213875 0.00267343928988684
0.0214225 0.00267781428696215
0.0214575 0.00268218928404753
0.0214925 0.0026865642811422
0.0215275 0.00269093927824616
0.0215625 0.00269531427536019
0.0215975 0.00269968927248378
0.0216325 0.00270406426961535
0.0216675 0.00270843926675726
0.0217025 0.00271281426390769
0.0217375 0.00271718926106741
0.0217725 0.00272156425823642
0.0218075 0.00272593925541473
0.0218425 0.00273031425260233
0.0218775 0.00273468924979717
0.0219125 0.00273906424700231
0.0219475 0.00274343924421624
0.0219825 0.00274781424143946
0.0220175 0.00275218923867198
0.0220525 0.00275656423591224
0.0220875 0.00276093923316102
0.0221225 0.00276531423041909
0.0221575 0.00276968922768646
0.0221925 0.0027740642249608
0.0222275 0.0027784392222452
0.0222625 0.00278281421953735
0.0222975 0.00278718921683802
0.0223325 0.0027915642141472
0.0223675 0.00279593921146491
0.0224025 0.00280031420879113
0.0224375 0.00280468920612615
0.0224725 0.00280906420346836
0.0225075 0.00281343920082014
0.0225425 0.00281781419817966
0.0225775 0.00282218919554693
0.0226125 0.00282656419292194
0.0226475 0.00283093919030624
0.0226825 0.00283531418769752
0.0227175 0.00283968918509759
0.0227525 0.00284406418250485
0.0227875 0.00284843917992013
0.0228225 0.00285281417734471
0.0228575 0.00285718917477625
0.0228925 0.00286156417221632
0.0229275 0.00286593916966258
0.0229625 0.00287031416711813
0.0229975 0.00287468916458143
0.0230325 0.00287906416205092
0.0230675 0.00288343915952971
0.0231025 0.00288781415701546
0.0231375 0.00289218915450896
0.0231725 0.00289656415200943
0.0232075 0.00290093914951842
0.0232425 0.00290531414703438
0.0232775 0.00290968914455682
0.0233125 0.00291406414208798
0.0233475 0.0029184391396264
0.0233825 0.00292281413717256
0.0234175 0.0029271891347252
0.0234525 0.00293156413228579
0.0234875 0.00293593912985364
0.0235225 0.00294031412742845
0.0235575 0.00294468912501024
0.0235925 0.00294906412259938
0.0236275 0.00295343912019665
0.0236625 0.00295781411779935
0.0236975 0.00296218911541056
0.0237325 0.00296656411302835
0.0237675 0.00297093911065273
0.0238025 0.00297531410828408
0.0238375 0.00297968910592279
0.0238725 0.00298406410356846
0.0239075 0.00298843910122072
0.0239425 0.00299281409887995
0.0239775 0.00299718909654576
0.0240125 0.00300156409421854
0.0240475 0.00300593909189906
0.0240825 0.00301031408958501
0.0241175 0.00301468908727822
0.0241525 0.00301906408497897
0.0241875 0.00302343908268535
0.0242225 0.00302781408039849
0.0242575 0.00303218907811851
0.0242925 0.00303656407584434
0.0243275 0.00304093907357753
0.0243625 0.00304531407131691
0.0243975 0.00304968906906287
0.0244325 0.00305406406681542
0.0244675 0.00305843906457378
0.0245025 0.0030628140623391
0.0245375 0.00306718906011062
0.0245725 0.00307156405788834
0.0246075 0.00307593905567263
0.0246425 0.00308031405346274
0.0246775 0.00308468905125943
0.0247125 0.00308906404906232
0.0247475 0.0030934390468714
0.0247825 0.00309781404468667
0.0248175 0.00310218904250845
0.0248525 0.00310656404033581
0.0248875 0.00311093903816967
0.0249225 0.00311531403600895
0.0249575 0.00311968903385559
0.0249925 0.00312406403170727
0.0250275 0.00312843902956591
0.0250625 0.0031328140274292
0.0250975 0.00313718902530016
0.0251325 0.00314156402317592
0.0251675 0.00314593902105741
0.0252025 0.00315031401894509
0.0252375 0.0031546890168382
0.0252725 0.0031590640147375
0.0253075 0.003163439012643
0.0253425 0.00316781401055391
0.0253775 0.00317218900847025
0.0254125 0.00317656400639279
0.0254475 0.00318093900432113
0.0254825 0.00318531400225489
0.0255175 0.00318968900019446
0.0255525 0.00319406399813977
0.0255875 0.00319843899609103
0.0256225 0.00320281399404725
0.0256575 0.0032071889920089
0.0256925 0.00321156398997673
0.0257275 0.00321593898794999
0.0257625 0.00322031398592867
0.0257975 0.003224688983912
0.0258325 0.00322906398190152
0.0258675 0.00323343897989608
0.0259025 0.00323781397789677
0.0259375 0.00324218897590339
0.0259725 0.00324656397391421
0.0260075 0.00325093897193084
0.0260425 0.0032553139699525
0.0260775 0.00325968896797958
0.0261125 0.0032640639660117
0.0261475 0.00326843896404923
0.0261825 0.00327281396209258
0.0262175 0.00327718896014096
0.0262525 0.00328156395819399
0.0262875 0.00328593895625204
0.0263225 0.0032903139543163
0.0263575 0.00329468895238481
0.0263925 0.00329906395045875
0.0264275 0.00330343894853766
0.0264625 0.00330781394662172
0.0264975 0.00331218894471037
0.0265325 0.00331656394280483
0.0265675 0.00332093894090432
0.0266025 0.00332531393900846
0.0266375 0.00332968893711757
0.0266725 0.00333406393523184
0.0267075 0.00333843893335107
0.0267425 0.00334281393147496
0.0267775 0.00334718892960388
0.0268125 0.00335156392773745
0.0268475 0.00335593892587643
0.0268825 0.00336031392402007
0.0269175 0.00336468892216835
0.0269525 0.00336906392032166
0.0269875 0.00337343891848001
0.0270225 0.00337781391664262
0.0270575 0.00338218891480949
0.0270925 0.00338656391298255
0.0271275 0.00339093891115948
0.0271625 0.00339531390934106
0.0271975 0.00339968890752729
0.0272325 0.00340406390571855
0.0272675 0.00340843890391407
0.0273025 0.0034128139021138
0.0273375 0.00341718890031862
0.0273725 0.00342156389852813
0.0274075 0.00342593889674185
0.0274425 0.00343031389496021
0.0274775 0.00343468889318323
0.0275125 0.00343906389141127
0.0275475 0.00344343888964319
0.0275825 0.00344781388787976
0.0276175 0.00345218888612097
0.0276525 0.00345656388436644
0.0276875 0.00346093888261656
0.0277225 0.00346531388087094
0.0277575 0.00346968887912996
0.0277925 0.00347406387739286
0.0278275 0.00347843887566118
0.0278625 0.00348281387393259
0.0278975 0.00348718887220904
0.0279325 0.00349156387048936
0.0279675 0.00349593886877433
0.0280025 0.00350031386706356
0.0280375 0.00350468886535778
0.0280725 0.00350906386365517
0.0281075 0.00351343886195757
0.0281425 0.00351781386026344
0.0281775 0.00352218885857319
0.0282125 0.00352656385688833
0.0282475 0.00353093885520741
0.0282825 0.00353531385353032
0.0283175 0.00353968885185749
0.0283525 0.00354406385018893
0.0283875 0.00354843884852423
0.0284225 0.0035528138468638
0.0284575 0.00355718884520646
0.0284925 0.00356156384355454
0.0285275 0.00356593884190573
0.0285625 0.00357031384026194
0.0285975 0.00357468883862087
0.0286325 0.00357906383698483
0.0286675 0.00358343883535266
0.0287025 0.00358781383372436
0.0287375 0.00359218883209955
0.0287725 0.00359656383047974
0.0288075 0.0036009388288627
0.0288425 0.0036053138272499
0.0288775 0.00360968882564135
0.0289125 0.00361406382403667
0.0289475 0.00361843882243548
0.0289825 0.00362281382083855
0.0290175 0.00362718881924549
0.0290525 0.0036315638176563
0.0290875 0.0036359388160706
0.0291225 0.00364031381448952
0.0291575 0.00364468881291081
0.0291925 0.00364906381133672
0.0292275 0.0036534388097669
0.0292625 0.00365781380820017
0.0292975 0.00366218880663692
0.0293325 0.00366656380507794
0.0293675 0.00367093880352244
0.0294025 0.00367531380197081
0.0294375 0.00367968880042267
0.0294725 0.00368406379887878
0.0295075 0.003688438797338
0.0295425 0.00369281379580109
0.0295775 0.00369718879426802
0.0296125 0.00370156379273733
0.0296475 0.00370593879121125
0.0296825 0.00371031378968905
0.0297175 0.00371468878816995
0.0297525 0.00371906378665472
0.0297875 0.00372343878514298
0.0298225 0.00372781378363433
0.0298575 0.00373218878212954
0.0298925 0.00373656378062865
0.0299275 0.00374093877913085
0.0299625 0.00374531377763653
0.0299975 0.00374968877614608
0.0300325 0.00375406377465835
0.0300675 0.00375843877317487
0.0301025 0.00376281377169449
0.0301375 0.00376718877021759
0.0301725 0.00377156376874418
0.0302075 0.00377593876727426
0.0302425 0.00378031376580743
0.0302775 0.00378468876434447
0.0303125 0.00378906376288423
0.0303475 0.00379343876142824
0.0303825 0.00379781375997497
0.0304175 0.00380218875852518
0.0304525 0.00380656375707809
0.0304875 0.00381093875563528
0.0305225 0.00381531375419517
0.0305575 0.00381968875275892
0.0305925 0.00382406375132618
0.0306275 0.00382843874989614
0.0306625 0.00383281374846919
0.0306975 0.00383718874704612
0.0307325 0.00384156374562614
0.0307675 0.00384593874420888
0.0308025 0.00385031374279549
0.0308375 0.00385468874138481
0.0308725 0.00385906373997761
0.0309075 0.00386343873857351
0.0309425 0.00386781373717251
0.0309775 0.00387218873577461
0.0310125 0.0038765637343798
0.0310475 0.00388093873298809
0.0310825 0.00388531373159948
0.0311175 0.00388968873021436
0.0311525 0.00389406372883233
0.0311875 0.0038984387274534
0.0312225 0.00390281372607757
0.0312575 0.00390718872470406
0.0312925 0.00391156372333403
0.0313275 0.0039159387219675
0.0313625 0.00392031372060405
0.0313975 0.00392468871924371
0.0314325 0.00392906371788569
0.0314675 0.00393343871653116
0.0315025 0.0039378137151801
0.0315375 0.00394218871383138
0.0315725 0.00394656371248536
0.0316075 0.00395093871114244
0.0316425 0.00395531370980301
0.0316775 0.00395968870846667
0.0317125 0.00396406370713266
0.0317475 0.00396843870580174
0.0317825 0.00397281370447431
0.0318175 0.00397718870314921
0.0318525 0.00398156370182683
0.0318875 0.00398593870050788
0.0319225 0.00399031369919171
0.0319575 0.0039946886978778
0.0319925 0.00399906369656706
0.0320275 0.00400343869525934
0.0320625 0.00400781369395402
0.0320975 0.0040121886926521
0.0321325 0.00401656369135298
0.0321675 0.00402093869005649
0.0322025 0.0040253136887624
0.0322375 0.00402968868747132
0.0322725 0.00403406368618344
0.0323075 0.00403843868489855
0.0323425 0.0040428136836157
0.0323775 0.00404718868233623
0.0324125 0.0040515636810592
0.0324475 0.00405593867978476
0.0324825 0.00406031367851353
0.0325175 0.00406468867724496
0.0325525 0.00406906367597942
0.0325875 0.00407343867471595
0.0326225 0.00407781367345505
0.0326575 0.004082188672197
0.0326925 0.0040865636709423
0.0327275 0.00409093866968967
0.0327625 0.00409531366844
0.0327975 0.00409968866719279
0.0328325 0.00410406366594854
0.0328675 0.00410843866470637
0.0329025 0.00411281366346715
0.0329375 0.0041171886622308
0.0329725 0.00412156366099699
0.0330075 0.00412593865976567
0.0330425 0.0041303136585369
0.0330775 0.00413468865731062
0.0331125 0.00413906365608764
0.0331475 0.00414343865486602
0.0331825 0.00414781365364769
0.0332175 0.00415218865243187
0.0332525 0.00415656365121901
0.0332875 0.00416093865000929
0.0333225 0.00416531364880112
0.0333575 0.00416968864759566
0.0333925 0.00417406364639297
0.0334275 0.00417843864519244
0.0334625 0.00418281364399445
0.0334975 0.00418718864279895
0.0335325 0.00419156364160638
0.0335675 0.00419593864041591
0.0336025 0.00420031363922761
0.0336375 0.00420468863804255
0.0336725 0.00420906363685967
0.0337075 0.00421343863567849
0.0337425 0.00421781363450026
0.0337775 0.00422218863332449
0.0338125 0.0042265636321513
0.0338475 0.00423093863098057
0.0338825 0.00423531362981164
0.0339175 0.00423968862864554
0.0339525 0.00424406362748204
0.0339875 0.00424843862632104
0.0340225 0.00425281362516283
0.0340575 0.00425718862400654
0.0340925 0.0042615636228522
0.0341275 0.00426593862170095
0.0341625 0.00427031362055125
0.0341975 0.00427468861940465
0.0342325 0.00427906361826038
0.0342675 0.00428343861711811
0.0343025 0.00428781361597871
0.0343375 0.00429218861484078
0.0343725 0.00429656361370603
0.0344075 0.00430093861257237
0.0344425 0.00430531361144226
0.0344775 0.00430968861031363
0.0345125 0.00431406360918778
0.0345475 0.0043184386080638
0.0345825 0.0043228136069422
0.0346175 0.00432718860582326
0.0346525 0.004331563604706
0.0346875 0.00433593860359115
0.0347225 0.00434031360247901
0.0347575 0.00434468860136881
0.0347925 0.00434906360026055
0.0348275 0.00435343859915538
0.0348625 0.00435781359805176
0.0348975 0.00436218859695046
0.0349325 0.00436656359585149
0.0349675 0.00437093859475445
0.0350025 0.00437531359366012
0.0350375 0.00437968859256735
0.0350725 0.00438406359147728
0.0351075 0.00438843859038876
0.0351425 0.00439281358930295
0.0351775 0.00439718858821869
0.0352125 0.00440156358713763
0.0352475 0.00440593858605821
0.0352825 0.0044103135849815
0.0353175 0.00441468858390595
0.0353525 0.00441906358283312
0.0353875 0.00442343858176193
0.0354225 0.00442781358069354
0.0354575 0.00443218857962748
0.0354925 0.00443656357856297
0.0355275 0.0044409385775004
0.0355625 0.00444531357644014
0.0355975 0.00444968857538222
0.0356325 0.00445406357432622
0.0356675 0.00445843857327178
0.0357025 0.00446281357222005
0.0357375 0.00446718857117025
0.0357725 0.00447156357012239
0.0358075 0.00447593856907685
0.0358425 0.00448031356803286
0.0358775 0.00448468856699081
0.0359125 0.00448906356595069
0.0359475 0.00449343856491213
0.0359825 0.00449781356387588
0.0360175 0.00450218856284157
0.0360525 0.0045065635618092
0.0360875 0.00451093856078043
0.0361225 0.00451531355975259
0.0361575 0.00451968855872718
0.0361925 0.00452406355770372
0.0362275 0.00452843855668219
0.0362625 0.00453281355566298
0.0362975 0.00453718855464571
0.0363325 0.00454156355362999
0.0363675 0.00454593855261659
0.0364025 0.00455031355160513
0.0364375 0.00455468855059521
0.0364725 0.00455906354958762
0.0365075 0.00456343854858197
0.0365425 0.00456781354757825
0.0365775 0.00457218854657608
0.0366125 0.00457656354557585
0.0366475 0.00458093854457794
0.0366825 0.00458531354358157
0.0367175 0.00458968854258715
0.0367525 0.00459406354159505
0.0367875 0.00459843854060449
0.0368225 0.00460281353961601
0.0368575 0.00460718853862789
0.0368925 0.00461156353764304
0.0369275 0.00461593853665918
0.0369625 0.00462031353567781
0.0369975 0.00462468853469835
0.0370325 0.00462906353372019
0.0370675 0.00463343853274357
0.0371025 0.00463781353176928
0.0371375 0.00464218853079615
0.0371725 0.00464656352982535
0.0372075 0.00465093852885648
0.0372425 0.00465531352788916
0.0372775 0.00465968852692339
0.0373125 0.00466406352595955
0.0373475 0.00466843852499804
0.0373825 0.00467281352403808
0.0374175 0.00467718852307966
0.0374525 0.00468156352212318
0.0374875 0.00468593852116825
0.0375225 0.00469031352021526
0.0375575 0.00469468851926436
0.0375925 0.0046990635183157
0.0376275 0.00470343851736806
0.0376625 0.00470781351642288
0.0376975 0.00471218851547872
0.0377325 0.00471656351453702
0.0377675 0.00472093851359674
0.0378025 0.00472531351265892
0.0378375 0.00472968851172135
0.0378725 0.00473406351078717
0.0379075 0.00473843850985392
0.0379425 0.004742813508923
0.0379775 0.00474718850799324
0.0380125 0.0047515635070658
0.0380475 0.00475593850613991
0.0380825 0.00476031350521557
0.0381175 0.00476468850429317
0.0381525 0.00476906350337154
0.0381875 0.00477343850245262
0.0382225 0.00477781350153487
0.0382575 0.00478218850061905
0.0382925 0.00478656349970495
0.0383275 0.00479093849879149
0.0383625 0.00479531349788067
0.0383975 0.00479968849697069
0.0384325 0.00480406349606297
0.0384675 0.00480843849515686
0.0385025 0.00481281349425262
0.0385375 0.00481718849334922
0.0385725 0.00482156349244809
0.0386075 0.00482593849154817
0.0386425 0.00483031349065053
0.0386775 0.00483468848975409
0.0387125 0.00483906348885916
0.0387475 0.00484343848796638
0.0387825 0.00484781348707418
0.0388175 0.00485218848618392
0.0388525 0.0048565634852952
0.0388875 0.00486093848440804
0.0389225 0.00486531348352203
0.0389575 0.00486968848263932
0.0389925 0.0048740634817568
0.0390275 0.00487843848087641
0.0390625 0.00488281347999815
0.0390975 0.00488718847912008
0.0391325 0.00489156347824472
0.0391675 0.00489593847737034
0.0392025 0.00490031347649768
0.0392375 0.00490468847562698
0.0392725 0.00490906347475723
0.0393075 0.00491343847388905
0.0393425 0.00491781347302297
0.0393775 0.0049221884721577
0.0394125 0.00492656347129452
0.0394475 0.00493093847043235
0.0394825 0.00493531346957207
0.0395175 0.00493968846871358
0.0395525 0.0049440634678564
0.0395875 0.00494843846700062
0.0396225 0.00495281346614675
0.0396575 0.00495718846529462
0.0396925 0.00496156346444367
0.0397275 0.00496593846359365
0.0397625 0.00497031346274562
0.0397975 0.00497468846189927
0.0398325 0.00497906346105416
0.0398675 0.00498343846021013
0.0399025 0.00498781345936811
0.0399375 0.00499218845852698
0.0399725 0.00499656345768826
0.0400075 0.00500093845685022
0.0400425 0.00500531345601383
0.0400775 0.00500968845517889
0.0401125 0.00501406345434559
0.0401475 0.00501843845351355
0.0401825 0.00502281345268336
0.0402175 0.00502718845185403
0.0402525 0.00503156345102655
0.0402875 0.0050359384502005
0.0403225 0.00504031344937574
0.0403575 0.00504468844855201
0.0403925 0.00504906344773016
0.0404275 0.00505343844690975
0.0404625 0.00505781344609054
0.0404975 0.00506218844527288
0.0405325 0.00506656344445677
0.0405675 0.00507093844364185
0.0406025 0.00507531344282838
0.0406375 0.00507968844201621
0.0406725 0.00508406344120564
0.0407075 0.00508843844039638
0.0407425 0.00509281343958832
0.0407775 0.00509718843878177
0.0408125 0.0051015634379768
0.0408475 0.00510593843717317
0.0408825 0.00511031343637071
0.0409175 0.00511468843556979
0.0409525 0.00511906343477024
0.0409875 0.00512343843397203
0.0410225 0.0051278134331748
0.0410575 0.0051321884323793
0.0410925 0.00513656343158521
0.0411275 0.00514093843079214
0.0411625 0.00514531343000042
0.0411975 0.00514968842920987
0.0412325 0.00515406342842086
0.0412675 0.0051584384276334
0.0413025 0.00516281342684691
0.0413375 0.00516718842606197
0.0413725 0.00517156342527838
0.0414075 0.00517593842449576
0.0414425 0.00518031342371514
0.0414775 0.00518468842293569
0.0415125 0.00518906342215765
0.0415475 0.00519343842138071
0.0415825 0.00519781342060519
0.0416175 0.00520218841983116
0.0416525 0.00520656341905835
0.0416875 0.00521093841828663
0.0417225 0.00521531341751634
0.0417575 0.00521968841674714
0.0417925 0.00522406341597937
0.0418275 0.00522843841521295
0.0418625 0.00523281341444795
0.0418975 0.00523718841368411
0.0419325 0.00524156341292182
0.0419675 0.00524593841216069
0.0420025 0.00525031341140092
0.0420375 0.00525468841064231
0.0420725 0.00525906340988486
0.0421075 0.00526343840912896
0.0421425 0.00526781340837403
0.0421775 0.00527218840762064
0.0422125 0.00527656340686823
0.0422475 0.00528093840611717
0.0422825 0.00528531340536765
0.0423175 0.0052896884046188
0.0423525 0.00529406340387087
0.0423875 0.00529843840312501
0.0424225 0.00530281340237959
0.0424575 0.00530718840163586
0.0424925 0.00531156340089296
0.0425275 0.00531593840015175
0.0425625 0.00532031339941125
0.0425975 0.00532468839867219
0.0426325 0.0053290633979343
0.0426675 0.00533343839719776
0.0427025 0.00533781339646257
0.0427375 0.00534218839572836
0.0427725 0.00534656339499549
0.0428075 0.0053509383942636
0.0428425 0.00535531339353306
0.0428775 0.00535968839280369
0.0429125 0.00536406339207566
0.0429475 0.00536843839134842
0.0429825 0.00537281339062272
0.0430175 0.00537718838989799
0.0430525 0.00538156338917423
0.0430875 0.00538593838845163
0.0431225 0.00539031338773019
0.0431575 0.0053946883870103
0.0431925 0.00539906338629118
0.0432275 0.00540343838557372
0.0432625 0.00540781338485721
0.0432975 0.00541218838414216
0.0433325 0.00541656338342828
0.0433675 0.00542093838271536
0.0434025 0.00542531338200379
0.0434375 0.00542968838129339
0.0434725 0.00543406338058395
0.0435075 0.00543843837987549
0.0435425 0.00544281337916837
0.0435775 0.00544718837846223
0.0436125 0.00545156337775725
0.0436475 0.00545593837705343
0.0436825 0.00546031337635077
0.0437175 0.00546468837564888
0.0437525 0.00546906337494855
0.0437875 0.00547343837424918
0.0438225 0.00547781337355098
0.0438575 0.00548218837285393
0.0438925 0.00548656337215786
0.0439275 0.00549093837146294
0.0439625 0.00549531337076919
0.0439975 0.00549968837007614
0.0440325 0.00550406336938466
0.0440675 0.00550843836869425
0.0441025 0.00551281336800451
0.0441375 0.00551718836731643
0.0441725 0.00552156336662932
0.0442075 0.00552593836594293
0.0442425 0.00553031336525769
0.0442775 0.00553468836457362
0.0443125 0.00553906336389052
0.0443475 0.00554343836320838
0.0443825 0.0055478133625276
0.0444175 0.00555218836184779
0.0444525 0.00555656336116894
0.0444875 0.00556093836049145
0.0445225 0.00556531335981474
0.0445575 0.00556968835913918
0.0445925 0.00557406335846479
0.0446275 0.00557843835779117
0.0446625 0.00558281335711891
0.0446975 0.00558718835644781
0.0447325 0.00559156335577763
0.0447675 0.00559593835510857
0.0448025 0.00560031335444046
0.0448375 0.00560468835377372
0.0448725 0.00560906335310765
0.0449075 0.00561343835244284
0.0449425 0.00561781335177862
0.0449775 0.00562218835111593
0.0450125 0.00562656335045413
0.0450475 0.00563093834979334
0.0450825 0.00563531334913376
0.0451175 0.00563968834847524
0.0451525 0.00564406334781759
0.0451875 0.00564843834716121
0.0452225 0.0056528133465055
0.0452575 0.00565718834585115
0.0452925 0.00566156334519757
0.0453275 0.00566593834454505
0.0453625 0.0056703133438937
0.0453975 0.00567468834324279
0.0454325 0.00567906334259316
0.0454675 0.00568343834194464
0.0455025 0.00568781334129703
0.0455375 0.00569218834065045
0.0455725 0.00569656334000478
0.0456075 0.00570093833936024
0.0456425 0.0057053133387164
0.0456775 0.00570968833807399
0.0457125 0.00571406333743238
0.0457475 0.00571843833679152
0.0457825 0.00572281333615184
0.0458175 0.00572718833551321
0.0458525 0.00573156333487546
0.0458875 0.00573593833423877
0.0459225 0.00574031333360274
0.0459575 0.00574468833296794
0.0459925 0.00574906333233382
0.0460275 0.00575343833170086
0.0460625 0.00575781333106877
0.0460975 0.00576218833043765
0.0461325 0.00576656332980758
0.0461675 0.00577093832917843
0.0462025 0.00577531332855027
0.0462375 0.00577968832792306
0.0462725 0.00578406332729686
0.0463075 0.00578843832667145
0.0463425 0.00579281332604701
0.0463775 0.00579718832542353
0.0464125 0.00580156332480093
0.0464475 0.0058059383241793
0.0464825 0.00581031332355872
0.0465175 0.00581468832293903
0.0465525 0.0058190633223203
0.0465875 0.00582343832170254
0.0466225 0.00582781332108565
0.0466575 0.00583218832046982
0.0466925 0.00583656331985477
0.0467275 0.00584093831924059
0.0467625 0.00584531331862748
0.0467975 0.00584968831801523
0.0468325 0.00585406331740386
0.0468675 0.00585843831679345
0.0469025 0.00586281331618392
0.0469375 0.00586718831557536
0.0469725 0.00587156331496766
0.0470075 0.00587593831436084
0.0470425 0.00588031331375498
0.0470775 0.00588468831315
0.0471125 0.00588906331254589
0.0471475 0.00589343831194265
0.0471825 0.00589781331134048
0.0472175 0.00590218831073906
0.0472525 0.00590656331013845
0.0472875 0.00591093830953888
0.0473225 0.00591531330894028
0.0473575 0.00591968830834246
0.0473925 0.00592406330774561
0.0474275 0.00592843830714953
0.0474625 0.00593281330655442
0.0474975 0.00593718830596014
0.0475325 0.00594156330536677
0.0475675 0.00594593830477427
0.0476025 0.00595031330418265
0.0476375 0.00595468830359185
0.0476725 0.00595906330300201
0.0477075 0.00596343830241295
0.0477425 0.00596781330182467
0.0477775 0.0059721883012374
0.0478125 0.00597656330065095
0.0478475 0.00598093830006533
0.0478825 0.00598531329948053
0.0479175 0.00598968829889643
0.0479525 0.00599406329831337
0.0479875 0.00599843829773109
0.0480225 0.00600281329714972
0.0480575 0.00600718829656914
0.0480925 0.00601156329598937
0.0481275 0.00601593829541058
0.0481625 0.00602031329483252
0.0481975 0.00602468829425532
0.0482325 0.0060290632936789
0.0482675 0.00603343829310329
0.0483025 0.00603781329252861
0.0483375 0.0060421882919547
0.0483725 0.00604656329138161
0.0484075 0.0060509382908094
0.0484425 0.00605531329023796
0.0484775 0.00605968828966743
0.0485125 0.00606406328909764
0.0485475 0.00606843828852871
0.0485825 0.00607281328796061
0.0486175 0.00607718828739329
0.0486525 0.00608156328682678
0.0486875 0.0060859382862612
0.0487225 0.00609031328569638
0.0487575 0.0060946882851324
0.0487925 0.00609906328456921
0.0488275 0.00610343828400685
0.0488625 0.00610781328344523
0.0488975 0.00611218828288448
0.0489325 0.00611656328232449
0.0489675 0.00612093828176534
0.0490025 0.00612531328120693
0.0490375 0.00612968828064935
0.0490725 0.0061340632800926
0.0491075 0.00613843827953664
0.0491425 0.00614281327898147
0.0491775 0.00614718827842709
0.0492125 0.00615156327787351
0.0492475 0.0061559382773207
0.0492825 0.00616031327676867
0.0493175 0.0061646882762174
0.0493525 0.00616906327566689
0.0493875 0.00617343827511719
0.0494225 0.00617781327456826
0.0494575 0.00618218827402011
0.0494925 0.00618656327347275
0.0495275 0.00619093827292616
0.0495625 0.00619531327238032
0.0495975 0.00619968827183528
0.0496325 0.00620406327129099
0.0496675 0.00620843827074746
0.0497025 0.0062128132702047
0.0497375 0.00621718826966272
0.0497725 0.00622156326912149
0.0498075 0.00622593826858102
0.0498425 0.00623031326804132
0.0498775 0.00623468826750237
0.0499125 0.00623906326696417
0.0499475 0.00624343826642674
0.0499825 0.00624781326589005
