7.5e-06 7.50000000075054e-06
2.25e-05 1.25000000006486e-05
3.75e-05 1.9499999999783e-05
5.25e-05 2.67857142860715e-05
6.75e-05 3.41666666674757e-05
8.25e-05 4.15909090930999e-05
9.75e-05 4.90384615401719e-05
0.0001125 5.65000000001126e-05
0.0001275 6.39705882359558e-05
0.0001425 7.14473684226865e-05
0.0001575 7.89285714314793e-05
0.0001725 8.64130434796803e-05
0.0001875 9.39000000006508e-05
0.0002025 0.000101388888891539
0.0002175 0.000108879310347374
0.0002325 0.000116370967744896
0.0002475 0.000123863636363328
0.0002625 0.000131357142856813
0.0002775 0.000138851351349521
0.0002925 0.000146346153840459
0.0003075 0.000153841463407331
0.0003225 0.000161337209295107
0.0003375 0.0001688333333273
0.0003525 0.000176329787229812
0.0003675 0.00018382653061069
0.0003825 0.000191323529407916
0.0003975 0.000198820754711239
0.0004125 0.000206318181811691
0.0004275 0.00021381578946433
0.0004425 0.000221313559315423
0.0004575 0.000228811475401896
0.0004725 0.000236309523802596
0.0004875 0.000243807692302177
0.0005025 0.000251305970143548
0.0005175 0.000258804347821869
0.0005325 0.00026630281689482
0.0005475 0.000273801369852492
0.0005625 0.000281299999990901
0.0005775 0.000288798701287307
0.0005925 0.000296297468342385
0.0006075 0.000303796296284444
0.0006225 0.000311295180709826
0.0006375 0.000318794117637697
0.0006525 0.0003262931034396
0.0006675 0.000333792134821353
0.0006825 0.000341291208781537
0.0006975 0.000348790322568081
0.0007125 0.000356289473674673
0.0007275 0.000363788659786534
0.0007425 0.000371287878778635
0.0007575 0.000378787128704832
0.0007725 0.000386286407756316
0.0007875 0.000393785714274252
0.0008025 0.000401285046719073
0.0008175 0.000408784403659638
0.0008325 0.000416283783771413
0.0008475 0.000423783185827434
0.0008625 0.000431282608685684
0.0008775 0.000438782051269186
0.0008925 0.000446281512593129
0.0009075 0.000453780991725079
0.0009225 0.000461280487795888
0.0009375 0.000468779999988783
0.0009525 0.00047627952754844
0.0009675 0.000483779069759276
0.0009825 0.000491278625943674
0.0009975 0.000498778195476415
0.0010125 0.00050627777776658
0.0010275 0.000513777372252242
0.0010425 0.000521276978405696
0.0010575 0.000528776595733691
0.0010725 0.000536276223766353
0.0010875 0.000543775862060996
0.0011025 0.000551275510192974
0.0011175 0.000558775167771951
0.0011325 0.000566274834422095
0.0011475 0.00057377450978561
0.0011625 0.000581274193530008
0.0011775 0.000588773885330028
0.0011925 0.000596273584887523
0.0012075 0.000603773291902505
0.0012225 0.000611273006116598
0.0012375 0.000618772727258751
0.0012525 0.000626272455070528
0.0012675 0.000633772189335152
0.0012825 0.000641271929804989
0.0012975 0.000648771676284957
0.0013125 0.000656271428556353
0.0013275 0.000663771186427634
0.0013425 0.000671270949703702
0.0013575 0.00067877071821463
0.0013725 0.000686270491790599
0.0013875 0.000693770270258126
0.0014025 0.000701270053465425
0.0014175 0.000708769841264319
0.0014325 0.000716269633503031
0.0014475 0.00072376943004962
0.0014625 0.000731269230766783
0.0014775 0.000738769035528031
0.0014925 0.00074626884421948
0.0015075 0.000753768656712907
0.0015225 0.000761268472905228
0.0015375 0.00076876829268088
0.0015525 0.000776268115938595
0.0015675 0.000783767942580839
0.0015825 0.000791267772510035
0.0015975 0.000798767605630364
0.0016125 0.000806267441855171
0.0016275 0.000813767281101254
0.0016425 0.000821267123281922
0.0016575 0.000828766968317656
0.0016725 0.000836266816134381
0.0016875 0.000843766666656166
0.0017025 0.000851266519817995
0.0017175 0.000858766375540349
0.0017325 0.000866266233763595
0.0017475 0.000873766094417274
0.0017625 0.000881265957443511
0.0017775 0.000888765822782763
0.0017925 0.000896265690373516
0.0018075 0.000903765560163367
0.0018225 0.000911265432094569
0.0018375 0.000918765306121843
0.0018525 0.000926265182183856
0.0018675 0.000933765060235339
0.0018825 0.000941264940234786
0.0018975 0.000948764822131587
0.0019125 0.000956264705880581
0.0019275 0.000963764591440164
0.0019425 0.000971264478765204
0.0019575 0.000978764367814139
0.0019725 0.000986264258550773
0.0019875 0.000993764150937259
0.0020025 0.00100126404494098
0.0020175 0.00100876394051677
0.0020325 0.00101626383763577
0.0020475 0.00102376373626007
0.0020625 0.00103126363636056
0.0020775 0.00103876353790311
0.0020925 0.00104626344085692
0.0021075 0.00105376334519496
0.0021225 0.0010612632508809
0.0021375 0.00106876315789144
0.0021525 0.00107626306619763
0.0021675 0.00108376297577592
0.0021825 0.00109126288659559
0.0021975 0.00109876279863324
0.0022125 0.00110626271185987
0.0022275 0.00111376262625741
0.0022425 0.00112126254180065
0.0022575 0.00112876245846416
0.0022725 0.00113626237623183
0.0022875 0.00114376229507282
0.0023025 0.00115126221497448
0.0023175 0.00115876213591525
0.0023325 0.00116626205786786
0.0023475 0.00117376198081982
0.0023625 0.0011812619047493
0.0023775 0.00118876182964017
0.0023925 0.00119626175547426
0.0024075 0.00120376168223351
0.0024225 0.00121126160989633
0.0024375 0.00121876153844996
0.0024525 0.00122626146787634
0.0024675 0.0012337613981647
0.0024825 0.00124126132929339
0.0024975 0.00124876126124954
0.0025125 0.00125626119401891
0.0025275 0.00126376112758524
0.0025425 0.00127126106193567
0.0025575 0.00127876099705777
0.0025725 0.00128626093293338
0.0025875 0.00129376086955536
0.0026025 0.00130126080690361
0.0026175 0.00130876074497473
0.0026325 0.00131626068375066
0.0026475 0.00132376062321852
0.0026625 0.0013312605633695
0.0026775 0.00133876050419092
0.0026925 0.00134626044567367
0.0027075 0.00135376038780328
0.0027225 0.00136126033056904
0.0027375 0.00136876027396355
0.0027525 0.00137626021797253
0.0027675 0.00138376016259581
0.0027825 0.00139126010780644
0.0027975 0.00139876005360612
0.0028125 0.00140625999998942
0.0028275 0.00141375994693839
0.0028425 0.00142125989445106
0.0028575 0.00142875984251134
0.0028725 0.00143625979111549
0.0028875 0.00144375974025085
0.0029025 0.00145125968991395
0.0029175 0.00145875964009922
0.0029325 0.00146625959078499
0.0029475 0.00147375954197858
0.0029625 0.00148125949366556
0.0029775 0.00148875944583845
0.0029925 0.00149625939848848
0.0030075 0.00150375935161018
0.0030225 0.00151125930519985
0.0030375 0.00151875925924664
0.0030525 0.00152625921375066
0.0030675 0.00153375916869205
0.0030825 0.0015412591240778
0.0030975 0.00154875907989008
0.0031125 0.00155625903613428
0.0031275 0.00156375899279586
0.0031425 0.001571258949873
0.0031575 0.00157875890735681
0.0031725 0.00158625886524172
0.0031875 0.00159375882352233
0.0032025 0.0016012587821951
0.0032175 0.001608758741251
0.0032325 0.00161625870068994
0.0032475 0.00162375866050108
0.0032625 0.00163125862068274
0.0032775 0.00163875858123118
0.0032925 0.00164625854213194
0.0033075 0.00165375850339239
0.0033225 0.0016612584650033
0.0033375 0.00166875842695945
0.0033525 0.00167625838925526
0.0033675 0.00168375835188713
0.0033825 0.00169125831484977
0.0033975 0.00169875827813582
0.0034125 0.0017062582417507
0.0034275 0.00171375820568185
0.0034425 0.00172125816992566
0.0034575 0.00172875813447842
0.0034725 0.00173625809933832
0.0034875 0.00174375806450552
0.0035025 0.00175125802996901
0.0035175 0.00175875799572518
0.0035325 0.00176625796177233
0.0035475 0.0017737579281069
0.0035625 0.00178125789472677
0.0035775 0.00178875786162322
0.0035925 0.00179625782879985
0.0036075 0.00180375779624733
0.0036225 0.00181125776396234
0.0036375 0.00181875773194846
0.0036525 0.00182625770019655
0.0036675 0.00183375766870117
0.0036825 0.00184125763746606
0.0036975 0.00184875760648036
0.0037125 0.00185625757574759
0.0037275 0.00186375754526233
0.0037425 0.00187125751502113
0.0037575 0.00187875748501839
0.0037725 0.00188625745525593
0.0037875 0.00189375742573391
0.0038025 0.00190125739643946
0.0038175 0.00190875736737823
0.0038325 0.0019162573385392
0.0038475 0.00192375730993141
0.0038625 0.00193125728154239
0.0038775 0.00193875725337189
0.0038925 0.00194625722542016
0.0039075 0.00195375719767793
0.0039225 0.00196125717015451
0.0039375 0.00196875714283868
0.0039525 0.00197625711573618
0.0039675 0.00198375708883618
0.0039825 0.00199125706213834
0.0039975 0.00199875703563577
0.0040125 0.00200625700933389
0.0040275 0.00201375698323043
0.0040425 0.00202125695731718
0.0040575 0.00202875693159704
0.0040725 0.00203625690606279
0.0040875 0.00204375688072235
0.0041025 0.00205125685556419
0.0041175 0.00205875683059372
0.0041325 0.0020662568057972
0.0041475 0.00207375678118283
0.0041625 0.00208125675674928
0.0041775 0.0020887567324839
0.0041925 0.00209625670839343
0.0042075 0.00210375668448054
0.0042225 0.00211125666073546
0.0042375 0.00211875663715999
0.0042525 0.00212625661374764
0.0042675 0.00213375659049948
0.0042825 0.0021412565674119
0.0042975 0.00214875654449286
0.0043125 0.00215625652172705
0.0043275 0.00216375649911857
0.0043425 0.00217125647667104
0.0043575 0.00217875645437866
0.0043725 0.00218625643224
0.0043875 0.00219375641024965
0.0044025 0.00220125638840902
0.0044175 0.00220875636671488
0.0044325 0.00221625634516363
0.0044475 0.0022237563237621
0.0044625 0.00223125630250707
0.0044775 0.00223875628139491
0.0044925 0.00224625626042345
0.0045075 0.00225375623958584
0.0045225 0.00226125621888917
0.0045375 0.00226875619832815
0.0045525 0.00227625617790783
0.0045675 0.00228375615761954
0.0045825 0.0022912561374651
0.0045975 0.00229875611744051
0.0046125 0.00230625609754434
0.0046275 0.00231375607778203
0.0046425 0.00232125605814051
0.0046575 0.00232875603863105
0.0046725 0.00233625601924988
0.0046875 0.0023437559999881
0.0047025 0.00235125598084894
0.0047175 0.00235875596183097
0.0047325 0.00236625594293227
0.0047475 0.00237375592415659
0.0047625 0.00238125590549627
0.0047775 0.00238875588695536
0.0047925 0.00239625586853023
0.0048075 0.00240375585022048
0.0048225 0.00241125583202109
0.0048375 0.00241875581393568
0.0048525 0.00242625579596564
0.0048675 0.00243375577810777
0.0048825 0.00244125576035485
0.0048975 0.00244875574270812
0.0049125 0.0024562557251758
0.0049275 0.002463755707748
0.0049425 0.00247125569043014
0.0049575 0.00247875567320682
0.0049725 0.00248625565609344
0.0049875 0.00249375563908277
0.0050025 0.00250125562217568
0.0050175 0.00250875560536768
0.0050325 0.00251625558866239
0.0050475 0.00252375557205346
0.0050625 0.00253125555554181
0.0050775 0.00253875553913287
0.0050925 0.00254625552281667
0.0051075 0.00255375550659565
0.0051225 0.002561255490471
0.0051375 0.00256875547444001
0.0051525 0.00257625545850089
0.0051675 0.00258375544265632
0.0051825 0.00259125542690542
0.0051975 0.00259875541124096
0.0052125 0.00260625539567286
0.0052275 0.0026137553801894
0.0052425 0.00262125536479599
0.0052575 0.0026287553494881
0.0052725 0.00263625533426846
0.0052875 0.00264375531913525
0.0053025 0.00265125530408939
0.0053175 0.002658755289128
0.0053325 0.00266625527424627
0.0053475 0.00267375525945323
0.0053625 0.00268125524474121
0.0053775 0.00268875523011426
0.0053925 0.00269625521556517
0.0054075 0.00270375520109709
0.0054225 0.00271125518670686
0.0054375 0.0027187551723963
0.0054525 0.00272625515817036
0.0054675 0.00273375514402046
0.0054825 0.00274125512994827
0.0054975 0.00274875511595213
0.0055125 0.00275625510203156
0.0055275 0.00276375508818163
0.0055425 0.0027712550744094
0.0055575 0.00277875506071503
0.0055725 0.00278625504709081
0.0055875 0.00279375503354446
0.0056025 0.00280125502007054
0.0056175 0.00280875500666317
0.0056325 0.00281625499332823
0.0056475 0.00282375498006574
0.0056625 0.00283125496687339
0.0056775 0.00283875495375168
0.0056925 0.00284625494070406
0.0057075 0.00285375492771442
0.0057225 0.00286125491479674
0.0057375 0.00286875490194427
0.0057525 0.00287625488916245
0.0057675 0.00288375487644534
0.0057825 0.00289125486380068
0.0057975 0.00289875485121762
0.0058125 0.00290625483869929
0.0058275 0.00291375482624075
0.0058425 0.00292125481385285
0.0058575 0.00292875480152407
0.0058725 0.00293625478926103
0.0058875 0.00294375477705728
0.0059025 0.00295125476492005
0.0059175 0.00295875475283951
0.0059325 0.00296625474082188
0.0059475 0.00297375472886535
0.0059625 0.00298125471697093
0.0059775 0.00298875470513401
0.0059925 0.00299625469335817
0.0060075 0.00300375468163723
0.0060225 0.00301125466997721
0.0060375 0.003018754658377
0.0060525 0.00302625464682937
0.0060675 0.00303375463534084
0.0060825 0.00304125462391083
0.0060975 0.00304875461253469
0.0061125 0.00305625460121421
0.0061275 0.00306375458995226
0.0061425 0.00307125457874417
0.0061575 0.00307875456758812
0.0061725 0.00308625455649061
0.0061875 0.00309375454544334
0.0062025 0.00310125453444993
0.0062175 0.00310875452351324
0.0062325 0.00311625451262481
0.0062475 0.00312375450179257
0.0062625 0.00313125449101111
0.0062775 0.00313875448027989
0.0062925 0.00314625446959944
0.0063075 0.00315375445896977
0.0063225 0.00316125444839214
0.0063375 0.00316875443786348
0.0063525 0.00317625442738379
0.0063675 0.00318375441695072
0.0063825 0.00319125440656843
0.0063975 0.00319875439623872
0.0064125 0.00320625438595725
0.0064275 0.00321375437571989
0.0064425 0.00322125436552896
0.0064575 0.00322875435539242
0.0064725 0.00323625434529763
0.0064875 0.00324375433524944
0.0065025 0.00325125432524481
0.0065175 0.00325875431529278
0.0065325 0.00326625430538192
0.0065475 0.00327375429552005
0.0065625 0.00328125428570354
0.0065775 0.00328875427593363
0.0065925 0.00329625426620367
0.0066075 0.00330375425651545
0.0066225 0.00331125424687565
0.0066375 0.00331875423728121
0.0066525 0.00332625422772833
0.0066675 0.00333375421821721
0.0066825 0.00334125420874726
0.0066975 0.00334875419931907
0.0067125 0.00335625418993443
0.0067275 0.00336375418059278
0.0067425 0.00337125417129469
0.0067575 0.00337875416203474
0.0067725 0.00338625415281777
0.0067875 0.00339375414363894
0.0068025 0.00340125413450187
0.0068175 0.00340875412540577
0.0068325 0.00341625411635022
0.0068475 0.00342375410733221
0.0068625 0.00343125409835357
0.0068775 0.00343875408941547
0.0068925 0.00344625408051653
0.0069075 0.00345375407165392
0.0069225 0.00346125406283128
0.0069375 0.00346875405404617
0.0069525 0.00347625404530283
0.0069675 0.00348375403659222
0.0069825 0.00349125402791915
0.0069975 0.00349875401928423
0.0070125 0.00350625401068566
0.0070275 0.00351375400212622
0.0070425 0.00352125399360194
0.0070575 0.00352875398511158
0.0070725 0.00353625397665876
0.0070875 0.0035437539682447
0.0071025 0.00355125395986457
0.0071175 0.00355875395152017
0.0071325 0.00356625394320731
0.0071475 0.00357375393493198
0.0071625 0.00358125392668877
0.0071775 0.00358875391848613
0.0071925 0.003596253910312
0.0072075 0.00360375390217901
0.0072225 0.00361125389407215
0.0072375 0.00361875388600081
0.0072525 0.00362625387796401
0.0072675 0.00363375386996175
0.0072825 0.00364125386198979
0.0072975 0.00364875385404876
0.0073125 0.00365625384614227
0.0073275 0.00366375383826949
0.0073425 0.00367125383042646
0.0073575 0.00367875382261915
0.0073725 0.00368625381484032
0.0073875 0.00369375380709487
0.0074025 0.00370125379938131
0.0074175 0.00370875379169688
0.0074325 0.00371625378404337
0.0074475 0.00372375377642377
0.0074625 0.0037312537688315
0.0074775 0.00373875376127196
0.0074925 0.0037462537537409
0.0075075 0.00375375374624078
0.0075225 0.0037612537387734
0.0075375 0.00376875373132908
0.0075525 0.00377625372391931
0.0075675 0.00378375371653867
0.0075825 0.0037912537091865
0.0075975 0.00379875370186347
0.0076125 0.00380625369456573
0.0076275 0.00381375368730074
0.0076425 0.00382125368006241
0.0076575 0.00382875367285503
0.0076725 0.00383625366567316
0.0076875 0.00384375365852157
0.0077025 0.00385125365140092
0.0077175 0.00385875364430398
0.0077325 0.0038662536372337
0.0077475 0.00387375363019256
0.0077625 0.00388125362317671
0.0077775 0.00388875361618978
0.0077925 0.00389625360922837
0.0078075 0.00390375360229384
0.0078225 0.00391125359538597
0.0078375 0.0039187535885061
0.0078525 0.00392625358164747
0.0078675 0.0039337535748209
0.0078825 0.00394125356801512
0.0078975 0.00394875356124142
0.0079125 0.00395625355449255
0.0079275 0.00396375354776629
0.0079425 0.00397125354106306
0.0079575 0.00397875353438466
0.0079725 0.0039862535277379
0.0079875 0.00399375352111372
0.0080025 0.00400125351451214
0.0080175 0.00400875350793493
0.0080325 0.00401625350138442
0.0080475 0.00402375349485915
0.0080625 0.00403125348835649
0.0080775 0.00403875348187646
0.0080925 0.00404625347542527
0.0081075 0.00405375346899489
0.0081225 0.00406125346259075
0.0081375 0.00406875345620642
0.0081525 0.00407625344984652
0.0081675 0.00408375344350744
0.0081825 0.00409125343719719
0.0081975 0.00409875343090776
0.0082125 0.00410625342464457
0.0082275 0.00411375341839937
0.0082425 0.0041212534121768
0.0082575 0.00412875340598
0.0082725 0.004136253399799
0.0082875 0.00414375339365003
0.0083025 0.00415125338751649
0.0083175 0.00415875338140957
0.0083325 0.00416625337532204
0.0083475 0.00417375336925716
0.0083625 0.00418125336320987
0.0083775 0.00418875335718559
0.0083925 0.00419625335118709
0.0084075 0.00420375334520582
0.0084225 0.0042112533392479
0.0084375 0.00421875333331265
0.0084525 0.00422625332740005
0.0084675 0.00423375332150177
0.0084825 0.00424125331562975
0.0084975 0.00424875330977318
0.0085125 0.00425625330394536
0.0085275 0.00426375329813479
0.0085425 0.00427125329234327
0.0085575 0.00427875328657146
0.0085725 0.00428625328082052
0.0085875 0.00429375327508684
0.0086025 0.00430125326938007
0.0086175 0.00430875326368696
0.0086325 0.00431625325801964
0.0086475 0.00432375325237169
0.0086625 0.00433125324673771
0.0086775 0.0043387532411264
0.0086925 0.00434625323553086
0.0087075 0.00435375322996012
0.0087225 0.00436125322440122
0.0087375 0.00436875321886893
0.0087525 0.00437625321334878
0.0087675 0.00438375320785494
0.0087825 0.00439125320237505
0.0087975 0.00439875319691272
0.0088125 0.00440625319147309
0.0088275 0.00441375318605102
0.0088425 0.00442125318065013
0.0088575 0.0044287531752611
0.0088725 0.00443625316988963
0.0088875 0.00444375316454113
0.0089025 0.00445125315920812
0.0089175 0.00445875315389628
0.0089325 0.00446625314859838
0.0089475 0.00447375314332139
0.0089625 0.00448125313805834
0.0089775 0.00448875313281465
0.0089925 0.00449625312759006
0.0090075 0.00450375312238484
0.0090225 0.00451125311719354
0.0090375 0.00451875311201775
0.0090525 0.0045262531068626
0.0090675 0.00453375310172295
0.0090825 0.00454125309660084
0.0090975 0.00454875309149809
0.0091125 0.00455625308641084
0.0091275 0.00456375308133753
0.0091425 0.00457125307628176
0.0091575 0.0045787530712433
0.0091725 0.00458625306622239
0.0091875 0.0045937530612154
0.0092025 0.00460125305622213
0.0092175 0.00460875305124639
0.0092325 0.00461625304628999
0.0092475 0.00462375304134732
0.0092625 0.00463125303642398
0.0092775 0.00463875303151818
0.0092925 0.00464625302662791
0.0093075 0.00465375302174921
0.0093225 0.00466125301688786
0.0093375 0.00466875301204403
0.0093525 0.0046762530072087
0.0093675 0.00468375300239613
0.0093825 0.00469125299759568
0.0093975 0.00469875299280913
0.0094125 0.00470625298803993
0.0094275 0.0047137529832823
0.0094425 0.00472125297854383
0.0094575 0.00472875297381745
0.0094725 0.0047362529691068
0.0094875 0.0047437529644135
0.0095025 0.00475125295973592
0.0095175 0.00475875295507405
0.0095325 0.00476625295042593
0.0095475 0.00477375294578811
0.0095625 0.0047812529411678
0.0095775 0.00478875293656124
0.0095925 0.00479625293197039
0.0096075 0.00480375292738984
0.0096225 0.00481125292282665
0.0096375 0.00481875291827375
0.0096525 0.00482625291374017
0.0096675 0.00483375290921855
0.0096825 0.00484125290471444
0.0096975 0.00484875290022242
0.0097125 0.00485625289574598
0.0097275 0.00486375289127982
0.0097425 0.00487125288682574
0.0097575 0.00487875288238905
0.0097725 0.00488625287796626
0.0097875 0.00489375287355374
0.0098025 0.00490125286915624
0.0098175 0.00490875286477253
0.0098325 0.00491625286040281
0.0098475 0.00492375285604507
0.0098625 0.00493125285170292
0.0098775 0.00493875284737114
0.0098925 0.00494625284305316
0.0099075 0.00495375283874896
0.0099225 0.00496125283445693
0.0099375 0.00496875283018051
0.0099525 0.00497625282591426
0.0099675 0.00498375282166198
0.0099825 0.0049912528174217
0.0099975 0.00499875281319341
0.0100125 0.00500625280897907
0.0100275 0.00501375280477853
0.0100425 0.00502125280059
0.0100575 0.00502875279641361
0.0100725 0.00503625279224921
0.0100875 0.00504375278809864
0.0101025 0.00505125278395837
0.0101175 0.00505875277983012
0.0101325 0.00506625277571388
0.0101475 0.00507375277161156
0.0101625 0.00508125276752126
0.0101775 0.00508875276344179
0.0101925 0.00509625275937435
0.0102075 0.00510375275532081
0.0102225 0.00511125275127749
0.0102375 0.00511875274724619
0.0102525 0.00512625274322698
0.0102675 0.00513375273921979
0.0102825 0.00514125273522283
0.0102975 0.00514875273123795
0.0103125 0.0051562527272651
0.0103275 0.00516375272330429
0.0103425 0.00517125271935554
0.0103575 0.00517875271541702
0.0103725 0.00518625271148874
0.0103875 0.00519375270757432
0.0104025 0.00520125270367013
0.0104175 0.00520875269977619
0.0104325 0.00521625269589429
0.0104475 0.00522375269202444
0.0104625 0.00523125268816483
0.0104775 0.00523875268431726
0.0104925 0.00524625268047993
0.0105075 0.00525375267665286
0.0105225 0.00526125267283781
0.0105375 0.00526875266903301
0.0105525 0.00527625266523847
0.0105675 0.00528375266145594
0.0105825 0.00529125265768366
0.0105975 0.00529875265392104
0.0106125 0.00530625265016864
0.0106275 0.00531375264642647
0.0106425 0.00532125264269276
0.0106575 0.00532875263897651
0.0106725 0.00533625263526686
0.0106875 0.00534375263156929
0.0107025 0.00535125262788014
0.0107175 0.00535875262420302
0.0107325 0.00536625262053617
0.0107475 0.00537375261688136
0.0107625 0.00538125261323315
0.0107775 0.00538875260959702
0.0107925 0.0053962526059675
0.0108075 0.00540375260235001
0.0108225 0.00541125259874099
0.0108375 0.0054187525951458
0.0108525 0.00542625259155902
0.0108675 0.00543375258798253
0.0108825 0.00544125258441265
0.0108975 0.00544875258085839
0.0109125 0.00545625257731082
0.0109275 0.00546375257377526
0.0109425 0.00547125257024811
0.0109575 0.00547875256672764
0.0109725 0.00548625256321856
0.0109875 0.00549375255972158
0.0110025 0.00550125255623301
0.0110175 0.00550875255275284
0.0110325 0.00551625254928116
0.0110475 0.00552375254581789
0.0110625 0.00553125254236843
0.0110775 0.00553875253892386
0.0110925 0.00554625253549247
0.0111075 0.00555375253206598
0.0111225 0.00556125252865149
0.0111375 0.0055687525252472
0.0111525 0.00557625252185143
0.0111675 0.00558375251846586
0.0111825 0.00559125251508687
0.0111975 0.0055987525117182
0.0112125 0.00560625250835793
0.0112275 0.00561375250500423
0.0112425 0.00562125250165906
0.0112575 0.0056287524983295
0.0112725 0.00563625249500471
0.0112875 0.00564375249168846
0.0113025 0.00565125248837878
0.0113175 0.0056587524850829
0.0113325 0.00566625248179556
0.0113475 0.00567375247851594
0.0113625 0.00568125247524487
0.0113775 0.00568875247198036
0.0113925 0.00569625246872243
0.0114075 0.00570375246547665
0.0114225 0.00571125246224106
0.0114375 0.00571875245901203
0.0114525 0.00572625245578975
0.0114675 0.00573375245257765
0.0114825 0.00574125244937211
0.0114975 0.00574875244617874
0.0115125 0.00575625244299374
0.0115275 0.0057637524398135
0.0115425 0.00577125243664363
0.0115575 0.0057787524334767
0.0115725 0.00578625243032356
0.0115875 0.00579375242717899
0.0116025 0.00580125242404278
0.0116175 0.00580875242091494
0.0116325 0.00581625241779024
0.0116475 0.00582375241467391
0.0116625 0.00583125241156775
0.0116775 0.00583875240847197
0.0116925 0.00584625240538455
0.0117075 0.00585375240230007
0.0117225 0.0058612523992253
0.0117375 0.00586875239616092
0.0117525 0.00587625239310106
0.0117675 0.00588375239004978
0.0117825 0.00589125238700709
0.0117975 0.00589875238397433
0.0118125 0.00590625238094654
0.0118275 0.00591375237792915
0.0118425 0.00592125237491445
0.0118575 0.00592875237191016
0.0118725 0.00593625236891265
0.0118875 0.00594375236592325
0.0119025 0.00595125236294063
0.0119175 0.00595875235996843
0.0119325 0.00596625235700432
0.0119475 0.00597375235404339
0.0119625 0.00598125235109107
0.0119775 0.00598875234814683
0.0119925 0.00599625234520939
0.0120075 0.00600375234227807
0.0120225 0.00601125233936051
0.0120375 0.00601875233644406
0.0120525 0.00602625233353804
0.0120675 0.00603375233063313
0.0120825 0.00604125232774017
0.0120975 0.00604875232485694
0.0121125 0.00605625232197692
0.0121275 0.00606375231910494
0.0121425 0.00607125231623978
0.0121575 0.00607875231338145
0.0121725 0.00608625231053115
0.0121875 0.00609375230768587
0.0122025 0.00610125230485104
0.0122175 0.00610875230202061
0.0122325 0.00611625229919701
0.0122475 0.00612375229638206
0.0122625 0.0061312522935715
0.0122775 0.00613875229076959
0.0122925 0.00614625228797452
0.0123075 0.00615375228518564
0.0123225 0.00616125228240361
0.0123375 0.00616875227962842
0.0123525 0.00617625227686122
0.0123675 0.00618375227410087
0.0123825 0.00619125227134737
0.0123975 0.00619875226859823
0.0124125 0.00620625226585595
0.0124275 0.00621375226312234
0.0124425 0.00622125226039488
0.0124575 0.00622875225767067
0.0124725 0.00623625225495802
0.0124875 0.00624375225224646
0.0125025 0.00625125224954682
0.0125175 0.00625875224684863
0.0125325 0.00626625224415876
0.0125475 0.006273752241479
0.0125625 0.00628125223880069
0.0125775 0.00628875223613068
0.0125925 0.00629625223346718
0.0126075 0.00630375223081237
0.0126225 0.00631125222815863
0.0126375 0.0063187522255132
0.0126525 0.00632625222287645
0.0126675 0.0063337522202444
0.0126825 0.00634125221761884
0.0126975 0.00634875221499836
0.0127125 0.00635625221238257
0.0127275 0.00636375220977689
0.0127425 0.00637125220717448
0.0127575 0.00637875220458218
0.0127725 0.00638625220199276
0.0127875 0.00639375219941023
0.0128025 0.00640125219683058
0.0128175 0.00640875219426284
0.0128325 0.00641625219169584
0.0128475 0.00642375218913936
0.0128625 0.00643125218658352
0.0128775 0.0064387521840382
0.0128925 0.00644625218149724
0.0129075 0.00645375217896277
0.0129225 0.00646125217643297
0.0129375 0.00646875217390827
0.0129525 0.00647625217138825
0.0129675 0.00648375216887652
0.0129825 0.00649125216637351
0.0129975 0.00649875216387337
0.0130125 0.0065062521613797
0.0130275 0.00651375215889116
0.0130425 0.00652125215640547
0.0130575 0.00652875215393168
0.0130725 0.00653625215145759
0.0130875 0.00654375214899178
0.0131025 0.00655125214653244
0.0131175 0.00655875214408004
0.0131325 0.00656625214162869
0.0131475 0.00657375213918199
0.0131625 0.00658125213674766
0.0131775 0.00658875213431619
0.0131925 0.00659625213189118
0.0132075 0.00660375212946769
0.0132225 0.00661125212705067
0.0132375 0.00661875212464373
0.0132525 0.0066262521222347
0.0132675 0.0066337521198386
0.0132825 0.00664125211744222
0.0132975 0.00664875211505411
0.0133125 0.00665625211267066
0.0133275 0.00666375211029416
0.0133425 0.00667125210792412
0.0133575 0.00667875210555693
0.0133725 0.00668625210319308
0.0133875 0.0066937521008375
0.0134025 0.00670125209848476
0.0134175 0.00670875209613537
0.0134325 0.00671625209379605
0.0134475 0.00672375209146138
0.0134625 0.00673125208913006
0.0134775 0.0067387520868052
0.0134925 0.00674625208448679
0.0135075 0.00675375208216993
0.0135225 0.00676125207986314
0.0135375 0.00676875207755918
0.0135525 0.00677625207525859
0.0135675 0.00678375207296444
0.0135825 0.00679125207067313
0.0135975 0.006798752068387
0.0136125 0.00680625206610912
0.0136275 0.00681375206383768
0.0136425 0.00682125206156702
0.0136575 0.00682875205930518
0.0136725 0.00683625205704379
0.0136875 0.0068437520547894
0.0137025 0.00685125205254021
0.0137175 0.00685875205029688
0.0137325 0.00686625204805694
0.0137475 0.00687375204582323
0.0137625 0.00688125204359594
0.0137775 0.00688875204136967
0.0137925 0.00689625203914679
0.0138075 0.00690375203693216
0.0138225 0.00691125203472214
0.0138375 0.00691875203251192
0.0138525 0.00692625203031355
0.0138675 0.00693375202811618
0.0138825 0.00694125202592765
0.0138975 0.00694875202374011
0.0139125 0.00695625202155901
0.0139275 0.00696375201938312
0.0139425 0.00697125201721186
0.0139575 0.0069787520150434
0.0139725 0.00698625201288016
0.0139875 0.00699375201071793
0.0140025 0.00700125200856392
0.0140175 0.00700875200641434
0.0140325 0.00701625200426999
0.0140475 0.00702375200213143
0.0140625 0.00703125199999631
0.0140775 0.00703875199786461
0.0140925 0.00704625199573689
0.0141075 0.00705375199361441
0.0141225 0.00706125199149537
0.0141375 0.00706875198938391
0.0141525 0.00707625198727589
0.0141675 0.00708375198517312
0.0141825 0.00709125198307249
0.0141975 0.00709875198097531
0.0142125 0.00710625197888519
0.0142275 0.00711375197679901
0.0142425 0.00712125197471629
0.0142575 0.00712875197264063
0.0142725 0.0071362519705653
0.0142875 0.00714375196849883
0.0143025 0.00715125196643402
0.0143175 0.00715875196437314
0.0143325 0.00716625196231752
0.0143475 0.00717375196026717
0.0143625 0.00718125195821893
0.0143775 0.00718875195617595
0.0143925 0.00719625195413645
0.0144075 0.00720375195210266
0.0144225 0.00721125195007234
0.0144375 0.00721875194804647
0.0144525 0.00722625194602699
0.0144675 0.00723375194400848
0.0144825 0.00724125194199706
0.0144975 0.00724875193998662
0.0145125 0.00725625193798076
0.0145275 0.00726375193598019
0.0145425 0.0072712519339842
0.0145575 0.00727875193198918
0.0145725 0.00728625193000126
0.0145875 0.0072937519280143
0.0146025 0.00730125192603554
0.0146175 0.00730875192405582
0.0146325 0.00731625192208501
0.0146475 0.00732375192011624
0.0146625 0.00733125191815278
0.0146775 0.00733875191619101
0.0146925 0.00734625191423669
0.0147075 0.00735375191228227
0.0147225 0.00736125191033496
0.0147375 0.00736875190839148
0.0147525 0.0073762519064497
0.0147675 0.00738375190451324
0.0147825 0.00739125190258241
0.0147975 0.00739875190065147
0.0148125 0.00740625189872681
0.0148275 0.00741375189680672
0.0148425 0.00742125189488757
0.0148575 0.00742875189297376
0.0148725 0.0074362518910645
0.0148875 0.00744375188915801
0.0149025 0.00745125188725684
0.0149175 0.00745875188536205
0.0149325 0.00746625188346819
0.0149475 0.00747375188157968
0.0149625 0.00748125187969031
0.0149775 0.0074887518778091
0.0149925 0.00749625187592963
0.0150175 0.00750876019642677
0.0150525 0.00752626017272123
0.0150875 0.0075437601491183
0.0151225 0.00756126012562923
0.0151575 0.00757876010224896
0.0151925 0.00759626007897401
0.0152275 0.00761376005580747
0.0152625 0.00763126003274936
0.0152975 0.00764876000979386
0.0153325 0.00766625998694601
0.0153675 0.00768375996420077
0.0154025 0.00770125994155776
0.0154375 0.00771875991902006
0.0154725 0.0077362598965815
0.0155075 0.00775375987424554
0.0155425 0.00777125985201104
0.0155775 0.00778875982987605
0.0156125 0.00780625980783748
0.0156475 0.00782375978590345
0.0156825 0.00784125976406584
0.0157175 0.00785875974232116
0.0157525 0.00787625972067252
0.0157875 0.007893759699123
0.0158225 0.00791125967766951
0.0158575 0.00792875965630895
0.0158925 0.00794625963504132
0.0159275 0.00796375961386972
0.0159625 0.00798125959279105
0.0159975 0.00799875957180301
0.0160325 0.00801625955090632
0.0160675 0.00803375953010335
0.0161025 0.00805125950938711
0.0161375 0.00806875948876381
0.0161725 0.00808625946822725
0.0162075 0.00810375944778051
0.0162425 0.00812125942742361
0.0162775 0.00813875940715345
0.0163125 0.00815625938697003
0.0163475 0.00817375936687024
0.0163825 0.0081912593468611
0.0164175 0.00820875932693397
0.0164525 0.00822625930709129
0.0164875 0.00824375928733535
0.0165225 0.00826125926765995
0.0165575 0.00827875924807439
0.0165925 0.00829625922856317
0.0166275 0.00831375920913868
0.0166625 0.00833125918979164
0.0166975 0.00834875917053134
0.0167325 0.00836625915134847
0.0167675 0.00838375913224615
0.0168025 0.00840125911322521
0.0168375 0.00841875909427694
0.0168725 0.00843625907541624
0.0169075 0.00845375905662679
0.0169425 0.00847125903791788
0.0169775 0.00848875901928641
0.0170125 0.00850625900073238
0.0170475 0.0085237589822527
0.0170825 0.00854125896385047
0.0171175 0.00855875894551948
0.0171525 0.00857625892726593
0.0171875 0.00859375890908758
0.0172225 0.00861125889098497
0.0172575 0.00862875887295137
0.0172925 0.0086462588549921
0.0173275 0.00866375883710719
0.0173625 0.00868125881929042
0.0173975 0.00869875880155109
0.0174325 0.00871625878387682
0.0174675 0.00873375876627689
0.0175025 0.00875125874874822
0.0175375 0.00876875873128769
0.0175725 0.00878625871389531
0.0176075 0.00880375869657417
0.0176425 0.00882125867932207
0.0176775 0.00883875866213636
0.0177125 0.00885625864501968
0.0177475 0.00887375862797114
0.0177825 0.00889125861099076
0.0178175 0.00890875859407853
0.0178525 0.00892625857722825
0.0178875 0.00894375856044302
0.0179225 0.00896125854372285
0.0179575 0.00897875852706862
0.0179925 0.00899625851048385
0.0180275 0.00901375849395883
0.0180625 0.00903125847750197
0.0180975 0.00904875846110395
0.0181325 0.00906625844477099
0.0181675 0.00908375842850619
0.0182025 0.00910125841230023
0.0182375 0.00911875839615314
0.0182725 0.00913625838007109
0.0183075 0.009153758364051
0.0183425 0.00917125834808977
0.0183775 0.00918875833219049
0.0184125 0.00920625831635098
0.0184475 0.0092237583005716
0.0184825 0.00924125828485199
0.0185175 0.00925875826919434
0.0185525 0.00927625825359554
0.0185875 0.0092937582380525
0.0186225 0.00931125822256521
0.0186575 0.00932875820714298
0.0186925 0.00934625819177961
0.0187275 0.0093637581764658
0.0187625 0.00938125816121488
0.0187975 0.00939875814601475
0.0188325 0.00941625813087442
0.0188675 0.00943375811579294
0.0189025 0.00945125810076722
0.0189375 0.00946875808579416
0.0189725 0.00948625807087686
0.0190075 0.00950375805601531
0.0190425 0.00952125804120953
0.0190775 0.00953875802645641
0.0191125 0.00955625801175595
0.0191475 0.00957375799711125
0.0191825 0.0095912579825223
0.0192175 0.00960875796798388
0.0192525 0.00962625795349311
0.0192875 0.00964375793906215
0.0193225 0.00966125792468385
0.0193575 0.00967875791035202
0.0193925 0.00969625789607595
0.0194275 0.00971375788185254
0.0194625 0.00973125786767559
0.0194975 0.0097487578535544
0.0195325 0.00976625783947968
0.0195675 0.00978375782545859
0.0196025 0.00980125781148203
0.0196375 0.00981875779756219
0.0196725 0.00983625778368882
0.0197075 0.00985375776986502
0.0197425 0.00987125775609078
0.0197775 0.0098887577423661
0.0198125 0.00990625772868479
0.0198475 0.00992375771505614
0.0198825 0.00994125770147705
0.0199175 0.00995875768794443
0.0199525 0.00997625767445828
0.0199875 0.00999375766101859
0.0200225 0.0100112576476254
0.0200575 0.0100287576342858
0.0200925 0.0100462576209876
0.0201275 0.0100637576077338
0.0201625 0.0100812575945295
0.0201975 0.0100987575813686
0.0202325 0.0101162575682511
0.0202675 0.0101337575551872
0.0203025 0.0101512575421647
0.0203375 0.0101687575291866
0.0203725 0.0101862575162519
0.0204075 0.0102037575033574
0.0204425 0.0102212574905124
0.0204775 0.0102387574777078
0.0205125 0.0102562574649496
0.0205475 0.0102737574522348
0.0205825 0.0102912574395602
0.0206175 0.010308757426929
0.0206525 0.0103262574143443
0.0206875 0.010343757401803
0.0207225 0.0103612573893019
0.0207575 0.0103787573768442
0.0207925 0.0103962573644236
0.0208275 0.0104137573520475
0.0208625 0.0104312573397189
0.0208975 0.0104487573274222
0.0209325 0.0104662573151721
0.0209675 0.0104837573029591
0.0210025 0.0105012572907926
0.0210375 0.0105187572786632
0.0210725 0.0105362572665741
0.0211075 0.0105537572545191
0.0211425 0.0105712572425116
0.0211775 0.0105887572305392
0.0212125 0.0106062572186112
0.0212475 0.0106237572067204
0.0212825 0.0106412571948698
0.0213175 0.0106587571830564
0.0213525 0.0106762571712833
0.0213875 0.0106937571595474
0.0214225 0.0107112571478486
0.0214575 0.0107287571361901
0.0214925 0.0107462571245688
0.0215275 0.0107637571129846
0.0215625 0.0107812571014407
0.0215975 0.0107987570899351
0.0216325 0.0108162570784614
0.0216675 0.010833757067029
0.0217025 0.0108512570556307
0.0217375 0.0108687570442696
0.0217725 0.0108862570329457
0.0218075 0.0109037570216589
0.0218425 0.0109212570104093
0.0218775 0.0109387569991887
0.0219125 0.0109562569880092
0.0219475 0.010973756976865
0.0219825 0.0109912569657579
0.0220175 0.0110087569546879
0.0220525 0.011026256943649
0.0220875 0.0110437569326441
0.0221225 0.0110612569216764
0.0221575 0.0110787569107458
0.0221925 0.0110962568998432
0.0222275 0.0111137568889808
0.0222625 0.0111312568781494
0.0222975 0.0111487568673521
0.0223325 0.0111662568565888
0.0223675 0.0111837568458596
0.0224025 0.0112012568351645
0.0224375 0.0112187568245046
0.0224725 0.0112362568138734
0.0225075 0.0112537568032805
0.0225425 0.0112712567927186
0.0225775 0.0112887567821877
0.0226125 0.0113062567716878
0.0226475 0.011323756761225
0.0226825 0.0113412567507901
0.0227175 0.0113587567403904
0.0227525 0.0113762567300194
0.0227875 0.0113937567196805
0.0228225 0.0114112567093788
0.0228575 0.011428756699105
0.0228925 0.0114462566888653
0.0229275 0.0114637566786503
0.0229625 0.0114812566684725
0.0229975 0.0114987566583257
0.0230325 0.0115162566482037
0.0230675 0.0115337566381188
0.0231025 0.0115512566280619
0.0231375 0.0115687566180358
0.0231725 0.0115862566080377
0.0232075 0.0116037565980737
0.0232425 0.0116212565881375
0.0232775 0.0116387565782273
0.0233125 0.0116562565683519
0.0233475 0.0116737565585056
0.0233825 0.0116912565486902
0.0234175 0.0117087565389008
0.0234525 0.0117262565291432
0.0234875 0.0117437565194145
0.0235225 0.0117612565097138
0.0235575 0.0117787565000409
0.0235925 0.0117962564903975
0.0236275 0.0118137564807866
0.0236625 0.0118312564711974
0.0236975 0.0118487564616422
0.0237325 0.0118662564521134
0.0237675 0.0118837564426109
0.0238025 0.0119012564331363
0.0238375 0.0119187564236911
0.0238725 0.0119362564142739
0.0239075 0.0119537564048829
0.0239425 0.0119712563955198
0.0239775 0.011988756386183
0.0240125 0.0120062563768742
0.0240475 0.0120237563675963
0.0240825 0.01204125635834
0.0241175 0.0120587563491129
0.0241525 0.0120762563399159
0.0241875 0.0120937563307414
0.0242225 0.012111256321594
0.0242575 0.0121287563124741
0.0242925 0.0121462563033774
0.0243275 0.0121637562943101
0.0243625 0.0121812562852676
0.0243975 0.0121987562762515
0.0244325 0.0122162562672617
0.0244675 0.0122337562582951
0.0245025 0.0122512562493564
0.0245375 0.0122687562404425
0.0245725 0.0122862562315533
0.0246075 0.0123037562226905
0.0246425 0.012321256213851
0.0246775 0.0123387562050377
0.0247125 0.0123562561962493
0.0247475 0.0123737561874856
0.0247825 0.0123912561787467
0.0248175 0.0124087561700338
0.0248525 0.0124262561613432
0.0248875 0.0124437561526787
0.0249225 0.0124612561440358
0.0249575 0.0124787561354224
0.0249925 0.0124962561268291
0.0250275 0.0125137561182636
0.0250625 0.0125312561097168
0.0250975 0.0125487561012006
0.0251325 0.0125662560927037
0.0251675 0.0125837560842296
0.0252025 0.0126012560757804
0.0252375 0.0126187560673528
0.0252725 0.01263625605895
0.0253075 0.012653756050572
0.0253425 0.0126712560422157
0.0253775 0.012688756033881
0.0254125 0.0127062560255711
0.0254475 0.0127237560172845
0.0254825 0.0127412560090196
0.0255175 0.0127587560007779
0.0255525 0.0127762559925591
0.0255875 0.0127937559843641
0.0256225 0.012811255976189
0.0256575 0.0128287559680356
0.0256925 0.0128462559599069
0.0257275 0.0128637559518
0.0257625 0.0128812559437147
0.0257975 0.012898755935648
0.0258325 0.0129162559276061
0.0258675 0.0129337559195843
0.0259025 0.0129512559115871
0.0259375 0.0129687559036136
0.0259725 0.0129862558956568
0.0260075 0.0130037558877234
0.0260425 0.01302125587981
0.0260775 0.0130387558719183
0.0261125 0.0130562558640468
0.0261475 0.0130737558561969
0.0261825 0.0130912558483703
0.0262175 0.0131087558405638
0.0262525 0.0131262558327759
0.0262875 0.0131437558250082
0.0263225 0.0131612558172652
0.0263575 0.0131787558095393
0.0263925 0.013196255801835
0.0264275 0.0132137557941506
0.0264625 0.0132312557864869
0.0264975 0.0132487557788415
0.0265325 0.0132662557712193
0.0265675 0.0132837557636173
0.0266025 0.0133012557560338
0.0266375 0.0133187557484703
0.0266725 0.0133362557409273
0.0267075 0.0133537557334043
0.0267425 0.0133712557258998
0.0267775 0.0133887557184155
0.0268125 0.0134062557109498
0.0268475 0.0134237557035057
0.0268825 0.0134412556960803
0.0269175 0.0134587556886734
0.0269525 0.0134762556812867
0.0269875 0.01349375567392
0.0270225 0.0135112556665705
0.0270575 0.0135287556592379
0.0270925 0.0135462556519302
0.0271275 0.0135637556446379
0.0271625 0.0135812556373643
0.0271975 0.0135987556301092
0.0272325 0.0136162556228742
0.0272675 0.0136337556156563
0.0273025 0.0136512556084552
0.0273375 0.0136687556012745
0.0273725 0.0136862555941125
0.0274075 0.0137037555869674
0.0274425 0.0137212555798409
0.0274775 0.0137387555727329
0.0275125 0.0137562555656451
0.0275475 0.0137737555585728
0.0275825 0.013791255551519
0.0276175 0.0138087555444839
0.0276525 0.0138262555374658
0.0276875 0.0138437555304662
0.0277225 0.0138612555234838
0.0277575 0.0138787555165199
0.0277925 0.0138962555095714
0.0278275 0.0139137555026447
0.0278625 0.0139312554957304
0.0278975 0.0139487554888362
0.0279325 0.0139662554819574
0.0279675 0.0139837554750973
0.0280025 0.0140012554682542
0.0280375 0.0140187554614311
0.0280725 0.0140362554546207
0.0281075 0.0140537554478303
0.0281425 0.0140712554410538
0.0281775 0.0140887554342928
0.0282125 0.0141062554275533
0.0282475 0.0141237554208296
0.0282825 0.0141412554141213
0.0283175 0.01415875540743
0.0283525 0.0141762554007557
0.0283875 0.0141937553940969
0.0284225 0.0142112553874552
0.0284575 0.0142287553808258
0.0284925 0.0142462553742182
0.0285275 0.0142637553676229
0.0285625 0.0142812553610478
0.0285975 0.0142987553544835
0.0286325 0.0143162553479393
0.0286675 0.0143337553414106
0.0287025 0.0143512553348974
0.0287375 0.0143687553283982
0.0287725 0.014386255321919
0.0288075 0.0144037553154508
0.0288425 0.0144212553089996
0.0288775 0.0144387553025654
0.0289125 0.0144562552961467
0.0289475 0.0144737552897419
0.0289825 0.0144912552833542
0.0290175 0.014508755276982
0.0290525 0.0145262552706252
0.0290875 0.0145437552642824
0.0291225 0.0145612552579581
0.0291575 0.0145787552516432
0.0291925 0.0145962552453469
0.0292275 0.0146137552390676
0.0292625 0.0146312552328007
0.0292975 0.0146487552265477
0.0293325 0.0146662552203118
0.0293675 0.0146837552140898
0.0294025 0.0147012552078832
0.0294375 0.0147187552016907
0.0294725 0.0147362551955151
0.0295075 0.014753755189352
0.0295425 0.0147712551832043
0.0295775 0.0147887551770721
0.0296125 0.0148062551709493
0.0296475 0.014823755164845
0.0296825 0.0148412551587562
0.0297175 0.0148587551526798
0.0297525 0.0148762551466189
0.0297875 0.0148937551405719
0.0298225 0.0149112551345373
0.0298575 0.0149287551285182
0.0298925 0.0149462551225146
0.0299275 0.0149637551165234
0.0299625 0.0149812551105461
0.0299975 0.0149987551045843
0.0300325 0.0150162550986334
0.0300675 0.0150337550926995
0.0301025 0.0150512550867779
0.0301375 0.0150687550808704
0.0301725 0.0150862550749767
0.0302075 0.015103755069097
0.0302425 0.0151212550632297
0.0302775 0.0151387550573779
0.0303125 0.0151562550515369
0.0303475 0.015173755045713
0.0303825 0.0151912550398999
0.0304175 0.0152087550341007
0.0304525 0.0152262550283123
0.0304875 0.0152437550225411
0.0305225 0.0152612550167807
0.0305575 0.0152787550110357
0.0305925 0.0152962550053047
0.0306275 0.0153137549995846
0.0306625 0.0153312549938768
0.0306975 0.0153487549881845
0.0307325 0.0153662549825045
0.0307675 0.0153837549768355
0.0308025 0.0154012549711819
0.0308375 0.0154187549655392
0.0308725 0.0154362549599104
0.0309075 0.015453754954294
0.0309425 0.01547125494869
0.0309775 0.0154887549430984
0.0310125 0.0155062549375192
0.0310475 0.0155237549319524
0.0310825 0.0155412549263979
0.0311175 0.0155587549208574
0.0311525 0.0155762549153293
0.0311875 0.0155937549098136
0.0312225 0.0156112549043103
0.0312575 0.0156287548988162
0.0312925 0.0156462548933361
0.0313275 0.01566375488787
0.0313625 0.0156812548824162
0.0313975 0.0156987548769749
0.0314325 0.0157162548715427
0.0314675 0.0157337548661246
0.0315025 0.0157512548607204
0.0315375 0.0157687548553255
0.0315725 0.0157862548499414
0.0316075 0.0158037548445698
0.0316425 0.015821254839212
0.0316775 0.0158387548338667
0.0317125 0.0158562548285306
0.0317475 0.015873754823207
0.0317825 0.0158912548178973
0.0318175 0.0159087548125968
0.0318525 0.0159262548073073
0.0318875 0.0159437548020315
0.0319225 0.0159612547967669
0.0319575 0.0159787547915112
0.0319925 0.0159962547862682
0.0320275 0.0160137547810374
0.0320625 0.0160312547758161
0.0320975 0.0160487547706084
0.0321325 0.0160662547654119
0.0321675 0.0160837547602259
0.0322025 0.0161012547550496
0.0322375 0.0161187547498853
0.0322725 0.0161362547447337
0.0323075 0.0161537547395942
0.0323425 0.0161712547344628
0.0323775 0.0161887547293449
0.0324125 0.0162062547242368
0.0324475 0.016223754719139
0.0324825 0.0162412547140541
0.0325175 0.0162587547089798
0.0325525 0.0162762547039177
0.0325875 0.0162937546988638
0.0326225 0.0163112546938202
0.0326575 0.016328754688788
0.0326925 0.0163462546837692
0.0327275 0.0163637546787587
0.0327625 0.01638125467376
0.0327975 0.0163987546687712
0.0328325 0.0164162546637942
0.0328675 0.0164337546588255
0.0329025 0.0164512546538686
0.0329375 0.0164687546489232
0.0329725 0.016486254643988
0.0330075 0.0165037546390627
0.0330425 0.0165212546341476
0.0330775 0.0165387546292425
0.0331125 0.0165562546243506
0.0331475 0.0165737546194641
0.0331825 0.0165912546145907
0.0332175 0.0166087546097275
0.0332525 0.016626254604876
0.0332875 0.0166437546000372
0.0333225 0.0166612545952045
0.0333575 0.0166787545903827
0.0333925 0.0166962545855719
0.0334275 0.0167137545807698
0.0334625 0.0167312545759778
0.0334975 0.0167487545711958
0.0335325 0.0167662545664255
0.0335675 0.0167837545616636
0.0336025 0.0168012545569104
0.0336375 0.0168187545521702
0.0336725 0.0168362545474387
0.0337075 0.016853754542714
0.0337425 0.016871254538001
0.0337775 0.016888754533298
0.0338125 0.0169062545286052
0.0338475 0.0169237545239223
0.0338825 0.0169412545192465
0.0339175 0.0169587545145822
0.0339525 0.0169762545099282
0.0339875 0.0169937545052842
0.0340225 0.0170112545006513
0.0340575 0.0170287544960262
0.0340925 0.0170462544914088
0.0341275 0.0170637544868038
0.0341625 0.017081254482205
0.0341975 0.0170987544776186
0.0342325 0.0171162544730415
0.0342675 0.0171337544684724
0.0343025 0.0171512544639149
0.0343375 0.0171687544593631
0.0343725 0.0171862544548241
0.0344075 0.0172037544502895
0.0344425 0.017221254445769
0.0344775 0.0172387544412545
0.0345125 0.0172562544367511
0.0345475 0.0172737544322552
0.0345825 0.0172912544277688
0.0346175 0.017308754423293
0.0346525 0.017326254418824
0.0346875 0.0173437544143646
0.0347225 0.0173612544099161
0.0347575 0.0173787544054753
0.0347925 0.0173962544010422
0.0348275 0.0174137543966215
0.0348625 0.017431254392207
0.0348975 0.0174487543878018
0.0349325 0.0174662543834059
0.0349675 0.0174837543790178
0.0350025 0.0175012543746405
0.0350375 0.0175187543702694
0.0350725 0.0175362543659091
0.0351075 0.017553754361555
0.0351425 0.0175712543572118
0.0351775 0.0175887543528748
0.0352125 0.0176062543485505
0.0352475 0.0176237543442328
0.0352825 0.017641254339926
0.0353175 0.0176587543356238
0.0353525 0.0176762543313325
0.0353875 0.0176937543270477
0.0354225 0.0177112543227742
0.0354575 0.0177287543185099
0.0354925 0.0177462543142519
0.0355275 0.0177637543100016
0.0355625 0.0177812543057606
0.0355975 0.0177987543015289
0.0356325 0.0178162542973049
0.0356675 0.0178337542930871
0.0357025 0.0178512542888802
0.0357375 0.017868754284681
0.0357725 0.0178862542804896
0.0358075 0.0179037542763074
0.0358425 0.0179212542721315
0.0358775 0.0179387542679632
0.0359125 0.0179562542638028
0.0359475 0.0179737542596485
0.0359825 0.0179912542555035
0.0360175 0.0180087542513663
0.0360525 0.0180262542472368
0.0360875 0.0180437542431217
0.0361225 0.0180612542390103
0.0361575 0.0180787542349087
0.0361925 0.0180962542308149
0.0362275 0.0181137542267287
0.0362625 0.0181312542226519
0.0362975 0.0181487542185828
0.0363325 0.01816625421452
0.0363675 0.0181837542104664
0.0364025 0.0182012542064205
0.0364375 0.0182187542023808
0.0364725 0.0182362541983505
0.0365075 0.0182537541943279
0.0365425 0.018271254190313
0.0365775 0.0182887541863043
0.0366125 0.0183062541823034
0.0366475 0.0183237541783117
0.0366825 0.0183412541743263
0.0367175 0.0183587541703486
0.0367525 0.0183762541663802
0.0367875 0.018393754162418
0.0368225 0.0184112541584641
0.0368575 0.0184287541545116
0.0368925 0.0184462541505722
0.0369275 0.0184637541466367
0.0369625 0.0184812541427113
0.0369975 0.0184987541387934
0.0370325 0.0185162541348807
0.0370675 0.0185337541309743
0.0371025 0.0185512541270771
0.0371375 0.0185687541231846
0.0371725 0.0185862541193014
0.0372075 0.0186037541154259
0.0372425 0.0186212541115566
0.0372775 0.0186387541076935
0.0373125 0.0186562541038382
0.0373475 0.0186737540999922
0.0373825 0.0186912540961523
0.0374175 0.0187087540923187
0.0374525 0.0187262540884927
0.0374875 0.018743754084673
0.0375225 0.018761254080861
0.0375575 0.0187787540770574
0.0375925 0.0187962540732628
0.0376275 0.0188137540694722
0.0376625 0.0188312540656915
0.0376975 0.0188487540619149
0.0377325 0.0188662540581481
0.0377675 0.018883754054387
0.0378025 0.0189012540506357
0.0378375 0.0189187540468854
0.0378725 0.0189362540431487
0.0379075 0.0189537540394157
0.0379425 0.018971254035692
0.0379775 0.018988754031973
0.0380125 0.0190062540282632
0.0380475 0.0190237540245597
0.0380825 0.0190412540208623
0.0381175 0.0190587540171727
0.0381525 0.0190762540134862
0.0381875 0.0190937540098105
0.0382225 0.0191112540061395
0.0382575 0.0191287540024762
0.0382925 0.0191462539988198
0.0383275 0.019163753995166
0.0383625 0.0191812539915227
0.0383975 0.0191987539878828
0.0384325 0.0192162539842519
0.0384675 0.0192337539806274
0.0385025 0.0192512539770105
0.0385375 0.0192687539733969
0.0385725 0.0192862539697924
0.0386075 0.0193037539661927
0.0386425 0.0193212539626021
0.0386775 0.0193387539590163
0.0387125 0.0193562539554366
0.0387475 0.0193737539518655
0.0387825 0.0193912539482967
0.0388175 0.0194087539447357
0.0388525 0.0194262539411808
0.0388875 0.0194437539376321
0.0389225 0.0194612539340881
0.0389575 0.0194787539305573
0.0389925 0.0194962539270272
0.0390275 0.0195137539235056
0.0390625 0.0195312539199926
0.0390975 0.0195487539164803
0.0391325 0.0195662539129789
0.0391675 0.0195837539094813
0.0392025 0.0196012539059907
0.0392375 0.0196187539025079
0.0392725 0.0196362538990289
0.0393075 0.0196537538955562
0.0393425 0.0196712538920919
0.0393775 0.0196887538886308
0.0394125 0.0197062538851781
0.0394475 0.0197237538817294
0.0394825 0.0197412538782883
0.0395175 0.0197587538748543
0.0395525 0.0197762538714256
0.0395875 0.0197937538680025
0.0396225 0.019811253864587
0.0396575 0.0198287538611785
0.0396925 0.0198462538577747
0.0397275 0.0198637538543746
0.0397625 0.0198812538509825
0.0397975 0.0198987538475971
0.0398325 0.0199162538442166
0.0398675 0.0199337538408405
0.0399025 0.0199512538374724
0.0399375 0.0199687538341079
0.0399725 0.019986253830753
0.0400075 0.0200037538274009
0.0400425 0.0200212538240553
0.0400775 0.0200387538207155
0.0401125 0.0200562538173824
0.0401475 0.0200737538140542
0.0401825 0.0200912538107334
0.0402175 0.0201087538074161
0.0402525 0.0201262538041062
0.0402875 0.020143753800802
0.0403225 0.020161253797503
0.0403575 0.0201787537942081
0.0403925 0.0201962537909206
0.0404275 0.020213753787639
0.0404625 0.0202312537843622
0.0404975 0.0202487537810915
0.0405325 0.0202662537778271
0.0405675 0.0202837537745674
0.0406025 0.0203012537713135
0.0406375 0.0203187537680648
0.0406725 0.0203362537648225
0.0407075 0.0203537537615855
0.0407425 0.0203712537583533
0.0407775 0.0203887537551271
0.0408125 0.0204062537519072
0.0408475 0.0204237537486927
0.0408825 0.0204412537454829
0.0409175 0.0204587537422792
0.0409525 0.020476253739081
0.0409875 0.0204937537358881
0.0410225 0.0205112537326992
0.0410575 0.0205287537295172
0.0410925 0.0205462537263409
0.0411275 0.0205637537231686
0.0411625 0.0205812537200017
0.0411975 0.0205987537168395
0.0412325 0.0206162537136834
0.0412675 0.0206337537105336
0.0413025 0.0206512537073876
0.0413375 0.0206687537042479
0.0413725 0.0206862537011135
0.0414075 0.020703753697983
0.0414425 0.0207212536948605
0.0414775 0.0207387536917428
0.0415125 0.0207562536886306
0.0415475 0.0207737536855229
0.0415825 0.0207912536824208
0.0416175 0.0208087536793246
0.0416525 0.0208262536762334
0.0416875 0.0208437536731465
0.0417225 0.0208612536700654
0.0417575 0.0208787536669886
0.0417925 0.0208962536639175
0.0418275 0.0209137536608518
0.0418625 0.0209312536577918
0.0418975 0.0209487536547364
0.0419325 0.0209662536516873
0.0419675 0.0209837536486428
0.0420025 0.0210012536456037
0.0420375 0.0210187536425692
0.0420725 0.0210362536395394
0.0421075 0.0210537536365158
0.0421425 0.0210712536334961
0.0421775 0.0210887536304826
0.0422125 0.0211062536274729
0.0422475 0.0211237536244687
0.0422825 0.0211412536214706
0.0423175 0.0211587536184752
0.0423525 0.0211762536154835
0.0423875 0.0211937536125
0.0424225 0.0212112536095184
0.0424575 0.0212287536065434
0.0424925 0.0212462536035718
0.0425275 0.021263753600607
0.0425625 0.021281253597645
0.0425975 0.0212987535946888
0.0426325 0.0213162535917372
0.0426675 0.021333753588791
0.0427025 0.0213512535858503
0.0427375 0.0213687535829134
0.0427725 0.021386253579982
0.0428075 0.0214037535770544
0.0428425 0.0214212535741322
0.0428775 0.0214387535712147
0.0429125 0.0214562535683027
0.0429475 0.0214737535653937
0.0429825 0.0214912535624909
0.0430175 0.021508753559592
0.0430525 0.0215262535566969
0.0430875 0.0215437535538065
0.0431225 0.0215612535509208
0.0431575 0.0215787535480412
0.0431925 0.0215962535451647
0.0432275 0.0216137535422949
0.0432625 0.0216312535394289
0.0432975 0.0216487535365687
0.0433325 0.0216662535337131
0.0433675 0.0216837535308614
0.0434025 0.0217012535280152
0.0434375 0.0217187535251736
0.0434725 0.0217362535223358
0.0435075 0.0217537535195019
0.0435425 0.0217712535166735
0.0435775 0.0217887535138489
0.0436125 0.021806253511029
0.0436475 0.0218237535082137
0.0436825 0.0218412535054031
0.0437175 0.0218587535025955
0.0437525 0.0218762534997942
0.0437875 0.0218937534969967
0.0438225 0.0219112534942039
0.0438575 0.0219287534914157
0.0438925 0.0219462534886314
0.0439275 0.0219637534858518
0.0439625 0.0219812534830768
0.0439975 0.0219987534803046
0.0440325 0.0220162534775386
0.0440675 0.022033753474777
0.0441025 0.022051253472018
0.0441375 0.0220687534692657
0.0441725 0.0220862534665173
0.0442075 0.0221037534637717
0.0442425 0.0221212534610308
0.0442775 0.0221387534582945
0.0443125 0.0221562534555621
0.0443475 0.0221737534528335
0.0443825 0.0221912534501104
0.0444175 0.0222087534473911
0.0444525 0.0222262534446758
0.0444875 0.0222437534419658
0.0445225 0.0222612534392589
0.0445575 0.0222787534365567
0.0445925 0.0222962534338592
0.0446275 0.0223137534311647
0.0446625 0.0223312534284756
0.0446975 0.0223487534257912
0.0447325 0.0223662534231105
0.0447675 0.0223837534204343
0.0448025 0.0224012534177618
0.0448375 0.0224187534150949
0.0448725 0.0224362534124306
0.0449075 0.0224537534097714
0.0449425 0.0224712534071145
0.0449775 0.0224887534044637
0.0450125 0.0225062534018165
0.0450475 0.0225237533991733
0.0450825 0.022541253396535
0.0451175 0.022558753393901
0.0451525 0.0225762533912704
0.0451875 0.0225937533886448
0.0452225 0.022611253386022
0.0452575 0.0226287533834046
0.0452925 0.0226462533807903
0.0453275 0.0226637533781802
0.0453625 0.0226812533755748
0.0453975 0.0226987533729712
0.0454325 0.0227162533703726
0.0454675 0.0227337533677786
0.0455025 0.0227512533651881
0.0455375 0.0227687533626018
0.0455725 0.0227862533600191
0.0456075 0.022803753357441
0.0456425 0.0228212533548656
0.0456775 0.022838753352296
0.0457125 0.0228562533497295
0.0457475 0.0228737533471661
0.0457825 0.0228912533446074
0.0458175 0.0229087533420528
0.0458525 0.0229262533395019
0.0458875 0.0229437533369551
0.0459225 0.022961253334411
0.0459575 0.0229787533318718
0.0459925 0.0229962533293353
0.0460275 0.0230137533268034
0.0460625 0.0230312533242751
0.0460975 0.0230487533217506
0.0461325 0.0230662533192303
0.0461675 0.0230837533167137
0.0462025 0.0231012533142011
0.0462375 0.0231187533116922
0.0462725 0.0231362533091874
0.0463075 0.0231537533066858
0.0463425 0.023171253304188
0.0463775 0.0231887533016941
0.0464125 0.0232062532992037
0.0464475 0.0232237532967172
0.0464825 0.0232412532942349
0.0465175 0.0232587532917561
0.0465525 0.0232762532892812
0.0465875 0.0232937532868102
0.0466225 0.0233112532843426
0.0466575 0.0233287532818793
0.0466925 0.0233462532794191
0.0467275 0.0233637532769624
0.0467625 0.0233812532745099
0.0467975 0.0233987532720609
0.0468325 0.0234162532696154
0.0468675 0.0234337532671738
0.0469025 0.0234512532647357
0.0469375 0.0234687532623014
0.0469725 0.0234862532598706
0.0470075 0.0235037532574434
0.0470425 0.0235212532550199
0.0470775 0.0235387532526
0.0471125 0.0235562532501836
0.0471475 0.0235737532477706
0.0471825 0.0235912532453619
0.0472175 0.0236087532429562
0.0472525 0.0236262532405538
0.0472875 0.0236437532381555
0.0473225 0.0236612532357611
0.0473575 0.0236787532333698
0.0473925 0.0236962532309824
0.0474275 0.0237137532285981
0.0474625 0.0237312532262177
0.0474975 0.0237487532238405
0.0475325 0.0237662532214671
0.0475675 0.0237837532190971
0.0476025 0.0238012532167306
0.0476375 0.0238187532143674
0.0476725 0.023836253212008
0.0477075 0.0238537532096518
0.0477425 0.0238712532072987
0.0477775 0.0238887532049496
0.0478125 0.0239062532026038
0.0478475 0.0239237532002613
0.0478825 0.0239412531979221
0.0479175 0.0239587531955857
0.0479525 0.0239762531932535
0.0479875 0.0239937531909244
0.0480225 0.0240112531885989
0.0480575 0.0240287531862766
0.0480925 0.0240462531839575
0.0481275 0.0240637531816423
0.0481625 0.0240812531793301
0.0481975 0.0240987531770213
0.0482325 0.0241162531747156
0.0482675 0.0241337531724132
0.0483025 0.0241512531701144
0.0483375 0.0241687531678188
0.0483725 0.0241862531655265
0.0484075 0.0242037531632376
0.0484425 0.0242212531609518
0.0484775 0.0242387531586697
0.0485125 0.0242562531563906
0.0485475 0.0242737531541149
0.0485825 0.0242912531518425
0.0486175 0.0243087531495731
0.0486525 0.0243262531473071
0.0486875 0.0243437531450448
0.0487225 0.0243612531427855
0.0487575 0.0243787531405296
0.0487925 0.0243962531382768
0.0488275 0.0244137531360274
0.0488625 0.0244312531337809
0.0488975 0.0244487531315379
0.0489325 0.024466253129298
0.0489675 0.0244837531270614
0.0490025 0.0245012531248277
0.0490375 0.0245187531225974
0.0490725 0.0245362531203704
0.0491075 0.0245537531181466
0.0491425 0.0245712531159259
0.0491775 0.0245887531137083
0.0492125 0.024606253111494
0.0492475 0.0246237531092828
0.0492825 0.0246412531070747
0.0493175 0.0246587531048696
0.0493525 0.0246762531026676
0.0493875 0.0246937531004688
0.0494225 0.024711253098273
0.0494575 0.0247287530960805
0.0494925 0.024746253093891
0.0495275 0.0247637530917046
0.0495625 0.0247812530895213
0.0495975 0.0247987530873411
0.0496325 0.024816253085164
0.0496675 0.0248337530829898
0.0497025 0.0248512530808188
0.0497375 0.0248687530786509
0.0497725 0.0248862530764859
0.0498075 0.0249037530743241
0.0498425 0.0249212530721653
0.0498775 0.0249387530700095
0.0499125 0.0249562530678567
0.0499475 0.0249737530657069
0.0499825 0.0249912530635602
