0 0.000198455985947667
0.00015 0.000198444735947667
0.0003 0.000198425985947667
0.00045 0.000198396735947667
0.0006 0.000198356557376238
0.00075 0.000198305307376238
0.0009 0.000198242921012602
0.00105 0.000198169363320294
0.0012 0.000198084613320294
0.00135 0.000197988657437941
0.0015 0.00019788148638531
0.00165 0.000197763093528167
0.0018 0.000197633473962949
0.00195 0.000197492623962949
0.0021 0.000197340540629616
0.00225 0.000197177221664099
0.0024 0.000197002665212486
0.00255 0.000196816869757941
0.0027 0.000196619834043655
0.00285 0.000196411557016628
0.003 0.000196192037785859
0.00315 0.000195961275590737
0.0033 0.000195719269776783
0.00345 0.000195466019776783
0.0036 0.000195201525095932
0.00375 0.000194925785300014
0.0039 0.000194638800005896
0.00405 0.00019434056887382
0.0042 0.000194031091601093
0.00435 0.000193710367916882
0.0045 0.000193378397577899
0.00465 0.000193035180364785
0.0048 0.00019268071607907
0.00495 0.000192315004540609
0.0051 0.000191938045585385
0.00525 0.000191549839063646
0.0054 0.000191150384838293
0.00555 0.000190739682783499
0.0057 0.000190317732783499
0.00585 0.000189884534731551
0.006 0.000189440088529019
0.00615 0.000188984394084574
0.0063 0.00018851745131349
0.00645 0.00018803926013702
0.0066 0.000187549820481847
0.00675 0.0001870491322796
0.0069 0.000186537195466413
0.00705 0.000186014009982542
0.0072 0.000185479575772016
0.00735 0.000184933892782325
0.0075 0.000184376960964144
0.00765 0.000183808780271074
0.0078 0.000183229350659424
0.00795 0.000182638672087996
0.0081 0.000182036744517902
0.00825 0.000181423567912398
0.0084 0.000180799142236722
0.00855 0.000180163467457961
0.0087 0.000179516543544918
0.00885 0.000178858370467995
0.009 0.000178188948199087
0.00915 0.000177508276711484
0.0093 0.000176816355979777
0.00945 0.000176113185979777
0.0096 0.000175398766688438
0.00975 0.000174673098083787
0.0099 0.000173936180144856
0.01005 0.000173188012851623
0.0102 0.000172428596184956
0.01035 0.000171657930126562
0.0105 0.000170876014658936
0.01065 0.00017008284976532
0.0108 0.000169278435429655
0.01095 0.000168462771636552
0.0111 0.000167635858371246
0.01125 0.000166797695619568
0.0114 0.000165948283367913
0.01155 0.000165087621603207
0.0117 0.000164215710312885
0.01185 0.000163332549484859
0.012 0.000162438139107501
0.01215 0.000161532479169613
0.0123 0.000160615569660411
0.01245 0.000159687410569502
0.0126 0.000158748001886867
0.01275 0.000157797343602844
0.0129 0.000156835435708107
0.01305 0.000155862278193656
0.0132 0.000154877871050799
0.01335 0.000153882214271138
0.0135 0.000152875307846557
0.01365 0.000151857151769209
0.0138 0.000150827746031505
0.01395 0.000149787090626099
0.0141 0.000148735185545886
0.01425 0.000147672030783981
0.0144 0.000146597626333719
0.01455 0.000145511972188642
0.0147 0.000144415068342488
0.01485 0.000143306914789189
0.015 0.000142187511522857
0.0150175 0.000142154679871073
0.015035 0.000142121809938052
0.0150525 0.000142088901723794
0.01507 0.000142055955228299
0.0150875 0.000142022970451567
0.015105 0.000141989947393598
0.0151225 0.000141956886054392
0.01514 0.000141923786433948
0.0151575 0.000141890648532268
0.015175 0.00014185747234935
0.0151925 0.000141824257885195
0.01521 0.000141791005139802
0.0152275 0.000141757714113172
0.015245 0.000141724384805305
0.0152625 0.0001416910172162
0.01528 0.000141657611345858
0.0152975 0.000141624167194279
0.015315 0.000141590684761462
0.0153325 0.000141557164047407
0.01535 0.000141523605052116
0.0153675 0.000141490007775586
0.015385 0.000141456372217819
0.0154025 0.000141422698378814
0.01542 0.000141388986258572
0.0154375 0.000141355235857092
0.015455 0.000141321447174374
0.0154725 0.000141287620210418
0.01549 0.000141253754965225
0.0155075 0.000141219851438794
0.015525 0.000141185909631125
0.0155425 0.000141151929542219
0.01556 0.000141117911172074
0.0155775 0.000141083854520692
0.015595 0.000141049759588071
0.0156125 0.000141015626374213
0.01563 0.000140981454879117
0.0156475 0.000140947245102783
0.015665 0.00014091299704521
0.0156825 0.0001408787107064
0.0157 0.000140844386086352
0.0157175 0.000140810023185065
0.015735 0.00014077562200254
0.0157525 0.000140741182538777
0.01577 0.000140706704793776
0.0157875 0.000140672188767537
0.015805 0.00014063763446006
0.0158225 0.000140603041871344
0.01584 0.00014056841100139
0.0158575 0.000140533741850198
0.015875 0.000140499034417767
0.0158925 0.000140464288704098
0.01591 0.00014042950470919
0.0159275 0.000140394682433044
0.015945 0.00014035982187566
0.0159625 0.000140324923037037
0.01598 0.000140289985917176
0.0159975 0.000140255010516076
0.016015 0.000140219996833738
0.0160325 0.000140184944870161
0.01605 0.000140149854625345
0.0160675 0.000140114726099291
0.016085 0.000140079559291998
0.0161025 0.000140044354203467
0.01612 0.000140009110833697
0.0161375 0.000139973829182688
0.016155 0.00013993850925044
0.0161725 0.000139903151036954
0.01619 0.000139867754542229
0.0162075 0.000139832319766265
0.016225 0.000139796846709062
0.0162425 0.00013976133537062
0.01626 0.000139725785750939
0.0162775 0.00013969019785002
0.016295 0.000139654571667861
0.0163125 0.000139618907204464
0.01633 0.000139583204459827
0.0163475 0.000139547463433952
0.016365 0.000139511684126838
0.0163825 0.000139475866538484
0.0164 0.000139440010668892
0.0164175 0.00013940411651806
0.016435 0.000139368184085989
0.0164525 0.000139332213372679
0.01647 0.00013929620437813
0.0164875 0.000139260157102341
0.016505 0.000139224071545314
0.0165225 0.000139187947707047
0.01654 0.000139151785587541
0.0165575 0.000139115585186795
0.016575 0.00013907934650481
0.0165925 0.000139043069541586
0.01661 0.000139006754297123
0.0166275 0.00013897040077142
0.016645 0.000138934008964477
0.0166625 0.000138897578876296
0.01668 0.000138861110506874
0.0166975 0.000138824603856214
0.016715 0.000138788058924314
0.0167325 0.000138751475711174
0.01675 0.000138714854216795
0.0167675 0.000138678194441176
0.016785 0.000138641496384318
0.0168025 0.00013860476004622
0.01682 0.000138567985426882
0.0168375 0.000138531172526305
0.016855 0.000138494321344488
0.0168725 0.000138457431881432
0.01689 0.000138420504137135
0.0169075 0.0001383835381116
0.016925 0.000138346533804824
0.0169425 0.000138309491216808
0.01696 0.000138272410347553
0.0169775 0.000138235291197058
0.016995 0.000138198133765323
0.0170125 0.000138160938052348
0.01703 0.000138123704058134
0.0170475 0.000138086431782679
0.017065 0.000138049121225985
0.0170825 0.000138011772388051
0.0171 0.000137974385268876
0.0171175 0.000137936959868462
0.017135 0.000137899496186808
0.0171525 0.000137861994223913
0.01717 0.000137824453979779
0.0171875 0.000137786875454405
0.017205 0.00013774925864779
0.0172225 0.000137711603559935
0.01724 0.000137673910190841
0.0172575 0.000137636178540506
0.017275 0.000137598408608931
0.0172925 0.000137560600396116
0.01731 0.00013752275390206
0.0173275 0.000137484869126765
0.017345 0.000137446946070229
0.0173625 0.000137408984732453
0.01738 0.000137370985113436
0.0173975 0.00013733294721318
0.017415 0.000137294871031683
0.0174325 0.000137256756568946
0.01745 0.000137218603824968
0.0174675 0.00013718041279975
0.017485 0.000137142183493291
0.0175025 0.000137103915905593
0.01752 0.000137065610036653
0.0175375 0.000137027265886473
0.017555 0.000136988883455053
0.0175725 0.000136950462742393
0.01759 0.000136912003748491
0.0176075 0.00013687350647335
0.017625 0.000136834970916967
0.0176425 0.000136796397079345
0.01766 0.000136757784960481
0.0176775 0.000136719134560377
0.017695 0.000136680445879032
0.0177125 0.000136641718916447
0.01773 0.000136602953672621
0.0177475 0.000136564150147554
0.017765 0.000136525308341247
0.0177825 0.000136486428253699
0.0178 0.00013644750988491
0.0178175 0.000136408553234881
0.017835 0.00013636955830361
0.0178525 0.000136330525091099
0.01787 0.000136291453597347
0.0178875 0.000136252343822355
0.017905 0.000136213195766121
0.0179225 0.000136174009428647
0.01794 0.000136134784809931
0.0179575 0.000136095521909975
0.017975 0.000136056220728778
0.0179925 0.00013601688126634
0.01801 0.000135977503522661
0.0180275 0.000135938087497741
0.018045 0.00013589863319158
0.0180625 0.000135859140604178
0.01808 0.000135819609735535
0.0180975 0.000135780040585651
0.018115 0.000135740433154526
0.0181325 0.00013570078744216
0.01815 0.000135661103448553
0.0181675 0.000135621381173704
0.018185 0.000135581620617615
0.0182025 0.000135541821780284
0.01822 0.000135501984661712
0.0182375 0.000135462109261899
0.018255 0.000135422195580844
0.0182725 0.000135382243618549
0.01829 0.000135342253375012
0.0183075 0.000135302224850234
0.018325 0.000135262158044214
0.0183425 0.000135222052956954
0.01836 0.000135181909588452
0.0183775 0.000135141727938708
0.018395 0.000135101508007724
0.0184125 0.000135061249795498
0.01843 0.00013502095330203
0.0184475 0.000134980618527322
0.018465 0.000134940245471371
0.0184825 0.00013489983413418
0.0185 0.000134859384515747
0.0185175 0.000134818896616073
0.018535 0.000134778370435157
0.0185525 0.000134737805973
0.01857 0.000134697203229601
0.0185875 0.000134656562204961
0.018605 0.00013461588289908
0.0186225 0.000134575165311957
0.01864 0.000134534409443592
0.0186575 0.000134493615293986
0.018675 0.000134452782863138
0.0186925 0.000134411912151049
0.01871 0.000134371003157718
0.0187275 0.000134330055883146
0.018745 0.000134289070327332
0.0187625 0.000134248046490276
0.01878 0.000134206984371979
0.0187975 0.00013416588397244
0.018815 0.00013412474529166
0.0188325 0.000134083568329637
0.01885 0.000134042353086373
0.0188675 0.000134001099561867
0.018885 0.00013395980775612
0.0189025 0.00013391847766913
0.01892 0.000133877109300899
0.0189375 0.000133835702651426
0.018955 0.000133794257720711
0.0189725 0.000133752774508755
0.01899 0.000133711253015556
0.0190075 0.000133669693241116
0.019025 0.000133628095185433
0.0190425 0.000133586458848509
0.01906 0.000133544784230343
0.0190775 0.000133503071330935
0.019095 0.000133461320150285
0.0191125 0.000133419530688393
0.01913 0.000133377702945259
0.0191475 0.000133335836920883
0.019165 0.000133293932615265
0.0191825 0.000133251990028405
0.0192 0.000133210009160303
0.0192175 0.000133167990010959
0.019235 0.000133125932580373
0.0192525 0.000133083836868545
0.01927 0.000133041702875475
0.0192875 0.000132999530601163
0.019305 0.000132957320045608
0.0193225 0.000132915071208811
0.01934 0.000132872784090773
0.0193575 0.000132830458691491
0.019375 0.000132788095010968
0.0193925 0.000132745693049203
0.01941 0.000132703252806195
0.0194275 0.000132660774281945
0.019445 0.000132618257476453
0.0194625 0.000132575702389719
0.01948 0.000132533109021742
0.0194975 0.000132490477372523
0.019515 0.000132447807442062
0.0195325 0.000132405099230358
0.01955 0.000132362352737412
0.0195675 0.000132319567963224
0.019585 0.000132276744907793
0.0196025 0.00013223388357112
0.01962 0.000132190983953205
0.0196375 0.000132148046054047
0.019655 0.000132105069873647
0.0196725 0.000132062055412004
0.01969 0.00013201900266912
0.0197075 0.000131975911644992
0.019725 0.000131932782339623
0.0197425 0.00013188961475301
0.01976 0.000131846408885156
0.0197775 0.000131803164736059
0.019795 0.000131759882305719
0.0198125 0.000131716561594137
0.01983 0.000131673202601312
0.0198475 0.000131629805327245
0.019865 0.000131586369771935
0.0198825 0.000131542895935383
0.0199 0.000131499383817588
0.0199175 0.00013145583341855
0.019935 0.00013141224473827
0.0199525 0.000131368617776747
0.01997 0.000131324952533982
0.0199875 0.000131281249009974
0.020005 0.000131237507204723
0.0200225 0.000131193727118229
0.02004 0.000131149908750493
0.0200575 0.000131106052101514
0.020075 0.000131062157171293
0.0200925 0.000131018223959828
0.02011 0.000130974252467121
0.0201275 0.000130930242693171
0.020145 0.000130886194637979
0.0201625 0.000130842108301543
0.02018 0.000130797983683865
0.0201975 0.000130753820784944
0.020215 0.00013070961960478
0.0202325 0.000130665380143373
0.02025 0.000130621102400723
0.0202675 0.000130576786376831
0.020285 0.000130532432071695
0.0203025 0.000130488039485317
0.02032 0.000130443608617696
0.0203375 0.000130399139468832
0.020355 0.000130354632038725
0.0203725 0.000130310086327375
0.02039 0.000130265502334782
0.0204075 0.000130220880060946
0.020425 0.000130176219505867
0.0204425 0.000130131520669546
0.02046 0.000130086783551981
0.0204775 0.000130042008153173
0.020495 0.000129997194473122
0.0205125 0.000129952342511829
0.02053 0.000129907452269292
0.0205475 0.000129862523745512
0.020565 0.00012981755694049
0.0205825 0.000129772551854224
0.0206 0.000129727508486715
0.0206175 0.000129682426837963
0.020635 0.000129637306907968
0.0206525 0.00012959214869673
0.02067 0.000129546952204249
0.0206875 0.000129501717430525
0.020705 0.000129456444375557
0.0207225 0.000129411133039347
0.02074 0.000129365783421893
0.0207575 0.000129320395523196
0.020775 0.000129274969343256
0.0207925 0.000129229504882073
0.02081 0.000129184002139646
0.0208275 0.000129138461115977
0.020845 0.000129092881811064
0.0208625 0.000129047264224907
0.02088 0.000129001608357508
0.0208975 0.000128955914208865
0.020915 0.000128910181778979
0.0209325 0.000128864411067849
0.02095 0.000128818602075477
0.0209675 0.000128772754801861
0.020985 0.000128726869247001
0.0210025 0.000128680945410898
0.02102 0.000128634983293552
0.0210375 0.000128588982894962
0.021055 0.000128542944215129
0.0210725 0.000128496867254053
0.02109 0.000128450752011733
0.0211075 0.00012840459848817
0.021125 0.000128358406683363
0.0211425 0.000128312176597313
0.02116 0.000128265908230019
0.0211775 0.000128219601581482
0.021195 0.000128173256651701
0.0212125 0.000128126873440677
0.02123 0.00012808045194841
0.0212475 0.000128033992174899
0.021265 0.000127987494120144
0.0212825 0.000127940957784146
0.0213 0.000127894383166905
0.0213175 0.00012784777026842
0.021335 0.000127801119088691
0.0213525 0.000127754429627719
0.02137 0.000127707701885504
0.0213875 0.000127660935862045
0.021405 0.000127614131557342
0.0214225 0.000127567288971395
0.02144 0.000127520408104205
0.0214575 0.000127473488955772
0.021475 0.000127426531526094
0.0214925 0.000127379535815174
0.02151 0.000127332501823009
0.0215275 0.000127285429549601
0.021545 0.000127238318994949
0.0215625 0.000127191170159053
0.02158 0.000127143983041914
0.0215975 0.000127096757643531
0.021615 0.000127049493963905
0.0216325 0.000127002192003034
0.02165 0.00012695485176092
0.0216675 0.000126907473237562
0.021685 0.00012686005643296
0.0217025 0.000126812601347115
0.02172 0.000126765107980026
0.0217375 0.000126717576331693
0.021755 0.000126670006402116
0.0217725 0.000126622398191296
0.02179 0.000126574751699231
0.0218075 0.000126527066925923
0.021825 0.000126479343871371
0.0218425 0.000126431582535575
0.02186 0.000126383782918535
0.0218775 0.000126335945020252
0.021895 0.000126288068840724
0.0219125 0.000126240154379953
0.02193 0.000126192201637938
0.0219475 0.000126144210614678
0.021965 0.000126096181310175
0.0219825 0.000126048113724428
0.022 0.000126000007857437
0.0220175 0.000125951863709202
0.022035 0.000125903681279723
0.0220525 0.000125855460569
0.02207 0.000125807201577034
0.0220875 0.000125758904303823
0.022105 0.000125710568749368
0.0221225 0.000125662194913669
0.02214 0.000125613782796726
0.0221575 0.000125565332398539
0.022175 0.000125516843719108
0.0221925 0.000125468316758433
0.02221 0.000125419751516514
0.0222275 0.000125371147993351
0.022245 0.000125322506188943
0.0222625 0.000125273826103292
0.02228 0.000125225107736396
0.0222975 0.000125176351088256
0.022315 0.000125127556158873
0.0223325 0.000125078722948245
0.02235 0.000125029851456373
0.0223675 0.000124980941683257
0.022385 0.000124931993628896
0.0224025 0.000124883007293292
0.02242 0.000124833982676443
0.0224375 0.000124784919778351
0.022455 0.000124735818599014
0.0224725 0.000124686679138432
0.02249 0.000124637501396607
0.0225075 0.000124588285373538
0.022525 0.000124539031069224
0.0225425 0.000124489738483666
0.02256 0.000124440407616864
0.0225775 0.000124391038468818
0.022595 0.000124341631039527
0.0226125 0.000124292185328992
0.02263 0.000124242701337213
0.0226475 0.00012419317906419
0.022665 0.000124143618509922
0.0226825 0.000124094019674411
0.0227 0.000124044382557655
0.0227175 0.000123994707159654
0.022735 0.000123944993480409
0.0227525 0.00012389524151992
0.02277 0.000123845451278187
0.0227875 0.000123795622755209
0.022805 0.000123745755950987
0.0228225 0.000123695850865521
0.02284 0.00012364590749881
0.0228575 0.000123595925850855
0.022875 0.000123545905921655
0.0228925 0.000123495847711211
0.02291 0.000123445751219523
0.0229275 0.00012339561644659
0.022945 0.000123345443392413
0.0229625 0.000123295232056991
0.02298 0.000123244982440325
0.0229975 0.000123194694542414
0.023015 0.000123144368363259
0.0230325 0.000123094003902859
0.02305 0.000123043601161215
0.0230675 0.000122993160138326
0.023085 0.000122942680834193
0.0231025 0.000122892163248816
0.02312 0.000122841607382194
0.0231375 0.000122791013234327
0.023155 0.000122740380805216
0.0231725 0.000122689710094861
0.02319 0.000122639001103261
0.0232075 0.000122588253830416
0.023225 0.000122537468276327
0.0232425 0.000122486644440993
0.02326 0.000122435782324414
0.0232775 0.000122384881926592
0.023295 0.000122333943247524
0.0233125 0.000122282966287212
0.02333 0.000122231951045655
0.0233475 0.000122180897522854
0.023365 0.000122129805718808
0.0233825 0.000122078675633518
0.0234 0.000122027507266982
0.0234175 0.000121976300619203
0.023435 0.000121925055690178
0.0234525 0.000121873772479909
0.02347 0.000121822450988395
0.0234875 0.000121771091215637
0.023505 0.000121719693161634
0.0235225 0.000121668256826386
0.02354 0.000121616782209893
0.0235575 0.000121565269312156
0.023575 0.000121513718133174
0.0235925 0.000121462128672947
0.02361 0.000121410500931476
0.0236275 0.000121358834908759
0.023645 0.000121307130604798
0.0236625 0.000121255388019593
0.02368 0.000121203607153142
0.0236975 0.000121151788005447
0.023715 0.000121099930576507
0.0237325 0.000121048034866322
0.02375 0.000120996100874892
0.0237675 0.000120944128602217
0.023785 0.000120892118048298
0.0238025 0.000120840069213134
0.02382 0.000120787982096725
0.0238375 0.000120735856699071
0.023855 0.000120683693020173
0.0238725 0.000120631491060029
0.02389 0.000120579250818641
0.0239075 0.000120526972296008
0.023925 0.00012047465549213
0.0239425 0.000120422300407007
0.02396 0.000120369907040639
0.0239775 0.000120317475393026
0.023995 0.000120265005464168
0.0240125 0.000120212497254066
0.02403 0.000120159950762718
0.0240475 0.000120107365990126
0.024065 0.000120054742936289
0.0240825 0.000120002081601206
0.0241 0.000119949381984879
0.0241175 0.000119896644087307
0.024135 0.00011984386790849
0.0241525 0.000119791053448428
0.02417 0.000119738200707121
0.0241875 0.000119685309684569
0.024205 0.000119632380380772
0.0242225 0.00011957941279573
0.02424 0.000119526406929443
0.0242575 0.000119473362781911
0.024275 0.000119420280353134
0.0242925 0.000119367159643112
0.02431 0.000119314000651845
0.0243275 0.000119260803379333
0.024345 0.000119207567825576
0.0243625 0.000119154293990574
0.02438 0.000119100981874326
0.0243975 0.000119047631476834
0.024415 0.000118994242798097
0.0244325 0.000118940815838114
0.02445 0.000118887350596887
0.0244675 0.000118833847074414
0.024485 0.000118780305270696
0.0245025 0.000118726725185733
0.02452 0.000118673106819525
0.0245375 0.000118619450172072
0.024555 0.000118565755243374
0.0245725 0.000118512022033431
0.02459 0.000118458250542242
0.0246075 0.000118404440769808
0.024625 0.000118350592716129
0.0246425 0.000118296706381205
0.02466 0.000118242781765036
0.0246775 0.000118188818867621
0.024695 0.000118134817688962
0.0247125 0.000118080778229057
0.02473 0.000118026700487907
0.0247475 0.000117972584465512
0.024765 0.000117918430161871
0.0247825 0.000117864237576986
0.0248 0.000117810006710855
0.0248175 0.000117755737563479
0.024835 0.000117701430134857
0.0248525 0.000117647084424991
0.02487 0.000117592700433879
0.0248875 0.000117538278161522
0.024905 0.000117483817607919
0.0249225 0.000117429318773072
0.02494 0.000117374781656979
0.0249575 0.00011732020625964
0.024975 0.000117265592581057
0.0249925 0.000117210940621228
0.02501 0.000117156250380154
0.0250275 0.000117101521857834
0.025045 0.000117046755054269
0.0250625 0.000116991949969459
0.02508 0.000116937106603404
0.0250975 0.000116882224956103
0.025115 0.000116827305027557
0.0251325 0.000116772346817765
0.02515 0.000116717350326729
0.0251675 0.000116662315554446
0.025185 0.000116607242500919
0.0252025 0.000116552131166146
0.02522 0.000116496981550127
0.0252375 0.000116441793652864
0.025255 0.000116386567474355
0.0252725 0.0001163313030146
0.02529 0.0001162760002736
0.0253075 0.000116220659251355
0.025325 0.000116165279947864
0.0253425 0.000116109862363128
0.02536 0.000116054406497146
0.0253775 0.000115998912349919
0.025395 0.000115943379921447
0.0254125 0.000115887809211729
0.02543 0.000115832200220765
0.0254475 0.000115776552948557
0.025465 0.000115720867395102
0.0254825 0.000115665143560403
0.0255 0.000115609381444457
0.0255175 0.000115553581047267
0.025535 0.00011549774236883
0.0255525 0.000115441865409149
0.02557 0.000115385950168221
0.0255875 0.000115329996646049
0.025605 0.00011527400484263
0.0256225 0.000115217974757966
0.02564 0.000115161906392057
0.0256575 0.000115105799744902
0.025675 0.000115049654816501
0.0256925 0.000114993471606855
0.02571 0.000114937250115963
0.0257275 0.000114880990343826
0.025745 0.000114824692290443
0.0257625 0.000114768355955815
0.02578 0.000114711981339941
0.0257975 0.000114655568442821
0.025815 0.000114599117264456
0.0258325 0.000114542627804845
0.02585 0.000114486100063989
0.0258675 0.000114429534041887
0.025885 0.000114372929738539
0.0259025 0.000114316287153946
0.02592 0.000114259606288107
0.0259375 0.000114202887141023
0.025955 0.000114146129712692
0.0259725 0.000114089334003117
0.02599 0.000114032500012295
0.0260075 0.000113975627740228
0.026025 0.000113918717186915
0.0260425 0.000113861768352357
0.02606 0.000113804781236553
0.0260775 0.000113747755839503
0.026095 0.000113690692161208
0.0261125 0.000113633590201666
0.02613 0.000113576449960879
0.0261475 0.000113519271438847
0.026165 0.000113462054635569
0.0261825 0.000113404799551045
0.0262 0.000113347506185275
0.0262175 0.000113290174538259
0.026235 0.000113232804609998
0.0262525 0.000113175396400491
0.02627 0.000113117949909738
0.0262875 0.00011306046513774
0.026305 0.000113002942084496
0.0263225 0.000112945380750006
0.02634 0.00011288778113427
0.0263575 0.000112830143237288
0.026375 0.000112772467059061
0.0263925 0.000112714752599588
0.02641 0.000112656999858869
0.0264275 0.000112599208836904
0.026445 0.000112541379533694
0.0264625 0.000112483511949238
0.02648 0.000112425606083535
0.0264975 0.000112367661936587
0.026515 0.000112309679508394
0.0265325 0.000112251658798954
0.02655 0.000112193599808268
0.0265675 0.000112135502536337
0.026585 0.00011207736698316
0.0266025 0.000112019193148737
0.02662 0.000111960981033068
0.0266375 0.000111902730636153
0.026655 0.000111844441957993
0.0266725 0.000111786114998586
0.02669 0.000111727749757934
0.0267075 0.000111669346236036
0.026725 0.000111610904432892
0.0267425 0.000111552424348502
0.02676 0.000111493905982866
0.0267775 0.000111435349335984
0.026795 0.000111376754407856
0.0268125 0.000111318121198483
0.02683 0.000111259449707863
0.0268475 0.000111200739935997
0.026865 0.000111141991882886
0.0268825 0.000111083205548529
0.0269 0.000111024380932925
0.0269175 0.000110965518036076
0.026935 0.000110906616857981
0.0269525 0.00011084767739864
0.02697 0.000110788699658053
0.0269875 0.00011072968363622
0.027005 0.000110670629333141
0.0270225 0.000110611536748816
0.02704 0.000110552405883244
0.0270575 0.000110493236736427
0.027075 0.000110434029308364
0.0270925 0.000110374783599055
0.02711 0.0001103154996085
0.0271275 0.000110256177336699
0.027145 0.000110196816783652
0.0271625 0.000110137417949359
0.02718 0.00011007798083382
0.0271975 0.000110018505437035
0.027215 0.000109958991759004
0.0272325 0.000109899439799727
0.02725 0.000109839849559203
0.0272675 0.000109780221037434
0.027285 0.000109720554234419
0.0273025 0.000109660849150157
0.02732 0.00010960110578465
0.0273375 0.000109541324137896
0.027355 0.000109481504209896
0.0273725 0.000109421646000651
0.02739 0.000109361749510159
0.0274075 0.000109301814738421
0.027425 0.000109241841685437
0.0274425 0.000109181830351207
0.02746 0.00010912178073573
0.0274775 0.000109061692839008
0.027495 0.00010900156666104
0.0275125 0.000108941402201825
0.02753 0.000108881199461364
0.0275475 0.000108820958439657
0.027565 0.000108760679136704
0.0275825 0.000108700361552505
0.0276 0.00010864000568706
0.0276175 0.000108579611540369
0.027635 0.000108519179112431
0.0276525 0.000108458708403247
0.02767 0.000108398199412817
0.0276875 0.000108337652141141
0.027705 0.000108277066588219
0.0277225 0.00010821644275405
0.02774 0.000108155780638636
0.0277575 0.000108095080241975
0.027775 0.000108034341564068
0.0277925 0.000107973564604915
0.02781 0.000107912749364516
0.0278275 0.00010785189584287
0.027845 0.000107791004039978
0.0278625 0.00010773007395584
0.02788 0.000107669105590456
0.0278975 0.000107608098943825
0.027915 0.000107547054015949
0.0279325 0.000107485970806826
0.02795 0.000107424849316457
0.0279675 0.000107363689544841
0.027985 0.000107302491491979
0.0280025 0.000107241255157872
0.02802 0.000107179980542517
0.0280375 0.000107118667645917
0.028055 0.00010705731646807
0.0280725 0.000106995927008977
0.02809 0.000106934499268638
0.0281075 0.000106873033247052
0.028125 0.000106811528944221
0.0281425 0.000106749986360142
0.02816 0.000106688405494818
0.0281775 0.000106626786348247
0.028195 0.00010656512892043
0.0282125 0.000106503433211367
0.02823 0.000106441699221057
0.0282475 0.000106379926949501
0.028265 0.000106318116396699
0.0282825 0.00010625626756265
0.0283 0.000106194380447355
0.0283175 0.000106132455050814
0.028335 0.000106070491373026
0.0283525 0.000106008489413992
0.02837 0.000105946449173712
0.0283875 0.000105884370652185
0.028405 0.000105822253849412
0.0284225 0.000105760098765392
0.02844 0.000105697905400127
0.0284575 0.000105635673753614
0.028475 0.000105573403825856
0.0284925 0.000105511095616851
0.02851 0.000105448749126599
0.0285275 0.000105386364355101
0.028545 0.000105323941302357
0.0285625 0.000105261479968367
0.02858 0.00010519898035313
0.0285975 0.000105136442456646
0.028615 0.000105073866278916
0.0286325 0.00010501125181994
0.02865 0.000104948599079717
0.0286675 0.000104885908058248
0.028685 0.000104823178755533
0.0287025 0.000104760411171571
0.02872 0.000104697605306363
0.0287375 0.000104634761159908
0.028755 0.000104571878732206
0.0287725 0.000104508958023259
0.02879 0.000104445999033064
0.0288075 0.000104383001761624
0.028825 0.000104319966208937
0.0288425 0.000104256892375003
0.02886 0.000104193780259823
0.0288775 0.000104130629863397
0.028895 0.000104067441185724
0.0289125 0.000104004214226804
0.02893 0.000103940948986638
0.0289475 0.000103877645465226
0.028965 0.000103814303662567
0.0289825 0.000103750923578661
0.029 0.000103687505213509
0.0290175 0.000103624048567111
0.029035 0.000103560553639466
0.0290525 0.000103497020430574
0.02907 0.000103433448940436
0.0290875 0.000103369839169051
0.029105 0.00010330619111642
0.0291225 0.000103242504782543
0.02914 0.000103178780167418
0.0291575 0.000103115017271048
0.029175 0.00010305121609343
0.0291925 0.000102987376634566
0.02921 0.000102923498894456
0.0292275 0.000102859582873099
0.029245 0.000102795628570495
0.0292625 0.000102731635986645
0.02928 0.000102667605121548
0.0292975 0.000102603535975205
0.029315 0.000102539428547615
0.0293325 0.000102475282838778
0.02935 0.000102411098848695
0.0293675 0.000102346876577365
0.029385 0.000102282616024789
0.0294025 0.000102218317190966
0.02942 0.000102153980075897
0.0294375 0.000102089604679581
0.029455 0.000102025191002018
0.0294725 0.000101960739043208
0.02949 0.000101896248803152
0.0295075 0.00010183172028185
0.029525 0.0001017671534793
0.0295425 0.000101702548395505
0.02956 0.000101637905030462
0.0295775 0.000101573223384173
0.029595 0.000101508503456637
0.0296125 0.000101443745247855
0.02963 0.000101378948757825
0.0296475 0.00010131411398655
0.029665 0.000101249240934027
0.0296825 0.000101184329600258
0.0297 0.000101119379985242
0.0297175 0.00010105439208898
0.029735 0.000100989365911471
0.0297525 0.000100924301452715
0.02977 0.000100859198712712
0.0297875 0.000100794057691463
0.029805 0.000100728878388967
0.0298225 0.000100663660805224
0.02984 0.000100598404940235
0.0298575 0.000100533110793999
0.029875 0.000100467778366516
0.0298925 0.000100402407657787
0.02991 0.000100336998667811
0.0299275 0.000100271551396588
0.029945 0.000100206065844118
0.0299625 0.000100140542010402
0.02998 0.000100074979895439
0.0299975 0.000100009379499229
0.030015 9.99437408217722e-05
0.0300325 9.98780638630688e-05
0.03005 9.98123486231187e-05
0.0300675 9.97465951019218e-05
0.030085 9.96808032994782e-05
0.0301025 9.96149732157878e-05
0.03012 9.95491048508506e-05
0.0301375 9.94831982046667e-05
0.030155 9.9417253277236e-05
0.0301725 9.93512700685585e-05
0.03019 9.92852485786343e-05
0.0302075 9.92191888074633e-05
0.030225 9.91530907550455e-05
0.0302425 9.90869544213809e-05
0.03026 9.90207798064694e-05
0.0302775 9.89545669103112e-05
0.030295 9.88883157329062e-05
0.0303125 9.88220262742544e-05
0.03033 9.87556985343558e-05
0.0303475 9.86893325132104e-05
0.030365 9.86229282108181e-05
0.0303825 9.8556485627179e-05
0.0304 9.84900047622931e-05
0.0304175 9.84234856161604e-05
0.030435 9.83569281887808e-05
0.0304525 9.82903324801545e-05
0.03047 9.82236984902812e-05
0.0304875 9.81570262191611e-05
0.030505 9.80903156667942e-05
0.0305225 9.80235668331805e-05
0.03054 9.79567797183199e-05
0.0305575 9.78899543222125e-05
0.030575 9.78230906448581e-05
0.0305925 9.77561886862569e-05
0.03061 9.76892484464088e-05
0.0306275 9.76222699253139e-05
0.030645 9.7555253122972e-05
0.0306625 9.74881980393834e-05
0.03068 9.74211046745478e-05
0.0306975 9.73539730284654e-05
0.030715 9.7286803101136e-05
0.0307325 9.72195948925598e-05
0.03075 9.71523484027367e-05
0.0307675 9.70850636316666e-05
0.030785 9.70177405793497e-05
0.0308025 9.69503792457858e-05
0.03082 9.6882979630975e-05
0.0308375 9.68155417349173e-05
0.030855 9.67480655576127e-05
0.0308725 9.66805510990611e-05
0.03089 9.66129983592627e-05
0.0309075 9.65454073382173e-05
0.030925 9.64777780359249e-05
0.0309425 9.64101104523857e-05
0.03096 9.63424045875995e-05
0.0309775 9.62746604415663e-05
0.030995 9.62068780142862e-05
0.0310125 9.61390573057592e-05
0.03103 9.60711983159852e-05
0.0310475 9.60033010449643e-05
0.031065 9.59353654926964e-05
0.0310825 9.58673916591815e-05
0.0311 9.57993795444197e-05
0.0311175 9.57313291484109e-05
0.031135 9.56632404711552e-05
0.0311525 9.55951135126525e-05
0.03117 9.55269482729027e-05
0.0311875 9.54587447519061e-05
0.031205 9.53905029496624e-05
0.0312225 9.53222228661717e-05
0.03124 9.52539045014341e-05
0.0312575 9.51855478554494e-05
0.031275 9.51171529282177e-05
0.0312925 9.5048719719739e-05
0.03131 9.49802482300133e-05
0.0313275 9.49117384590407e-05
0.031345 9.4843190406821e-05
0.0313625 9.47746040733543e-05
0.03138 9.47059794586405e-05
0.0313975 9.46373165626798e-05
0.031415 9.45686153854719e-05
0.0314325 9.44998759270171e-05
0.03145 9.44310981873152e-05
0.0314675 9.43622821663663e-05
0.031485 9.42934278641703e-05
0.0315025 9.42245352807273e-05
0.03152 9.41556044160373e-05
0.0315375 9.40866352701002e-05
0.031555 9.4017627842916e-05
0.0315725 9.39485821344848e-05
0.03159 9.38794981448066e-05
0.0316075 9.38103758738813e-05
0.031625 9.37412153217089e-05
0.0316425 9.36720164882894e-05
0.03166 9.36027793736229e-05
0.0316775 9.35335039777093e-05
0.031695 9.34641903005486e-05
0.0317125 9.33948383421408e-05
0.03173 9.33254481024859e-05
0.0317475 9.3256019581584e-05
0.031765 9.31865527794349e-05
0.0317825 9.31170476960388e-05
0.0318 9.30475043313956e-05
0.0318175 9.29779226855053e-05
0.031835 9.29083027583678e-05
0.0318525 9.28386445499833e-05
0.03187 9.27689480603517e-05
0.0318875 9.26992132894729e-05
0.031905 9.2629440237347e-05
0.0319225 9.2559628903974e-05
0.03194 9.24897792893539e-05
0.0319575 9.24198913934866e-05
0.031975 9.23499652163722e-05
0.0319925 9.22800007580107e-05
0.03201 9.22099980184021e-05
0.0320275 9.21399569975462e-05
0.032045 9.20698776954433e-05
0.0320625 9.19997601120932e-05
0.03208 9.1929604247496e-05
0.0320975 9.18594101016516e-05
0.032115 9.178917767456e-05
0.0321325 9.17189069662213e-05
0.03215 9.16485979766355e-05
0.0321675 9.15782507058025e-05
0.032185 9.15078651537223e-05
0.0322025 9.14374413203949e-05
0.03222 9.13669792058204e-05
0.0322375 9.12964788099987e-05
0.032255 9.12259401329298e-05
0.0322725 9.11553631746138e-05
0.03229 9.10847479350505e-05
0.0323075 9.101409441424e-05
0.032325 9.09434026121824e-05
0.0323425 9.08726725288776e-05
0.03236 9.08019041643255e-05
0.0323775 9.07310975185262e-05
0.032395 9.06602525914798e-05
0.0324125 9.05893693831862e-05
0.03243 9.05184478936453e-05
0.0324475 9.04474881228572e-05
0.032465 9.03764900708219e-05
0.0324825 9.03054537375395e-05
0.0325 9.02343791230097e-05
0.0325175 9.01632662272328e-05
0.032535 9.00921150502086e-05
0.0325525 9.00209255919372e-05
0.03257 8.99496978524185e-05
0.0325875 8.98784318316526e-05
0.032605 8.98071275296395e-05
0.0326225 8.97357849463792e-05
0.03264 8.96644040818715e-05
0.0326575 8.95929849361166e-05
0.032675 8.95215275091146e-05
0.0326925 8.94500318008652e-05
0.03271 8.93784978113686e-05
0.0327275 8.93069255406247e-05
0.032745 8.92353149886336e-05
0.0327625 8.91636661553951e-05
0.03278 8.90919790409094e-05
0.0327975 8.90202536451765e-05
0.032815 8.89484899681963e-05
0.0328325 8.88766880099687e-05
0.03285 8.88048477704939e-05
0.0328675 8.87329692497718e-05
0.032885 8.86610524478025e-05
0.0329025 8.85890973645858e-05
0.03292 8.85171040001218e-05
0.0329375 8.84450723544106e-05
0.032955 8.83730024274521e-05
0.0329725 8.83008942192462e-05
0.03299 8.8228747729793e-05
0.0330075 8.81565629590926e-05
0.033025 8.80843399071448e-05
0.0330425 8.80120785739497e-05
0.03306 8.79397789595073e-05
0.0330775 8.78674410638176e-05
0.033095 8.77950648868805e-05
0.0331125 8.77226504286961e-05
0.03313 8.76501976892644e-05
0.0331475 8.75777066685854e-05
0.033165 8.7505177366659e-05
0.0331825 8.74326097834853e-05
0.0332 8.73600039190642e-05
0.0332175 8.72873597733959e-05
0.033235 8.72146773464802e-05
0.0332525 8.71419566383171e-05
0.03327 8.70691976489067e-05
0.0332875 8.6996400378249e-05
0.033305 8.69235648263438e-05
0.0333225 8.68506909931913e-05
0.03334 8.67777788787915e-05
0.0333575 8.67048284831443e-05
0.033375 8.66318398062497e-05
0.0333925 8.65588128481078e-05
0.03341 8.64857476087185e-05
0.0334275 8.64126440880818e-05
0.033445 8.63395022861977e-05
0.0334625 8.62663222030662e-05
0.03348 8.61931038386875e-05
0.0334975 8.61198471930612e-05
0.033515 8.60465522661876e-05
0.0335325 8.59732190580666e-05
0.03355 8.58998475686983e-05
0.0335675 8.58264377980825e-05
0.033585 8.57529897462193e-05
0.0336025 8.56795034131088e-05
0.03362 8.56059787987508e-05
0.0336375 8.55324159031454e-05
0.033655 8.54588147262926e-05
0.0336725 8.53851752681924e-05
0.03369 8.53114975288448e-05
0.0337075 8.52377815082497e-05
0.033725 8.51640272064072e-05
0.0337425 8.50902346233174e-05
0.03376 8.501640375898e-05
0.0337775 8.49425346133953e-05
0.033795 8.48686271865631e-05
0.0338125 8.47946814784835e-05
0.03383 8.47206974891564e-05
0.0338475 8.46466752185819e-05
0.033865 8.457261466676e-05
0.0338825 8.44985158336906e-05
0.0339 8.44243787193738e-05
0.0339175 8.43502033238095e-05
0.033935 8.42759896469977e-05
0.0339525 8.42017376889386e-05
0.03397 8.41274474496319e-05
0.0339875 8.40531189290778e-05
0.034005 8.39787521272762e-05
0.0340225 8.39043470442272e-05
0.03404 8.38299036799306e-05
0.0340575 8.37554220343867e-05
0.034075 8.36809021075952e-05
0.0340925 8.36063438995563e-05
0.03411 8.35317474102699e-05
0.0341275 8.34571126397359e-05
0.034145 8.33824395879546e-05
0.0341625 8.33077282549257e-05
0.03418 8.32329786406493e-05
0.0341975 8.31581907451254e-05
0.034215 8.30833645683541e-05
0.0342325 8.30085001103353e-05
0.03425 8.29335973710689e-05
0.0342675 8.2858656350555e-05
0.034285 8.27836770487937e-05
0.0343025 8.27086594657849e-05
0.03432 8.26336036015285e-05
0.0343375 8.25585094560246e-05
0.034355 8.24833770292732e-05
0.0343725 8.24082063212743e-05
0.03439 8.23329973320279e-05
0.0344075 8.22577500615339e-05
0.034425 8.21824645097925e-05
0.0344425 8.21071406768035e-05
0.03446 8.20317785625669e-05
0.0344775 8.19563781670829e-05
0.034495 8.18809394903513e-05
0.0345125 8.18054625323721e-05
0.03453 8.17299472931454e-05
0.0345475 8.16543937726712e-05
0.034565 8.15788019709494e-05
0.0345825 8.15031718879801e-05
0.0346 8.14275035237632e-05
0.0346175 8.13517968782988e-05
0.034635 8.12760519515869e-05
0.0346525 8.12002687436273e-05
0.03467 8.11244472544202e-05
0.0346875 8.10485874839656e-05
0.034705 8.09726894322633e-05
0.0347225 8.08967530993135e-05
0.03474 8.08207784851162e-05
0.0347575 8.07447655896712e-05
0.034775 8.06687144129787e-05
0.0347925 8.05926249550386e-05
0.03481 8.0516497215851e-05
0.0348275 8.04403311954157e-05
0.034845 8.03641268937328e-05
0.0348625 8.02878843108024e-05
0.03488 8.02116034466244e-05
0.0348975 8.01352843011988e-05
0.034915 8.00589268745255e-05
0.0349325 7.99825311666047e-05
0.03495 7.99060971774364e-05
0.0349675 7.98296249070204e-05
0.034985 7.97531143553567e-05
0.0350025 7.96765655224455e-05
0.03502 7.95999784082867e-05
0.0350375 7.95233530128803e-05
0.035055 7.94466893362263e-05
0.0350725 7.93699873783246e-05
0.03509 7.92932471391754e-05
0.0351075 7.92164686187785e-05
0.035125 7.91396518171339e-05
0.0351425 7.90627967342418e-05
0.03516 7.8985903370102e-05
0.0351775 7.89089717247146e-05
0.035195 7.88320017980796e-05
0.0352125 7.87549935901969e-05
0.03523 7.86779471010666e-05
0.0352475 7.86008623306887e-05
0.035265 7.85237392790631e-05
0.0352825 7.84465779461898e-05
0.0353 7.8369378332069e-05
0.0353175 7.82921404367004e-05
0.035335 7.82148642600842e-05
0.0353525 7.81375498022204e-05
0.03537 7.80601970631089e-05
0.0353875 7.79828060427497e-05
0.035405 7.79053767411429e-05
0.0354225 7.78279091582884e-05
0.03544 7.77504032941862e-05
0.0354575 7.76728591488364e-05
0.035475 7.75952767222389e-05
0.0354925 7.75176560143937e-05
0.03551 7.74399970253008e-05
0.0355275 7.73622997549603e-05
0.035545 7.72845642033721e-05
0.0355625 7.72067903705361e-05
0.03558 7.71289782564526e-05
0.0355975 7.70511278611212e-05
0.035615 7.69732391845423e-05
0.0356325 7.68953122267156e-05
0.03565 7.68173469876413e-05
0.0356675 7.67393434673192e-05
0.035685 7.66613016657495e-05
0.0357025 7.6583221582932e-05
0.03572 7.65051032188668e-05
0.0357375 7.6426946573554e-05
0.035755 7.63487516469934e-05
0.0357725 7.62705184391851e-05
0.03579 7.61922469501291e-05
0.0358075 7.61139371798254e-05
0.035825 7.6035589128274e-05
0.0358425 7.59572027954749e-05
0.03586 7.5878778181428e-05
0.0358775 7.58003152861335e-05
0.035895 7.57218141095912e-05
0.0359125 7.56432746518012e-05
0.03593 7.55646969127635e-05
0.0359475 7.54860808924781e-05
0.035965 7.54074265909449e-05
0.0359825 7.5328734008164e-05
0.036 7.52500031441353e-05
0.0360175 7.51712339988589e-05
0.036035 7.50924265723347e-05
0.0360525 7.50135808645628e-05
0.03607 7.49346968755431e-05
0.0360875 7.48557746052757e-05
0.036105 7.47768140537606e-05
0.0361225 7.46978152209977e-05
0.03614 7.46187781069871e-05
0.0361575 7.45397027117286e-05
0.036175 7.44605890352224e-05
0.0361925 7.43814370774685e-05
0.03621 7.43022468384668e-05
0.0362275 7.42230183182173e-05
0.036245 7.414375151672e-05
0.0362625 7.40644464339749e-05
0.03628 7.39851030699821e-05
0.0362975 7.39057214247415e-05
0.036315 7.38263014982532e-05
0.0363325 7.3746843290517e-05
0.03635 7.36673468015331e-05
0.0363675 7.35878120313013e-05
0.036385 7.35082389798218e-05
0.0364025 7.34286276470944e-05
0.03642 7.33489780331193e-05
0.0364375 7.32692901378964e-05
0.036455 7.31895639614257e-05
0.0364725 7.31097995037072e-05
0.03649 7.30299967647409e-05
0.0365075 7.29501557445268e-05
0.036525 7.28702764430649e-05
0.0365425 7.27903588603552e-05
0.03656 7.27104029963976e-05
0.0365775 7.26304088511923e-05
0.036595 7.25503764247391e-05
0.0366125 7.24703057170381e-05
0.03663 7.23901967280893e-05
0.0366475 7.23100494578927e-05
0.036665 7.22298639064482e-05
0.0366825 7.2149640073756e-05
0.0367 7.20693779598159e-05
0.0367175 7.1989077564628e-05
0.036735 7.19087388881922e-05
0.0367525 7.18283619305087e-05
0.03677 7.17479466915773e-05
0.0367875 7.16674931713981e-05
0.036805 7.1587001369971e-05
0.0368225 7.15064712872961e-05
0.03684 7.14259029233734e-05
0.0368575 7.13452962782029e-05
0.036875 7.12646513517845e-05
0.0368925 7.11839681441182e-05
0.03691 7.11032466552041e-05
0.0369275 7.10224868850422e-05
0.036945 7.09416888336324e-05
0.0369625 7.08608525009747e-05
0.03698 7.07799778870692e-05
0.0369975 7.06990649919159e-05
0.037015 7.06181138155147e-05
0.0370325 7.05371243578656e-05
0.03705 7.04560966189687e-05
0.0370675 7.03750305988239e-05
0.037085 7.02939262974312e-05
0.0371025 7.02127837147907e-05
0.03712 7.01316028509023e-05
0.0371375 7.0050383705766e-05
0.037155 6.99691262793819e-05
0.0371725 6.98878305717499e-05
0.03719 6.980649658287e-05
0.0372075 6.97251243127422e-05
0.037225 6.96437137613666e-05
0.0372425 6.9562264928743e-05
0.03726 6.94807778148716e-05
0.0372775 6.93992524197522e-05
0.037295 6.9317688743385e-05
0.0373125 6.92360867857699e-05
0.03733 6.91544465469069e-05
0.0373475 6.90727680267959e-05
0.037365 6.89910512254371e-05
0.0373825 6.89092961428304e-05
0.0374 6.88275027789757e-05
0.0374175 6.87456711338731e-05
0.037435 6.86638012075227e-05
0.0374525 6.85818929999243e-05
0.03747 6.84999465110781e-05
0.0374875 6.84179617409839e-05
0.037505 6.83359386896418e-05
0.0375225 6.82538773570519e-05
0.03754 6.8171777743214e-05
0.0375575 6.80896398481281e-05
0.037575 6.80074636717944e-05
0.0375925 6.79252492142127e-05
0.03761 6.7842996475383e-05
0.0376275 6.77607054553055e-05
0.037645 6.767837615398e-05
0.0376625 6.75960085714066e-05
0.03768 6.75136027075852e-05
0.0376975 6.74311585625159e-05
0.037715 6.73486761361987e-05
0.0377325 6.72661554286335e-05
0.03775 6.71835964398203e-05
0.0377675 6.71009991697592e-05
0.037785 6.70183636184502e-05
0.0378025 6.69356897858932e-05
0.03782 6.68529776720883e-05
0.0378375 6.67702272770355e-05
0.037855 6.66874386007347e-05
0.0378725 6.6604611643186e-05
0.03789 6.65217464043893e-05
0.0379075 6.64388428843447e-05
0.037925 6.63559010830521e-05
0.0379425 6.62729210005115e-05
0.03796 6.61899026367229e-05
0.0379775 6.61068459916865e-05
0.037995 6.6023751065402e-05
0.0380125 6.59406178578696e-05
0.03803 6.58574463690892e-05
0.0380475 6.57742365990608e-05
0.038065 6.56909885477845e-05
0.0380825 6.56077022152601e-05
0.0381 6.55243776014879e-05
0.0381175 6.54410147064676e-05
0.038135 6.53576135301993e-05
0.0381525 6.52741740726831e-05
0.03817 6.51906963339189e-05
0.0381875 6.51071803139067e-05
0.038205 6.50236260126466e-05
0.0382225 6.49400334301384e-05
0.03824 6.48564025663823e-05
0.0382575 6.47727334213782e-05
0.038275 6.46890259951261e-05
0.0382925 6.46052802876259e-05
0.03831 6.45214962988779e-05
0.0383275 6.44376740288817e-05
0.038345 6.43538134776376e-05
0.0383625 6.42699146451455e-05
0.03838 6.41859775314053e-05
0.0383975 6.41020021364172e-05
0.038415 6.4017988460181e-05
0.0384325 6.39339365026969e-05
0.03845 6.38498462639648e-05
0.0384675 6.37657177439846e-05
0.038485 6.36815509427564e-05
0.0385025 6.35973458602802e-05
0.03852 6.3513102496556e-05
0.0385375 6.34288208515838e-05
0.038555 6.33445009253635e-05
0.0385725 6.32601427178952e-05
0.03859 6.3175746229179e-05
0.0386075 6.30913114592146e-05
0.038625 6.30068384080023e-05
0.0386425 6.29223270755419e-05
0.03866 6.28377774618335e-05
0.0386775 6.2753189566877e-05
0.038695 6.26685633906724e-05
0.0387125 6.25838989332199e-05
0.03873 6.24991961945193e-05
0.0387475 6.24144551745707e-05
0.038765 6.2329675873374e-05
0.0387825 6.22448582909292e-05
0.0388 6.21600024272364e-05
0.0388175 6.20751082822956e-05
0.038835 6.19901758561067e-05
0.0388525 6.19052051486697e-05
0.03887 6.18201961599847e-05
0.0388875 6.17351488900516e-05
0.038905 6.16500633388705e-05
0.0389225 6.15649395064413e-05
0.03894 6.1479777392764e-05
0.0389575 6.13945769978386e-05
0.038975 6.13093383216652e-05
0.0389925 6.12240613642437e-05
0.03901 6.11387461255741e-05
0.0390275 6.10533926056565e-05
0.039045 6.09680008044908e-05
0.0390625 6.0882570722077e-05
0.03908 6.07971023584151e-05
0.0390975 6.07115957135052e-05
0.039115 6.06260507873472e-05
0.0391325 6.05404675799411e-05
0.03915 6.04548460912868e-05
0.0391675 6.03691863213846e-05
0.039185 6.02834882702342e-05
0.0392025 6.01977519378358e-05
0.03922 6.01119773241892e-05
0.0392375 6.00261644292946e-05
0.039255 5.99403132531519e-05
0.0392725 5.9854423795761e-05
0.03929 5.9768496057122e-05
0.0393075 5.96825300372349e-05
0.039325 5.95965257360998e-05
0.0393425 5.95104831537164e-05
0.03936 5.9424402290085e-05
0.0393775 5.93382831452055e-05
0.039395 5.92521257190779e-05
0.0394125 5.91659300117021e-05
0.03943 5.90796960230783e-05
0.0394475 5.89934237532064e-05
0.039465 5.89071132020863e-05
0.0394825 5.88207643697181e-05
0.0395 5.87343772561017e-05
0.0395175 5.86479518612374e-05
0.039535 5.85614881851248e-05
0.0395525 5.84749862277641e-05
0.03957 5.83884459891553e-05
0.0395875 5.83018674692984e-05
0.039605 5.82152506681933e-05
0.0396225 5.81285955858401e-05
0.03964 5.80419022222388e-05
0.0396575 5.79551705773894e-05
0.039675 5.78684006512918e-05
0.0396925 5.7781592443946e-05
0.03971 5.76947459553522e-05
0.0397275 5.76078611855102e-05
0.039745 5.752093813442e-05
0.0397625 5.74339768020817e-05
0.03978 5.73469771884953e-05
0.0397975 5.72599392936607e-05
0.039815 5.7172863117578e-05
0.0398325 5.70857486602471e-05
0.03985 5.69985959216681e-05
0.0398675 5.69114049018409e-05
0.039885 5.68241756007655e-05
0.0399025 5.6736908018442e-05
0.03992 5.66496021548704e-05
0.0399375 5.65622580100505e-05
0.039955 5.64748755839825e-05
0.0399725 5.63874548766664e-05
0.03999 5.62999958881021e-05
0.0400075 5.62124986182896e-05
0.040025 5.61249630672289e-05
0.0400425 5.60373892349201e-05
0.04006 5.59497771213631e-05
0.0400775 5.58621267265579e-05
0.040095 5.57744380505045e-05
0.0401125 5.56867110932031e-05
0.04013 5.55989458546533e-05
0.0401475 5.55111423348554e-05
0.040165 5.54233005338093e-05
0.0401825 5.53354204515151e-05
0.0402 5.52475020879727e-05
0.0402175 5.51595454431821e-05
0.040235 5.50715505171433e-05
0.0402525 5.49835173098563e-05
0.04027 5.48954458213211e-05
0.0402875 5.48073360515377e-05
0.040305 5.47191880005062e-05
0.0403225 5.46310016682264e-05
0.04034 5.45427770546985e-05
0.0403575 5.44545141599223e-05
0.040375 5.43662129838979e-05
0.0403925 5.42778735266254e-05
0.04041 5.41894957881046e-05
0.0404275 5.41010797683356e-05
0.040445 5.40126254673184e-05
0.0404625 5.39241328850531e-05
0.04048 5.38356020215395e-05
0.0404975 5.37470328767777e-05
0.040515 5.36584254507677e-05
0.0405325 5.35697797435095e-05
0.04055 5.3481095755003e-05
0.0405675 5.33923734852484e-05
0.040585 5.33036129342456e-05
0.0406025 5.32148141019945e-05
0.04062 5.31259769884952e-05
0.0406375 5.30371015937476e-05
0.040655 5.29481879177519e-05
0.0406725 5.28592359605079e-05
0.04069 5.27702457220157e-05
0.0407075 5.26812172022753e-05
0.040725 5.25921504012867e-05
0.0407425 5.25030453190497e-05
0.04076 5.24139019555646e-05
0.0407775 5.23247203108312e-05
0.040795 5.22355003848496e-05
0.0408125 5.21462421776197e-05
0.04083 5.20569456891416e-05
0.0408475 5.19676109194153e-05
0.040865 5.18782378684407e-05
0.0408825 5.17888265362179e-05
0.0409 5.16993769227468e-05
0.0409175 5.16098890280275e-05
0.040935 5.152036285206e-05
0.0409525 5.14307983948441e-05
0.04097 5.134119565638e-05
0.0409875 5.12515546366677e-05
0.041005 5.11618753357071e-05
0.0410225 5.10721577534982e-05
0.04104 5.09824018900411e-05
0.0410575 5.08926077453357e-05
0.041075 5.08027753193821e-05
0.0410925 5.07129046121802e-05
0.04111 5.062299562373e-05
0.0411275 5.05330483540316e-05
0.041145 5.04430628030849e-05
0.0411625 5.03530389708899e-05
0.04118 5.02629768574467e-05
0.0411975 5.01728764627553e-05
0.041215 5.00827377868155e-05
0.0412325 4.99925608296274e-05
0.04125 4.99023455911911e-05
0.0412675 4.98120920715065e-05
0.041285 4.97218002705736e-05
0.0413025 4.96314701883924e-05
0.04132 4.9541101824963e-05
0.0413375 4.94506951802853e-05
0.041355 4.93602502543592e-05
0.0413725 4.92697670471849e-05
0.04139 4.91792455587624e-05
0.0414075 4.90886857890915e-05
0.041425 4.89980877381723e-05
0.0414425 4.89074514060048e-05
0.04146 4.88167767925891e-05
0.0414775 4.87260638979251e-05
0.041495 4.86353127220127e-05
0.0415125 4.85445232648521e-05
0.04153 4.84536955264431e-05
0.0415475 4.83628295067859e-05
0.041565 4.82719252058803e-05
0.0415825 4.81809826237265e-05
0.0416 4.80900017603243e-05
0.0416175 4.79989826156738e-05
0.041635 4.7907925189775e-05
0.0416525 4.7816829482628e-05
0.04167 4.77256954942326e-05
0.0416875 4.76345232245889e-05
0.041705 4.75433126736968e-05
0.0417225 4.74520638415565e-05
0.04174 4.73607767281679e-05
0.0417575 4.72694513335309e-05
0.041775 4.71780876576456e-05
0.0417925 4.7086685700512e-05
0.04181 4.69952454621301e-05
0.0418275 4.69037669424998e-05
0.041845 4.68122501416212e-05
0.0418625 4.67206950594943e-05
0.04188 4.66291016961191e-05
0.0418975 4.65374700514955e-05
0.041915 4.64458001256236e-05
0.0419325 4.63540919185034e-05
0.04195 4.62623454301348e-05
0.0419675 4.61705606605179e-05
0.041985 4.60787376096526e-05
0.0420025 4.59868762775391e-05
0.04202 4.58949766641771e-05
0.0420375 4.58030387695669e-05
0.042055 4.57110625937083e-05
0.0420725 4.56190481366014e-05
0.04209 4.55269953982461e-05
0.0421075 4.54349043786424e-05
0.042125 4.53427750777905e-05
0.0421425 4.52506074956902e-05
0.04216 4.51584016323415e-05
0.0421775 4.50661574877445e-05
0.042195 4.49738750618992e-05
0.0422125 4.48815543548055e-05
0.04223 4.47891953664634e-05
0.0422475 4.4696798096873e-05
0.042265 4.46043625460342e-05
0.0422825 4.45118887139471e-05
0.0423 4.44193766006116e-05
0.0423175 4.43268262060277e-05
0.042335 4.42342375301955e-05
0.0423525 4.41416105731149e-05
0.04237 4.4048945334786e-05
0.0423875 4.39562418152087e-05
0.042405 4.3863500014383e-05
0.0424225 4.37707199323089e-05
0.04244 4.36779015689865e-05
0.0424575 4.35850449244157e-05
0.042475 4.34921499985966e-05
0.0424925 4.3399216791529e-05
0.04251 4.33062453032131e-05
0.0425275 4.32132355336488e-05
0.042545 4.31201874828362e-05
0.0425625 4.30271011507751e-05
0.04258 4.29339765374657e-05
0.0425975 4.28408136429078e-05
0.042615 4.27476124671017e-05
0.0426325 4.26543730100471e-05
0.04265 4.25610952717441e-05
0.0426675 4.24677792521927e-05
0.042685 4.2374424951393e-05
0.0427025 4.22810323693449e-05
0.04272 4.21876015060484e-05
0.0427375 4.20941323615035e-05
0.042755 4.20006249357103e-05
0.0427725 4.19070792286686e-05
0.04279 4.18134952403785e-05
0.0428075 4.17198729708401e-05
0.042825 4.16262124200532e-05
0.0428425 4.15325135880179e-05
0.04286 4.14387764747342e-05
0.0428775 4.13450010802022e-05
0.042895 4.12511874044217e-05
0.0429125 4.11573354473928e-05
0.04293 4.10634452091155e-05
0.0429475 4.09695166895898e-05
0.042965 4.08755498888157e-05
0.0429825 4.07815448067932e-05
0.043 4.06875014435222e-05
0.0430175 4.05934197990029e-05
0.043035 4.04992998732351e-05
0.0430525 4.04051416662189e-05
0.04307 4.03109451779543e-05
0.0430875 4.02167104084412e-05
0.043105 4.01224373576798e-05
0.0431225 4.00281260256699e-05
0.04314 3.99337764124116e-05
0.0431575 3.98393885179049e-05
0.043175 3.97449623421498e-05
0.0431925 3.96504978851463e-05
0.04321 3.95559951468943e-05
0.0432275 3.94614541273939e-05
0.043245 3.93668748266451e-05
0.0432625 3.92722572446478e-05
0.04328 3.91776013814021e-05
0.0432975 3.90829072369079e-05
0.043315 3.89881748111654e-05
0.0433325 3.88934041041743e-05
0.04335 3.87985951159349e-05
0.0433675 3.87037478464469e-05
0.043385 3.86088622957106e-05
0.0434025 3.85139384637258e-05
0.04342 3.84189763504926e-05
0.0434375 3.83239759560109e-05
0.043455 3.82289372802808e-05
0.0434725 3.81338603233022e-05
0.04349 3.80387450850752e-05
0.0435075 3.79435915655997e-05
0.043525 3.78483997648758e-05
0.0435425 3.77531696829034e-05
0.04356 3.76579013196825e-05
0.0435775 3.75625946752132e-05
0.043595 3.74672497494955e-05
0.0436125 3.73718665425292e-05
0.04363 3.72764450543146e-05
0.0436475 3.71809852848514e-05
0.043665 3.70854872341398e-05
0.0436825 3.69899509021797e-05
0.0437 3.68943762889712e-05
0.0437175 3.67987633945142e-05
0.043735 3.67031122188087e-05
0.0437525 3.66074227618547e-05
0.04377 3.65116950236523e-05
0.0437875 3.64159290042014e-05
0.043805 3.63201247035021e-05
0.0438225 3.62242821215543e-05
0.04384 3.6128401258358e-05
0.0438575 3.60324821139132e-05
0.043875 3.59365246882199e-05
0.0438925 3.58405289812782e-05
0.04391 3.5744494993088e-05
0.0439275 3.56484227236493e-05
0.043945 3.55523121729622e-05
0.0439625 3.54561633410265e-05
0.04398 3.53599762278424e-05
0.0439975 3.52637508334098e-05
0.044015 3.51674871577287e-05
0.0440325 3.5071185200799e-05
0.04405 3.4974844962621e-05
0.0440675 3.48784664431944e-05
0.044085 3.47820496425193e-05
0.0441025 3.46855945605958e-05
0.04412 3.45891011974237e-05
0.0441375 3.44925695530032e-05
0.044155 3.43959996273341e-05
0.0441725 3.42993914204166e-05
0.04419 3.42027449322506e-05
0.0442075 3.4106060162836e-05
0.044225 3.4009337112173e-05
0.0442425 3.39125757802614e-05
0.04426 3.38157761671014e-05
0.0442775 3.37189382726928e-05
0.044295 3.36220620970358e-05
0.0443125 3.35251476401302e-05
0.04433 3.34281949019762e-05
0.0443475 3.33312038825737e-05
0.044365 3.32341745819226e-05
0.0443825 3.3137107000023e-05
0.0444 3.30400011368749e-05
0.0444175 3.29428569924783e-05
0.044435 3.28456745668332e-05
0.0444525 3.27484538599395e-05
0.04447 3.26511948717974e-05
0.0444875 3.25538976024067e-05
0.044505 3.24565620517675e-05
0.0445225 3.23591882198798e-05
0.04454 3.22617761067436e-05
0.0445575 3.21643257123589e-05
0.044575 3.20668370367256e-05
0.0445925 3.19693100798438e-05
0.04461 3.18717448417135e-05
0.0446275 3.17741413223347e-05
0.044645 3.16764995217073e-05
0.0446625 3.15788194398314e-05
0.04468 3.1481101076707e-05
0.0446975 3.13833444323341e-05
0.044715 3.12855495067126e-05
0.0447325 3.11877162998427e-05
0.04475 3.10898448117242e-05
0.0447675 3.09919350423571e-05
0.044785 3.08939869917414e-05
0.0448025 3.07960006598773e-05
0.04482 3.06979760467647e-05
0.0448375 3.05999131524034e-05
0.044855 3.05018119767936e-05
0.0448725 3.04036725199353e-05
0.04489 3.03054947818285e-05
0.0449075 3.02072787624731e-05
0.044925 3.01090244618691e-05
0.0449425 3.00107318800167e-05
0.04496 2.99124010169156e-05
0.0449775 2.9814031872566e-05
0.044995 2.97156244469679e-05
0.0450125 2.96171787401212e-05
0.04503 2.95186947520259e-05
0.0450475 2.94201724826821e-05
0.045065 2.93216119320897e-05
0.0450825 2.92230131002488e-05
0.0451 2.91243759871593e-05
0.0451175 2.90257005928212e-05
0.045135 2.89269869172347e-05
0.0451525 2.88282349603995e-05
0.04517 2.87294447223158e-05
0.0451875 2.86306162029834e-05
0.045205 2.85317494024026e-05
0.0452225 2.84328443205732e-05
0.04524 2.83339009574952e-05
0.0452575 2.82349193131686e-05
0.045275 2.81358993875935e-05
0.0452925 2.80368411807698e-05
0.04531 2.79377446926975e-05
0.0453275 2.78386099233766e-05
0.045345 2.77394368728072e-05
0.0453625 2.76402255409893e-05
0.04538 2.75409759279227e-05
0.0453975 2.74416880336075e-05
0.045415 2.73423618580438e-05
0.0454325 2.72429974012315e-05
0.04545 2.71435946631706e-05
0.0454675 2.70441536438612e-05
0.045485 2.69446743433031e-05
0.0455025 2.68451567614965e-05
0.04552 2.67456008984412e-05
0.0455375 2.66460067541374e-05
0.045555 2.6546374328585e-05
0.0455725 2.6446703621784e-05
0.04559 2.63469946337345e-05
0.0456075 2.62472473644363e-05
0.045625 2.61474618138896e-05
0.0456425 2.60476379820942e-05
0.04566 2.59477758690503e-05
0.0456775 2.58478754747578e-05
0.045695 2.57479367992167e-05
0.0457125 2.56479598424269e-05
0.04573 2.55479446043886e-05
0.0457475 2.54478910851017e-05
0.045765 2.53477992845662e-05
0.0457825 2.5247669202782e-05
0.0458 2.51475008397493e-05
0.0458175 2.5047294195468e-05
0.045835 2.49470492699381e-05
0.0458525 2.48467660631595e-05
0.04587 2.47464445751324e-05
0.0458875 2.46460848058567e-05
0.045905 2.45456867553323e-05
0.0459225 2.44452504235593e-05
0.04594 2.43447758105377e-05
0.0459575 2.42442629162675e-05
0.045975 2.41437117407487e-05
0.0459925 2.40431222839813e-05
0.04601 2.39424945459652e-05
0.0460275 2.38418285267006e-05
0.046045 2.37411242261873e-05
0.0460625 2.36403816444254e-05
0.04608 2.35396007814149e-05
0.0460975 2.34387816371558e-05
0.046115 2.33379242116481e-05
0.0461325 2.32370285048917e-05
0.04615 2.31360945168867e-05
0.0461675 2.30351222476331e-05
0.046185 2.29341116971309e-05
0.0462025 2.283306286538e-05
0.04622 2.27319757523805e-05
0.0462375 2.26308503581324e-05
0.046255 2.25296866826356e-05
0.0462725 2.24284847258903e-05
0.04629 2.23272444878962e-05
0.0463075 2.22259659686536e-05
0.046325 2.21246491681623e-05
0.0463425 2.20232940864224e-05
0.04636 2.19219007234338e-05
0.0463775 2.18204690791967e-05
0.046395 2.17189991537108e-05
0.0464125 2.16174909469764e-05
0.04643 2.15159444589933e-05
0.0464475 2.14143596897616e-05
0.046465 2.13127366392811e-05
0.0464825 2.12110753075521e-05
0.0465 2.11093756945745e-05
0.0465175 2.10076378003482e-05
0.046535 2.09058616248732e-05
0.0465525 2.08040471681496e-05
0.04657 2.07021944301774e-05
0.0465875 2.06003034109564e-05
0.046605 2.04983741104869e-05
0.0466225 2.03964065287687e-05
0.04664 2.02944006658019e-05
0.0466575 2.01923565215863e-05
0.046675 2.00902740961222e-05
0.0466925 1.99881533894094e-05
0.04671 1.98859944014479e-05
0.0467275 1.97837971322378e-05
0.046745 1.9681561581779e-05
0.0467625 1.95792877500715e-05
0.04678 1.94769756371155e-05
0.0467975 1.93746252429107e-05
0.046815 1.92722365674573e-05
0.0468325 1.91698096107552e-05
0.04685 1.90673443728044e-05
0.0468675 1.89648408536051e-05
0.046885 1.8862299053157e-05
0.0469025 1.87597189714602e-05
0.04692 1.86571006085148e-05
0.0469375 1.85544439643208e-05
0.046955 1.8451749038878e-05
0.0469725 1.83490158321866e-05
0.04699 1.82462443442465e-05
0.0470075 1.81434345750577e-05
0.047025 1.80405865246203e-05
0.0470425 1.79377001929342e-05
0.04706 1.78347755799994e-05
0.0470775 1.7731812685816e-05
0.047095 1.76288115103838e-05
0.0471125 1.7525772053703e-05
0.04713 1.74226943157735e-05
0.0471475 1.73195782965953e-05
0.047165 1.72164239961685e-05
0.0471825 1.71132314144929e-05
0.0472 1.70100005515688e-05
0.0472175 1.69067314073958e-05
0.047235 1.68034239819742e-05
0.0472525 1.6700078275304e-05
0.04727 1.6596694287385e-05
0.0472875 1.64932720182173e-05
0.047305 1.6389811467801e-05
0.0473225 1.62863126361359e-05
0.04734 1.61827755232222e-05
0.0473575 1.60792001290598e-05
0.047375 1.59755864536487e-05
0.0473925 1.58719344969888e-05
0.04741 1.57682442590803e-05
0.0474275 1.56645157399231e-05
0.047445 1.55607489395172e-05
0.0474625 1.54569438578626e-05
0.04748 1.53531004949593e-05
0.0474975 1.52492188508073e-05
0.047515 1.51452989254066e-05
0.0475325 1.50413407187571e-05
0.04755 1.4937344230859e-05
0.0475675 1.48333094617122e-05
0.047585 1.47292364113167e-05
0.0476025 1.46251250796724e-05
0.04762 1.45209754667795e-05
0.0476375 1.44167875726379e-05
0.047655 1.43125613972475e-05
0.0476725 1.42082969406084e-05
0.04769 1.41039942027207e-05
0.0477075 1.39996531835842e-05
0.047725 1.3895273883199e-05
0.0477425 1.37908563015651e-05
0.04776 1.36864004386824e-05
0.0477775 1.35819062945511e-05
0.047795 1.3477373869171e-05
0.0478125 1.33728031625423e-05
0.04783 1.32681941746648e-05
0.0478475 1.31635469055386e-05
0.047865 1.30588613551636e-05
0.0478825 1.295413752354e-05
0.0479 1.28493754106676e-05
0.0479175 1.27445750165465e-05
0.047935 1.26397363411767e-05
0.0479525 1.25348593845582e-05
0.04797 1.24299441466909e-05
0.0479875 1.23249906275749e-05
0.048005 1.22199988272102e-05
0.0480225 1.21149687455968e-05
0.04804 1.20099003827346e-05
0.0480575 1.19047937386237e-05
0.048075 1.17996488132641e-05
0.0480925 1.16944656066557e-05
0.04811 1.15892441187986e-05
0.0481275 1.14839843496928e-05
0.048145 1.13786862993383e-05
0.0481625 1.1273349967735e-05
0.04818 1.1167975354883e-05
0.0481975 1.10625624607822e-05
0.048215 1.09571112854327e-05
0.0482325 1.08516218288344e-05
0.04825 1.07460940909875e-05
0.0482675 1.06405280718917e-05
0.048285 1.05349237715473e-05
0.0483025 1.04292811899541e-05
0.04832 1.03236003271122e-05
0.0483375 1.02178811830214e-05
0.048355 1.0112123757682e-05
0.0483725 1.00063280510939e-05
0.04839 9.90049406325692e-06
0.0484075 9.79462179417122e-06
0.048425 9.68871124383682e-06
0.0484425 9.58276241225367e-06
0.04846 9.47677529942172e-06
0.0484775 9.37074990534102e-06
0.048495 9.26468623001161e-06
0.0485125 9.15858427343345e-06
0.04853 9.05244403560649e-06
0.0485475 8.94626551653077e-06
0.048565 8.84004871620634e-06
0.0485825 8.73379363463316e-06
0.0486 8.62750027181117e-06
0.0486175 8.52116862774047e-06
0.048635 8.41479870242097e-06
0.0486525 8.30839049585275e-06
0.04867 8.20194400803576e-06
0.0486875 8.09545923896997e-06
0.048705 7.98893618865542e-06
0.0487225 7.88237485709214e-06
0.04874 7.77577524428009e-06
0.0487575 7.66913735021924e-06
0.048775 7.56246117490962e-06
0.0487925 7.45574671835127e-06
0.04881 7.34899398054415e-06
0.0488275 7.24220296148822e-06
0.048845 7.13537366118352e-06
0.0488625 7.02850607963009e-06
0.04888 6.92160021682789e-06
0.0488975 6.81465607277687e-06
0.048915 6.70767364747708e-06
0.0489325 6.60065294092856e-06
0.04895 6.49359395313126e-06
0.0489675 6.38649668408519e-06
0.048985 6.27936113379025e-06
0.0490025 6.17218730224662e-06
0.04902 6.06497518945421e-06
0.0490375 5.95772479541302e-06
0.049055 5.85043612012301e-06
0.0490725 5.74310916358421e-06
0.04909 5.63574392579668e-06
0.0491075 5.52834040676036e-06
0.049125 5.42089860647522e-06
0.0491425 5.31341852494129e-06
0.04916 5.20590016215862e-06
0.0491775 5.09834351812716e-06
0.049195 4.99074859284687e-06
0.0492125 4.88311538631779e-06
0.04923 4.77544389853997e-06
0.0492475 4.66773412951335e-06
0.049265 4.5599860792379e-06
0.0492825 4.45219974771366e-06
0.0493 4.34437513494067e-06
0.0493175 4.23651224091888e-06
0.049335 4.1286110656483e-06
0.0493525 4.02067160912883e-06
0.04937 3.91269387136066e-06
0.0493875 3.80467785234368e-06
0.049405 3.69662355207791e-06
0.0494225 3.58853097056325e-06
0.04944 3.48040010779989e-06
0.0494575 3.37223096378771e-06
0.049475 3.26402353852674e-06
0.0494925 3.15577783201688e-06
0.04951 3.0474938442583e-06
0.0495275 2.93917157525092e-06
0.049545 2.83081102499473e-06
0.0495625 2.7224121934897e-06
0.04958 2.61397508073586e-06
0.0495975 2.50549968673325e-06
0.049615 2.39698601148183e-06
0.0496325 2.28843405498157e-06
0.04965 2.17984381723249e-06
0.0496675 2.07121529823464e-06
0.049685 1.96254849798798e-06
0.0497025 1.85384341649251e-06
0.04972 1.74510005374814e-06
0.0497375 1.63631840975505e-06
0.049755 1.52749848451313e-06
0.0497725 1.41864027802241e-06
0.04979 1.30974379028277e-06
0.0498075 1.20080902129441e-06
0.049825 1.09183597105723e-06
0.0498425 9.8282463957123e-07
0.04986 8.73775026836322e-07
0.0498775 7.6468713285268e-07
0.049895 6.55560957620216e-07
0.0499125 5.4639650113893e-07
0.04993 4.37193763408733e-07
0.0499475 3.27952744429799e-07
0.049965 2.1867344420204e-07
0.0499825 1.09355862725455e-07
0.05 0
