0 0.000198460583304191
0.00015 0.000198449333304191
0.0003 0.000198430583304191
0.00045 0.000198401333304191
0.0006 0.000198361154732762
0.00075 0.000198309904732762
0.0009 0.000198247518369126
0.00105 0.000198173960676818
0.0012 0.000198089210676818
0.00135 0.000197993254794465
0.0015 0.000197886083741834
0.00165 0.000197767690884691
0.0018 0.000197638071319473
0.00195 0.000197497221319473
0.0021 0.00019734513798614
0.00225 0.000197181819020623
0.0024 0.00019700726256901
0.00255 0.000196821467114464
0.0027 0.000196624431400179
0.00285 0.000196416154373152
0.003 0.000196196635142382
0.00315 0.00019596587294726
0.0033 0.000195723867133307
0.00345 0.000195470617133307
0.0036 0.000195206122452456
0.00375 0.000194930382656537
0.0039 0.00019464339736242
0.00405 0.000194345166230344
0.0042 0.000194035688957617
0.00435 0.000193714965273406
0.0045 0.000193382994934423
0.00465 0.000193039777721308
0.0048 0.000192685313435594
0.00495 0.000192319601897132
0.0051 0.000191942642941908
0.00525 0.000191554436420169
0.0054 0.000191154982194817
0.00555 0.000190744280140023
0.0057 0.000190322330140023
0.00585 0.000189889132088074
0.006 0.000189444685885543
0.00615 0.000188988991441098
0.0063 0.000188522048670014
0.00645 0.000188043857493543
0.0066 0.000187554417838371
0.00675 0.000187053729636124
0.0069 0.000186541792822937
0.00705 0.000186018607339066
0.0072 0.00018548417312854
0.00735 0.000184938490138849
0.0075 0.000184381558320667
0.00765 0.000183813377627598
0.0078 0.000183233948015948
0.00795 0.000182643269444519
0.0081 0.000182041341874426
0.00825 0.000181428165268921
0.0084 0.000180803739593246
0.00855 0.000180168064814485
0.0087 0.000179521140901441
0.00885 0.000178862967824518
0.009 0.000178193545555611
0.00915 0.000177512874068008
0.0093 0.0001768209533363
0.00945 0.0001761177833363
0.0096 0.000175403364044962
0.00975 0.000174677695440311
0.0099 0.00017394077750138
0.01005 0.000173192610208147
0.0102 0.00017243319354148
0.01035 0.000171662527483086
0.0105 0.00017088061201546
0.01065 0.000170087447121843
0.0108 0.000169283032786179
0.01095 0.000168467368993076
0.0111 0.00016764045572777
0.01125 0.000166802292976092
0.0114 0.000165952880724437
0.01155 0.000165092218959731
0.0117 0.000164220307669409
0.01185 0.000163337146841383
0.012 0.000162442736464025
0.01215 0.000161537076526137
0.0123 0.000160620167016935
0.01245 0.000159692007926026
0.0126 0.000158752599243391
0.01275 0.000157801940959368
0.0129 0.000156840033064631
0.01305 0.00015586687555018
0.0132 0.000154882468407323
0.01335 0.000153886811627662
0.0135 0.000152879905203081
0.01365 0.000151861749125733
0.0138 0.000150832343388028
0.01395 0.000149791687982623
0.0141 0.000148739782902409
0.01425 0.000147676628140505
0.0144 0.000146602223690243
0.01455 0.000145516569545165
0.0147 0.000144419665699012
0.01485 0.000143311512145712
0.015 0.000142192108879381
0.01535 0.000141528114336547
0.0157 0.000140848809284212
0.01605 0.000140154193634606
0.0164 0.000139444267305638
0.01675 0.00013871903022042
0.0171 0.00013797848230683
0.01745 0.000137222623497134
0.0178 0.000136451453727631
0.01815 0.00013566497293834
0.0185 0.00013486318107272
0.01885 0.000134046078077405
0.0192 0.000133213663901978
0.01955 0.000132365938498752
0.0199 0.00013150290182258
0.02025 0.000130624553830675
0.0206 0.00012973089448245
0.02095 0.000128821923739369
0.0213 0.000127897641564813
0.02165 0.000126958047923951
0.022 0.000126003142783631
0.02235 0.000125032926112266
0.0227 0.000124047397879747
0.02305 0.000123046558057342
0.0234 0.000122030406617622
0.02375 0.000120998943534377
0.0241 0.000119952168782548
0.02445 0.000118890082338161
0.0248 0.000117812684178263
0.02515 0.000116719974280865
0.0255 0.000115611952624893
0.02585 0.000114488619190131
0.0262 0.000113349973957182
0.02655 0.000112196016907419
0.0269 0.000111026748022947
0.02725 0.000109842167286567
0.0276 0.000108642274681736
0.02795 0.000107427070192537
0.0283 0.000106196553803648
0.02865 0.000104950725500312
0.029 0.000103689585268308
0.02935 0.000102413133093929
0.0297 0.000101121368963955
0.03005 9.98142928656283e-05
0.0304 9.84919047866373e-05
0.03075 9.71542047150918e-05
0.0311 9.58011926395056e-05
0.03145 9.44328685487781e-05
0.0318 9.30492324321772e-05
0.03215 9.16502842793233e-05
0.0325 9.02360240801739e-05
0.03285 8.88064518250093e-05
0.0332 8.73615675044186e-05
0.03355 8.59013711092874e-05
0.0339 8.44258626307847e-05
0.03425 8.29350420603517e-05
0.0346 8.14289093896906e-05
0.03495 7.99074646107545e-05
0.0353 7.83707077157366e-05
0.03565 7.68186386970614e-05
0.036 7.52512575473753e-05
0.03635 7.36685642595383e-05
0.0367 7.20705588266156e-05
0.03705 7.04572412418697e-05
0.0374 6.88286114987534e-05
0.03775 6.71846695909024e-05
0.0381 6.55254155121284e-05
0.03845 6.38508492564131e-05
0.0388 6.21609708179016e-05
0.03915 6.0455780190897e-05
0.0395 5.87352773698543e-05
0.03985 5.69994623493753e-05
0.0402 5.52483351242035e-05
0.04055 5.34818956892188e-05
0.0409 5.17001440394335e-05
0.04125 4.99030801699872e-05
0.0416 4.80907040761428e-05
0.04195 4.62630157532821e-05
0.0423 4.44200151969021e-05
0.04265 4.25617024026113e-05
0.043 4.06880773661254e-05
0.04335 3.87991400832649e-05
0.0437 3.68948905499506e-05
0.04405 3.49753287622011e-05
0.0444 3.30404547161298e-05
0.04475 3.10902684079412e-05
0.0451 2.91247698339289e-05
0.04545 2.71439589904721e-05
0.0458 2.51478358740336e-05
0.04615 2.31364004811569e-05
0.0465 2.11096528084639e-05
0.04685 1.90675928526523e-05
0.0472 1.70102206104938e-05
0.04755 1.49375360788314e-05
0.0479 1.28495392545777e-05
0.04825 1.07462301347128e-05
0.0486 8.6276087162821e-06
0.04895 6.49367499639472e-06
0.0493 4.3444289722216e-06
0.04965 2.17987064099361e-06
0.05 0
