0 0.000198437795593668
1.5e-05 0.000198437683093668
3e-05 0.000198437495593668
4.5e-05 0.000198437203093668
6e-05 0.000198436801307953
7.5e-05 0.000198436288807953
9e-05 0.000198435664944317
0.000105 0.000198434929367394
0.00012 0.000198434081867394
0.000135 0.00019843312230857
0.00015 0.000198432050598044
0.000165 0.000198430866669472
0.00018 0.00019842957047382
0.000195 0.00019842816197382
0.00021 0.000198426641140487
0.000225 0.000198425007950832
0.00024 0.000198423262386316
0.000255 0.00019842140443177
0.00027 0.000198419434074627
0.000285 0.000198417351304357
0.0003 0.000198415156112049
0.000315 0.000198412848490098
0.00033 0.000198410428431959
0.000345 0.000198407895931959
0.00036 0.00019840525098515
0.000375 0.000198402493587191
0.00039 0.00019839962373425
0.000405 0.00019839664142293
0.00042 0.000198393546650202
0.000435 0.00019839033941336
0.00045 0.000198387019709971
0.000465 0.00019838358753784
0.00048 0.000198380042894983
0.000495 0.000198376385779598
0.00051 0.000198372616190046
0.000525 0.000198368734124829
0.00054 0.000198364739582575
0.000555 0.000198360632562027
0.00057 0.000198356413062027
0.000585 0.000198352081081508
0.0006 0.000198347636619483
0.000615 0.000198343079675039
0.00063 0.000198338410247328
0.000645 0.000198333628335564
0.00066 0.000198328733939012
0.000675 0.00019832372705699
0.00069 0.000198318607688858
0.000705 0.000198313375834019
0.00072 0.000198308031491914
0.000735 0.000198302574662017
0.00075 0.000198297005343836
0.000765 0.000198291323536905
0.00078 0.000198285529240789
0.000795 0.000198279622455075
0.00081 0.000198273603179374
0.000825 0.000198267471413319
0.00084 0.000198261227156563
0.000855 0.000198254870408775
0.00087 0.000198248401169645
0.000885 0.000198241819438876
0.0009 0.000198235125216187
0.000915 0.000198228318501311
0.00093 0.000198221399293994
0.000945 0.000198214367593994
0.00096 0.000198207223401081
0.000975 0.000198199966715035
0.00099 0.000198192597535645
0.001005 0.000198185115862713
0.00102 0.000198177521696047
0.001035 0.000198169815035463
0.00105 0.000198161995880787
0.001065 0.000198154064231851
0.00108 0.000198146020088494
0.001095 0.000198137863450564
0.00111 0.000198129594317911
0.001125 0.000198121212690394
0.00114 0.000198112718567878
0.001155 0.000198104111950231
0.00117 0.000198095392837328
0.001185 0.000198086561229048
0.0012 0.000198077617125275
0.001215 0.000198068560525896
0.00123 0.000198059391430804
0.001245 0.000198050109839896
0.00126 0.00019804071575307
0.001275 0.000198031209170229
0.00129 0.000198021590091282
0.001305 0.000198011858516138
0.00132 0.00019800201444471
0.001335 0.000197992057876913
0.00135 0.000197981988812668
0.001365 0.000197971807251895
0.00138 0.000197961513194518
0.001395 0.000197951106640464
0.00141 0.000197940587589662
0.001425 0.000197929956042043
0.00144 0.00019791921199754
0.001455 0.00019790835545609
0.00147 0.000197897386417628
0.001485 0.000197886304882095
0.0015 0.000197875110849432
0.001515 0.000197863804319581
0.00153 0.000197852385292488
0.001545 0.000197840853768097
0.00156 0.000197829209746358
0.001575 0.00019781745322722
0.00159 0.000197805584210632
0.001605 0.000197793602696548
0.00162 0.00019778150868492
0.001635 0.000197769302175703
0.00165 0.000197756983168854
0.001665 0.000197744551664329
0.00168 0.000197732007662087
0.001695 0.000197719351162087
0.00171 0.00019770658216429
0.001725 0.000197693700668657
0.00174 0.000197680706675151
0.001755 0.000197667600183734
0.00177 0.000197654381194373
0.001785 0.000197641049707031
0.0018 0.000197627605721675
0.001815 0.000197614049238273
0.00183 0.000197600380256791
0.001845 0.0001975865987772
0.00186 0.000197572704799467
0.001875 0.000197558698323563
0.00189 0.00019754457934946
0.001905 0.000197530347877128
0.00192 0.00019751600390654
0.001935 0.000197501547437668
0.00195 0.000197486978470486
0.001965 0.000197472297004969
0.00198 0.000197457503041091
0.001995 0.000197442596578827
0.00201 0.000197427577618153
0.002025 0.000197412446159045
0.00204 0.000197397202201481
0.002055 0.000197381845745437
0.00207 0.000197366376790891
0.002085 0.000197350795337823
0.0021 0.00019733510138621
0.002115 0.000197319294936032
0.00213 0.000197303375987269
0.002145 0.0001972873445399
0.00216 0.000197271200593907
0.002175 0.000197254944149271
0.00219 0.000197238575205972
0.002205 0.000197222093763992
0.00222 0.000197205499823314
0.002235 0.000197188793383921
0.00225 0.000197171974445794
0.002265 0.000197155043008917
0.00228 0.000197137999073273
0.002295 0.000197120842638847
0.00231 0.000197103573705622
0.002325 0.000197086192273584
0.00234 0.000197068698342716
0.002355 0.000197051091913003
0.00237 0.000197033372984432
0.002385 0.000197015541556987
0.0024 0.000196997597630655
0.002415 0.000196979541205422
0.00243 0.000196961372281273
0.002445 0.000196943090858197
0.00246 0.000196924696936179
0.002475 0.000196906190515206
0.00249 0.000196887571595267
0.002505 0.000196868840176348
0.00252 0.000196849996258438
0.002535 0.000196831039841524
0.00255 0.000196811970925595
0.002565 0.000196792789510639
0.00258 0.000196773495596645
0.002595 0.000196754089183602
0.00261 0.000196734570271498
0.002625 0.000196714938860323
0.00264 0.000196695194950067
0.002655 0.000196675338540719
0.00267 0.000196655369632268
0.002685 0.000196635288224706
0.0027 0.00019661509431802
0.002715 0.000196594787912203
0.00273 0.000196574369007245
0.002745 0.000196553837603135
0.00276 0.000196533193699866
0.002775 0.000196512437297427
0.00279 0.00019649156839581
0.002805 0.000196470586995006
0.00282 0.000196449493095006
0.002835 0.000196428286695802
0.00285 0.000196406967797385
0.002865 0.000196385536399747
0.00288 0.000196363992502881
0.002895 0.000196342336106777
0.00291 0.000196320567211428
0.002925 0.000196298685816827
0.00294 0.000196276691922965
0.002955 0.000196254585529835
0.00297 0.00019623236663743
0.002985 0.000196210035245743
0.003 0.000196187591354765
0.003015 0.000196165034964491
0.00303 0.000196142366074913
0.003045 0.000196119584686024
0.00306 0.000196096690797818
0.003075 0.000196073684410288
0.00309 0.000196050565523427
0.003105 0.000196027334137228
0.00312 0.000196003990251686
0.003135 0.000195980533866794
0.00315 0.000195956964982546
0.003165 0.000195933283598936
0.00318 0.000195909489715957
0.003195 0.000195885583333604
0.00321 0.000195861564451871
0.003225 0.000195837433070753
0.00324 0.000195813189190242
0.003255 0.000195788832810335
0.00327 0.000195764363931025
0.003285 0.000195739782552306
0.0033 0.000195715088674174
0.003315 0.000195690282296623
0.00333 0.000195665363419648
0.003345 0.000195640332043244
0.00336 0.000195615188167405
0.003375 0.000195589931792127
0.00339 0.000195564562917404
0.003405 0.000195539081543232
0.00342 0.000195513487669606
0.003435 0.00019548778129652
0.00345 0.000195461962423972
0.003465 0.000195436031051954
0.00348 0.000195409987180464
0.003495 0.000195383830809497
0.00351 0.000195357561939047
0.003525 0.000195331180569111
0.00354 0.000195304686699685
0.003555 0.000195278080330763
0.00357 0.000195251361462342
0.003585 0.000195224530094418
0.0036 0.000195197586226986
0.003615 0.000195170529860042
0.00363 0.000195143360993583
0.003645 0.000195116079627603
0.00366 0.000195088685762101
0.003675 0.00019506117939707
0.00369 0.000195033560532508
0.003705 0.000195005829168411
0.00372 0.000194977985304775
0.003735 0.000194950028941596
0.00375 0.00019492196007887
0.003765 0.000194893778716595
0.00378 0.000194865484854766
0.003795 0.00019483707849338
0.00381 0.000194808559632434
0.003825 0.000194779928271923
0.00384 0.000194751184411845
0.003855 0.000194722328052196
0.00387 0.000194693359192973
0.003885 0.000194664277834172
0.0039 0.000194635083975791
0.003915 0.000194605777617826
0.00393 0.000194576358760273
0.003945 0.000194546827403131
0.00396 0.000194517183546395
0.003975 0.000194487427190062
0.00399 0.00019445755833413
0.004005 0.000194427576978596
0.00402 0.000194397483123456
0.004035 0.000194367276768707
0.00405 0.000194336957914347
0.004065 0.000194306526560373
0.00408 0.000194275982706783
0.004095 0.000194245326353572
0.00411 0.000194214557500738
0.004125 0.000194183676148279
0.00414 0.000194152682296192
0.004155 0.000194121575944475
0.00417 0.000194090357093123
0.004185 0.000194059025742136
0.0042 0.00019402758189151
0.004215 0.000193996025541243
0.00423 0.000193964356691332
0.004245 0.000193932575341775
0.00426 0.000193900681492568
0.004275 0.000193868675143711
0.00429 0.0001938365562952
0.004305 0.000193804324947032
0.00432 0.000193771981099206
0.004335 0.00019373952475172
0.00435 0.00019370695590457
0.004365 0.000193674274557754
0.00438 0.00019364148071127
0.004395 0.000193608574365117
0.00441 0.00019357555551929
0.004425 0.00019354242417379
0.00444 0.000193509180328612
0.004455 0.000193475823983756
0.00447 0.000193442355139218
0.004485 0.000193408773794997
0.0045 0.000193375079951091
0.004515 0.000193341273607497
0.00453 0.000193307354764214
0.004545 0.000193273323421239
0.00456 0.00019323917957857
0.004575 0.000193204923236206
0.00459 0.000193170554394144
0.004605 0.000193136073052382
0.00462 0.000193101479210919
0.004635 0.000193066772869752
0.00465 0.00019303195402888
0.004665 0.000192997022688301
0.00468 0.000192961978848012
0.004695 0.000192926822508012
0.00471 0.0001928915536683
0.004725 0.000192856172328872
0.00474 0.000192820678489728
0.004755 0.000192785072150866
0.00477 0.000192749353312283
0.004785 0.000192713521973979
0.0048 0.000192677578135951
0.004815 0.000192641521798198
0.00483 0.000192605352960717
0.004845 0.000192569071623508
0.00486 0.000192532677786569
0.004875 0.000192496171449897
0.00489 0.000192459552613492
0.004905 0.000192422821277351
0.00492 0.000192385977441474
0.004935 0.000192349021105857
0.00495 0.000192311952270501
0.004965 0.000192274770935403
0.00498 0.000192237477100562
0.004995 0.000192200070765975
0.00501 0.000192162551931643
0.005025 0.000192124920597562
0.00504 0.000192087176763732
0.005055 0.000192049320430151
0.00507 0.000192011351596818
0.005085 0.000191973270263731
0.0051 0.000191935076430889
0.005115 0.00019189677009829
0.00513 0.000191858351265933
0.005145 0.000191819819933816
0.00516 0.000191781176101939
0.005175 0.000191742419770299
0.00519 0.000191703550938895
0.005205 0.000191664569607727
0.00522 0.000191625475776792
0.005235 0.000191586269446089
0.00525 0.000191546950615617
0.005265 0.000191507519285375
0.00528 0.000191467975455361
0.005295 0.000191428319125574
0.00531 0.000191388550296012
0.005325 0.000191348668966675
0.00534 0.000191308675137562
0.005355 0.00019126856880867
0.00537 0.000191228349979999
0.005385 0.000191188018651547
0.0054 0.000191147574823314
0.005415 0.000191107018495297
0.00543 0.000191066349667496
0.005445 0.000191025568339911
0.00546 0.000190984674512538
0.005475 0.000190943668185378
0.00549 0.000190902549358428
0.005505 0.000190861318031689
0.00552 0.000190819974205159
0.005535 0.000190778517878836
0.00555 0.00019073694905272
0.005565 0.000190695267726809
0.00558 0.000190653473901103
0.005595 0.0001906115675756
0.00561 0.000190569548750299
0.005625 0.000190527417425199
0.00564 0.000190485173600299
0.005655 0.000190442817275598
0.00567 0.000190400348451095
0.005685 0.000190357767126788
0.0057 0.000190315073302678
0.005715 0.000190272266978762
0.00573 0.00019022934815504
0.005745 0.000190186316831511
0.00576 0.000190143173008173
0.005775 0.000190099916685027
0.00579 0.00019005654786207
0.005805 0.000190013066539302
0.00582 0.000189969472716721
0.005835 0.000189925766394327
0.00585 0.00018988194757212
0.005865 0.000189838016250097
0.00588 0.000189793972428258
0.005895 0.000189749816106602
0.00591 0.000189705547285128
0.005925 0.000189661165963836
0.00594 0.000189616672142723
0.005955 0.00018957206582179
0.00597 0.000189527347001036
0.005985 0.000189482515680459
0.006 0.000189437571860058
0.006015 0.000189392515539834
0.00603 0.000189347346719784
0.006045 0.000189302065399908
0.00606 0.000189256671580206
0.006075 0.000189211165260676
0.00609 0.000189165546441317
0.006105 0.000189119815122129
0.00612 0.000189073971303111
0.006135 0.000189028014984262
0.00615 0.000188981946165581
0.006165 0.000188935764847067
0.00618 0.000188889471028719
0.006195 0.000188843064710538
0.00621 0.000188796545892521
0.006225 0.000188749914574668
0.00624 0.000188703170756979
0.006255 0.000188656314439452
0.00627 0.000188609345622087
0.006285 0.000188562264304883
0.0063 0.000188515070487839
0.006315 0.000188467764170954
0.00633 0.000188420345354228
0.006345 0.00018837281403766
0.00636 0.00018832517022125
0.006375 0.000188277413904995
0.00639 0.000188229545088897
0.006405 0.000188181563772953
0.00642 0.000188133469957164
0.006435 0.000188085263641528
0.00645 0.000188036944826045
0.006465 0.000187988513510714
0.00648 0.000187939969695535
0.006495 0.000187891313380506
0.00651 0.000187842544565627
0.006525 0.000187793663250898
0.00654 0.000187744669436317
0.006555 0.000187695563121884
0.00657 0.000187646344307599
0.006585 0.00018759701299346
0.0066 0.000187547569179467
0.006615 0.000187498012865619
0.00663 0.000187448344051916
0.006645 0.000187398562738357
0.00666 0.000187348668924941
0.006675 0.000187298662611668
0.00669 0.000187248543798536
0.006705 0.000187198312485547
0.00672 0.000187147968672698
0.006735 0.000187097512359989
0.00675 0.000187046943547419
0.006765 0.000186996262234989
0.00678 0.000186945468422696
0.006795 0.000186894562110542
0.00681 0.000186843543298524
0.006825 0.000186792411986643
0.00684 0.000186741168174898
0.006855 0.000186689811863288
0.00687 0.000186638343051813
0.006885 0.000186586761740471
0.0069 0.000186535067929264
0.006915 0.000186483261618189
0.00693 0.000186431342807246
0.006945 0.000186379311496436
0.00696 0.000186327167685756
0.006975 0.000186274911375207
0.00699 0.000186222542564789
0.007005 0.000186170061254499
0.00702 0.000186117467444339
0.007035 0.000186064761134307
0.00705 0.000186011942324403
0.007065 0.000185959011014626
0.00708 0.000185905967204976
0.007095 0.000185852810895453
0.00711 0.000185799542086055
0.007125 0.000185746160776782
0.00714 0.000185692666967634
0.007155 0.00018563906065861
0.00717 0.00018558534184971
0.007185 0.000185531510540932
0.0072 0.000185477566732278
0.007215 0.000185423510423745
0.00723 0.000185369341615334
0.007245 0.000185315060307044
0.00726 0.000185260666498874
0.007275 0.000185206160190825
0.00729 0.000185151541382895
0.007305 0.000185096810075084
0.00732 0.000185041966267392
0.007335 0.000184987009959818
0.00735 0.000184931941152362
0.007365 0.000184876759845023
0.00738 0.0001848214660378
0.007395 0.000184766059730694
0.00741 0.000184710540923703
0.007425 0.000184654909616827
0.00744 0.000184599165810067
0.007455 0.00018454330950342
0.00747 0.000184487340696888
0.007485 0.000184431259390469
0.0075 0.000184375065584163
0.007515 0.000184318759277969
0.00753 0.000184262340471887
0.007545 0.000184205809165918
0.00756 0.000184149165360059
0.007575 0.000184092409054311
0.00759 0.000184035540248673
0.007605 0.000183978558943145
0.00762 0.000183921465137726
0.007635 0.000183864258832417
0.00765 0.000183806940027216
0.007665 0.000183749508722123
0.00768 0.000183691964917138
0.007695 0.00018363430861226
0.00771 0.000183576539807489
0.007725 0.000183518658502825
0.00774 0.000183460664698266
0.007755 0.000183402558393813
0.00777 0.000183344339589466
0.007785 0.000183286008285223
0.0078 0.000183227564481084
0.007815 0.00018316900817705
0.00783 0.000183110339373119
0.007845 0.000183051558069292
0.00786 0.000182992664265567
0.007875 0.000182933657961945
0.00789 0.000182874539158424
0.007905 0.000182815307855006
0.00792 0.000182755964051688
0.007935 0.000182696507748472
0.00795 0.000182636938945356
0.007965 0.00018257725764234
0.00798 0.000182517463839424
0.007995 0.000182457557536607
0.00801 0.00018239753873389
0.008025 0.000182337407431271
0.00804 0.00018227716362875
0.008055 0.000182216807326327
0.00807 0.000182156338524002
0.008085 0.000182095757221773
0.0081 0.000182035063419642
0.008115 0.000181974257117607
0.00813 0.000181913338315668
0.008145 0.000181852307013825
0.00816 0.000181791163212077
0.008175 0.000181729906910425
0.00819 0.000181668538108867
0.008205 0.000181607056807403
0.00822 0.000181545463006034
0.008235 0.000181483756704758
0.00825 0.000181421937903575
0.008265 0.000181360006602485
0.00828 0.000181297962801488
0.008295 0.000181235806500584
0.00831 0.000181173537699771
0.008325 0.00018111115639905
0.00834 0.00018104866259842
0.008355 0.000180986056297881
0.00837 0.000180923337497433
0.008385 0.000180860506197075
0.0084 0.000180797562396807
0.008415 0.000180734506096629
0.00843 0.00018067133729654
0.008445 0.000180608055996541
0.00846 0.00018054466219663
0.008475 0.000180481155896807
0.00849 0.000180417537097073
0.008505 0.000180353805797426
0.00852 0.000180289961997867
0.008535 0.000180226005698395
0.00855 0.00018016193689901
0.008565 0.000180097755599711
0.00858 0.000180033461800499
0.008595 0.000179969055501373
0.00861 0.000179904536702332
0.008625 0.000179839905403377
0.00864 0.000179775161604506
0.008655 0.000179710305305721
0.00867 0.00017964533650702
0.008685 0.000179580255208403
0.0087 0.00017951506140987
0.008715 0.00017944975511142
0.00873 0.000179384336313054
0.008745 0.000179318805014771
0.00876 0.000179253161216571
0.008775 0.000179187404918453
0.00879 0.000179121536120418
0.008805 0.000179055554822464
0.00882 0.000178989461024592
0.008835 0.000178923254726801
0.00885 0.000178856935929091
0.008865 0.000178790504631462
0.00888 0.000178723960833914
0.008895 0.000178657304536446
0.00891 0.000178590535739058
0.008925 0.000178523654441749
0.00894 0.00017845666064452
0.008955 0.000178389554347371
0.00897 0.0001783223355503
0.008985 0.000178255004253308
0.009 0.000178187560456394
0.009015 0.000178120004159558
0.00903 0.0001780523353628
0.009045 0.00017798455406612
0.00906 0.000177916660269517
0.009075 0.000177848653972991
0.00909 0.000177780535176542
0.009105 0.000177712303880169
0.00912 0.000177643960083873
0.009135 0.000177575503787653
0.00915 0.000177506934991509
0.009165 0.00017743825369544
0.00918 0.000177369459899447
0.009195 0.000177300553603529
0.00921 0.000177231534807685
0.009225 0.000177162403511917
0.00924 0.000177093159716222
0.009255 0.000177023803420602
0.00927 0.000176954334625056
0.009285 0.000176884753329583
0.0093 0.000176815059534184
0.009315 0.000176745253238857
0.00933 0.000176675334443604
0.009345 0.000176605303148423
0.00936 0.000176535159353315
0.009375 0.000176464903058279
0.00939 0.000176394534263315
0.009405 0.000176324052968423
0.00942 0.000176253459173603
0.009435 0.000176182752878853
0.00945 0.000176111934084175
0.009465 0.000176041002789568
0.00948 0.000175969958995031
0.009495 0.000175898802700565
0.00951 0.000175827533906169
0.009525 0.000175756152611843
0.00954 0.000175684658817587
0.009555 0.0001756130525234
0.00957 0.000175541333729282
0.009585 0.000175469502435234
0.0096 0.000175397558641254
0.009615 0.000175325502347344
0.00963 0.000175253333553501
0.009645 0.000175181052259727
0.00966 0.000175108658466021
0.009675 0.000175036152172383
0.00969 0.000174963533378812
0.009705 0.000174890802085309
0.00972 0.000174817958291872
0.009735 0.000174745001998503
0.00975 0.000174671933205201
0.009765 0.000174598751911965
0.00978 0.000174525458118796
0.009795 0.000174452051825692
0.00981 0.000174378533032655
0.009825 0.000174304901739683
0.00984 0.000174231157946777
0.009855 0.000174157301653937
0.00987 0.000174083332861161
0.009885 0.00017400925156845
0.0099 0.000173935057775805
0.009915 0.000173860751483223
0.00993 0.000173786332690707
0.009945 0.000173711801398254
0.00996 0.000173637157605865
0.009975 0.00017356240131354
0.00999 0.000173487532521279
0.010005 0.000173412551229081
0.01002 0.000173337457436946
0.010035 0.000173262251144875
0.01005 0.000173186932352866
0.010065 0.00017311150106092
0.01008 0.000173035957269036
0.010095 0.000172960300977214
0.01011 0.000172884532185455
0.010125 0.000172808650893758
0.01014 0.000172732657102122
0.010155 0.000172656550810548
0.01017 0.000172580332019035
0.010185 0.000172504000727583
0.0102 0.000172427556936193
0.010215 0.000172351000644863
0.01023 0.000172274331853594
0.010245 0.000172197550562385
0.01026 0.000172120656771237
0.010275 0.000172043650480148
0.01029 0.00017196653168912
0.010305 0.000171889300398151
0.01032 0.000171811956607242
0.010335 0.000171734500316393
0.01035 0.000171656931525602
0.010365 0.000171579250234871
0.01038 0.000171501456444199
0.010395 0.000171423550153585
0.01041 0.00017134553136303
0.010425 0.000171267400072534
0.01044 0.000171189156282095
0.010455 0.000171110799991715
0.01047 0.000171032331201392
0.010485 0.000170953749911128
0.0105 0.00017087505612092
0.010515 0.000170796249830771
0.01053 0.000170717331040678
0.010545 0.000170638299750642
0.01056 0.000170559155960664
0.010575 0.000170479899670742
0.01059 0.000170400530880877
0.010605 0.000170321049591068
0.01062 0.000170241455801315
0.010635 0.000170161749511619
0.01065 0.000170081930721979
0.010665 0.000170001999432394
0.01068 0.000169921955642865
0.010695 0.000169841799353391
0.01071 0.000169761530563973
0.010725 0.00016968114927461
0.01074 0.000169600655485302
0.010755 0.000169520049196049
0.01077 0.00016943933040685
0.010785 0.000169358499117707
0.0108 0.000169277555328617
0.010815 0.000169196499039582
0.01083 0.000169115330250601
0.010845 0.000169034048961673
0.01086 0.0001689526551728
0.010875 0.00016887114888398
0.01089 0.000168789530095214
0.010905 0.000168707798806501
0.01092 0.000168625955017842
0.010935 0.000168543998729235
0.01095 0.000168461929940681
0.010965 0.00016837974865218
0.01098 0.000168297454863732
0.010995 0.000168215048575336
0.01101 0.000168132529786993
0.011025 0.000168049898498701
0.01104 0.000167967154710462
0.011055 0.000167884298422275
0.01107 0.000167801329634139
0.011085 0.000167718248346056
0.0111 0.000167635054558023
0.011115 0.000167551748270042
0.01113 0.000167468329482112
0.011145 0.000167384798194234
0.01116 0.000167301154406406
0.011175 0.000167217398118629
0.01119 0.000167133529330903
0.011205 0.000167049548043227
0.01122 0.000166965454255602
0.011235 0.000166881247968026
0.01125 0.000166796929180502
0.011265 0.000166712497893027
0.01128 0.000166627954105602
0.011295 0.000166543297818226
0.01131 0.000166458529030901
0.011325 0.000166373647743624
0.01134 0.000166288653956397
0.011355 0.00016620354766922
0.01137 0.000166118328882091
0.011385 0.000166032997595011
0.0114 0.00016594755380798
0.011415 0.000165861997520998
0.01143 0.000165776328734065
0.011445 0.000165690547447179
0.01146 0.000165604653660343
0.011475 0.000165518647373554
0.01149 0.000165432528586813
0.011505 0.000165346297300121
0.01152 0.000165259953513476
0.011535 0.000165173497226879
0.01155 0.000165086928440329
0.011565 0.000165000247153827
0.01158 0.000164913453367372
0.011595 0.000164826547080964
0.01161 0.000164739528294604
0.011625 0.00016465239700829
0.01164 0.000164565153222023
0.011655 0.000164477796935803
0.01167 0.000164390328149629
0.011685 0.000164302746863502
0.0117 0.000164215053077422
0.011715 0.000164127246791387
0.01173 0.000164039328005399
0.011745 0.000163951296719456
0.01176 0.00016386315293356
0.011775 0.000163774896647709
0.01179 0.000163686527861904
0.011805 0.000163598046576144
0.01182 0.00016350945279043
0.011835 0.000163420746504761
0.01185 0.000163331927719137
0.011865 0.000163242996433559
0.01188 0.000163153952648025
0.011895 0.000163064796362536
0.01191 0.000162975527577092
0.011925 0.000162886146291693
0.01194 0.000162796652506338
0.011955 0.000162707046221027
0.01197 0.000162617327435761
0.011985 0.000162527496150538
0.012 0.00016243755236536
0.012015 0.000162347496080226
0.01203 0.000162257327295136
0.012045 0.000162167046010089
0.01206 0.000162076652225086
0.012075 0.000161986145940126
0.01209 0.00016189552715521
0.012105 0.000161804795870337
0.01212 0.000161713952085508
0.012135 0.000161622995800721
0.01215 0.000161531927015978
0.012165 0.000161440745731277
0.01218 0.000161349451946619
0.012195 0.000161258045662004
0.01221 0.000161166526877431
0.012225 0.000161074895592901
0.01224 0.000160983151808413
0.012255 0.000160891295523967
0.01227 0.000160799326739563
0.012285 0.000160707245455202
0.0123 0.000160615051670882
0.012315 0.000160522745386604
0.01233 0.000160430326602368
0.012345 0.000160337795318174
0.01236 0.000160245151534021
0.012375 0.000160152395249909
0.01239 0.000160059526465839
0.012405 0.00015996654518181
0.01242 0.000159873451397822
0.012435 0.000159780245113876
0.01245 0.00015968692632997
0.012465 0.000159593495046105
0.01248 0.00015949995126228
0.012495 0.000159406294978497
0.01251 0.000159312526194753
0.012525 0.000159218644911051
0.01254 0.000159124651127388
0.012555 0.000159030544843766
0.01257 0.000158936326060184
0.012585 0.000158841994776642
0.0126 0.00015874755099314
0.012615 0.000158652994709678
0.01263 0.000158558325926255
0.012645 0.000158463544642873
0.01266 0.00015836865085953
0.012675 0.000158273644576226
0.01269 0.000158178525792962
0.012705 0.000158083294509737
0.01272 0.000157987950726551
0.012735 0.000157892494443404
0.01275 0.000157796925660297
0.012765 0.000157701244377228
0.01278 0.000157605450594198
0.012795 0.000157509544311207
0.01281 0.000157413525528254
0.012825 0.000157317394245341
0.01284 0.000157221150462465
0.012855 0.000157124794179628
0.01287 0.000157028325396829
0.012885 0.000156931744114069
0.0129 0.000156835050331346
0.012915 0.000156738244048662
0.01293 0.000156641325266015
0.012945 0.000156544293983407
0.01296 0.000156447150200836
0.012975 0.000156349893918303
0.01299 0.000156252525135807
0.013005 0.000156155043853349
0.01302 0.000156057450070928
0.013035 0.000155959743788545
0.01305 0.000155861925006199
0.013065 0.00015576399372389
0.01308 0.000155665949941618
0.013095 0.000155567793659383
0.01311 0.000155469524877185
0.013125 0.000155371143595024
0.01314 0.000155272649812899
0.013155 0.000155174043530812
0.01317 0.000155075324748761
0.013185 0.000154976493466746
0.0132 0.000154877549684767
0.013215 0.000154778493402825
0.01323 0.00015467932462092
0.013245 0.00015458004333905
0.01326 0.000154480649557216
0.013275 0.000154381143275419
0.01329 0.000154281524493657
0.013305 0.000154181793211931
0.01332 0.000154081949430241
0.013335 0.000153981993148587
0.01335 0.000153881924366968
0.013365 0.000153781743085385
0.01338 0.000153681449303837
0.013395 0.000153581043022324
0.01341 0.000153480524240847
0.013425 0.000153379892959405
0.01344 0.000153279149177998
0.013455 0.000153178292896626
0.01347 0.000153077324115289
0.013485 0.000152976242833987
0.0135 0.00015287504905272
0.013515 0.000152773742771487
0.01353 0.000152672323990289
0.013545 0.000152570792709126
0.01356 0.000152469148927997
0.013575 0.000152367392646903
0.01359 0.000152265523865842
0.013605 0.000152163542584817
0.01362 0.000152061448803825
0.013635 0.000151959242522867
0.01365 0.000151856923741944
0.013665 0.000151754492461054
0.01368 0.000151651948680199
0.013695 0.000151549292399377
0.01371 0.000151446523618589
0.013725 0.000151343642337834
0.01374 0.000151240648557113
0.013755 0.000151137542276426
0.01377 0.000151034323495772
0.013785 0.000150930992215152
0.0138 0.000150827548434564
0.013815 0.00015072399215401
0.01383 0.00015062032337349
0.013845 0.000150516542093002
0.01386 0.000150412648312547
0.013875 0.000150308642032126
0.01389 0.000150204523251737
0.013905 0.00015010029197138
0.01392 0.000149995948191057
0.013935 0.000149891491910766
0.01395 0.000149786923130508
0.013965 0.000149682241850283
0.01398 0.000149577448070089
0.013995 0.000149472541789929
0.01401 0.0001493675230098
0.014025 0.000149262391729704
0.01404 0.00014915714794964
0.014055 0.000149051791669608
0.01407 0.000148946322889608
0.014085 0.00014884074160964
0.0141 0.000148735047829704
0.014115 0.0001486292415498
0.01413 0.000148523322769927
0.014145 0.000148417291490086
0.01416 0.000148311147710277
0.014175 0.0001482048914305
0.01419 0.000148098522650754
0.014205 0.000147992041371039
0.01422 0.000147885447591356
0.014235 0.000147778741311704
0.01425 0.000147671922532083
0.014265 0.000147564991252493
0.01428 0.000147457947472935
0.014295 0.000147350791193407
0.01431 0.000147243522413911
0.014325 0.000147136141134445
0.01434 0.000147028647355011
0.014355 0.000146921041075607
0.01437 0.000146813322296233
0.014385 0.000146705491016891
0.0144 0.000146597547237579
0.014415 0.000146489490958297
0.01443 0.000146381322179046
0.014445 0.000146273040899825
0.01446 0.000146164647120635
0.014475 0.000146056140841475
0.01449 0.000145947522062345
0.014505 0.000145838790783245
0.01452 0.000145729947004175
0.014535 0.000145620990725136
0.01455 0.000145511921946126
0.014565 0.000145402740667146
0.01458 0.000145293446888196
0.014595 0.000145184040609276
0.01461 0.000145074521830385
0.014625 0.000144964890551524
0.01464 0.000144855146772693
0.014655 0.000144745290493891
0.01467 0.000144635321715119
0.014685 0.000144525240436376
0.0147 0.000144415046657663
0.014715 0.000144304740378978
0.01473 0.000144194321600323
0.014745 0.000144083790321698
0.01476 0.000143973146543101
0.014775 0.000143862390264533
0.01479 0.000143751521485994
0.014805 0.000143640540207485
0.01482 0.000143529446429004
0.014835 0.000143418240150552
0.01485 0.000143306921372128
0.014865 0.000143195490093734
0.01488 0.000143083946315368
0.014895 0.00014297229003703
0.01491 0.000142860521258721
0.014925 0.000142748639980441
0.01494 0.000142636646202189
0.014955 0.000142524539923965
0.01497 0.00014241232114577
0.014985 0.000142299989867603
0.015 0.000142187546089464
0.015035 0.000142121844437745
0.01507 0.000142055989661234
0.015105 0.000141989981759929
0.01514 0.00014192382073383
0.015175 0.000141857506582935
0.01521 0.000141791039307244
0.015245 0.000141724418906756
0.01528 0.000141657645381469
0.015315 0.000141590718731384
0.01535 0.000141523638956498
0.015385 0.000141456406056811
0.01542 0.000141389020032322
0.015455 0.000141321480883031
0.01549 0.000141253788608936
0.015525 0.000141185943210036
0.01556 0.000141117944686331
0.015595 0.00014104979303782
0.01563 0.000140981488264501
0.015665 0.000140913030366374
0.0157 0.000140844419343439
0.015735 0.000140775655195694
0.01577 0.000140706737923138
0.015805 0.00014063766752577
0.01584 0.000140568444003591
0.015875 0.000140499067356598
0.01591 0.000140429537584791
0.015945 0.00014035985468817
0.01598 0.000140290018666733
0.016015 0.00014022002952048
0.01605 0.000140149887249409
0.016085 0.000140079591853521
0.01612 0.000140009143332814
0.016155 0.000139938541687287
0.01619 0.00013986778691694
0.016225 0.000139796879021772
0.01626 0.000139725818001782
0.016295 0.00013965460385697
0.01633 0.000139583236587334
0.016365 0.000139511716192873
0.0164 0.000139440042673588
0.016435 0.000139368216029478
0.01647 0.000139296236260541
0.016505 0.000139224103366777
0.01654 0.000139151817348185
0.016575 0.000139079378204764
0.01661 0.000139006785936514
0.016645 0.000138934040543434
0.01668 0.000138861142025523
0.016715 0.000138788090382781
0.01675 0.000138714885615207
0.016785 0.0001386415277228
0.01682 0.000138568016705559
0.016855 0.000138494352563484
0.01689 0.000138420535296574
0.016925 0.000138346564904829
0.01696 0.000138272441388247
0.016995 0.000138198164746828
0.01703 0.000138123734980572
0.017065 0.000138049152089477
0.0171 0.000137974416073543
0.017135 0.00013789952693277
0.01717 0.000137824484667156
0.017205 0.000137749289276702
0.01724 0.000137673940761406
0.017275 0.000137598439121268
0.01731 0.000137522784356286
0.017345 0.000137446976466462
0.01738 0.000137371015451793
0.017415 0.000137294901312279
0.01745 0.00013721863404792
0.017485 0.000137142213658715
0.01752 0.000137065640144664
0.017555 0.000136988913505765
0.01759 0.000136912033742019
0.017625 0.000136835000853424
0.01766 0.000136757814839979
0.017695 0.000136680475701686
0.01773 0.000136602983438542
0.017765 0.000136525338050547
0.0178 0.000136447539537701
0.017835 0.000136369587900003
0.01787 0.000136291483137452
0.017905 0.000136213225250048
0.01794 0.000136134814237791
0.017975 0.000136056250100679
0.01801 0.000135977532838712
0.018045 0.00013589866245189
0.01808 0.000135819638940212
0.018115 0.000135740462303677
0.01815 0.000135661132542285
0.018185 0.000135581649656036
0.01822 0.000135502013644928
0.018255 0.000135422224508962
0.01829 0.000135342282248136
0.018325 0.000135262186862451
0.01836 0.000135181938351905
0.018395 0.000135101536716498
0.01843 0.00013502098195623
0.018465 0.0001349402740711
0.0185 0.000134859413061108
0.018535 0.000134778398926252
0.01857 0.000134697231666533
0.018605 0.00013461591128195
0.01864 0.000134534437772503
0.018675 0.00013445281113819
0.01871 0.000134371031379012
0.018745 0.000134289098494968
0.01878 0.000134207012486058
0.018815 0.00013412477335228
0.01885 0.000134042381093635
0.018885 0.000133959835710122
0.01892 0.00013387713720174
0.018955 0.000133794285568489
0.01899 0.000133711280810369
0.019025 0.000133628122927379
0.01906 0.000133544811919518
0.019095 0.000133461347786787
0.01913 0.000133377730529184
0.019165 0.000133293960146709
0.0192 0.000133210036639362
0.019235 0.000133125960007142
0.01927 0.000133041730250049
0.019305 0.000132957347368083
0.01934 0.000132872811361242
0.019375 0.000132788122229526
0.01941 0.000132703279972935
0.019445 0.000132618284591469
0.01948 0.000132533136085127
0.019515 0.000132447834453908
0.01955 0.000132362379697813
0.019585 0.00013227677181684
0.01962 0.00013219101081099
0.019655 0.000132105096680261
0.01969 0.000132019029424654
0.019725 0.000131932809044167
0.01976 0.000131846435538802
0.019795 0.000131759908908556
0.01983 0.00013167322915343
0.019865 0.000131586396273423
0.0199 0.000131499410268535
0.019935 0.000131412271138766
0.01997 0.000131324978884114
0.020005 0.00013123753350458
0.02004 0.000131149935000164
0.020075 0.000131062183370864
0.02011 0.00013097427861668
0.020145 0.000130886220737612
0.02018 0.00013079800973366
0.020215 0.000130709645604823
0.02025 0.000130621128351101
0.020285 0.000130532457972493
0.02032 0.000130443634468999
0.020355 0.000130354657840619
0.02039 0.000130265528087352
0.020425 0.000130176245209197
0.02046 0.000130086809206155
0.020495 0.000129997220078225
0.02053 0.000129907477825407
0.020565 0.0001298175824477
0.0206 0.000129727533945104
0.020635 0.000129637332317618
0.02067 0.000129546977565243
0.020705 0.000129456469687977
0.02074 0.00012936580868582
0.020775 0.000129274994558773
0.02081 0.000129184027306834
0.020845 0.000129092906930004
0.02088 0.000129001633428281
0.020915 0.000128910206801666
0.02095 0.000128818627050159
0.020985 0.000128726894173758
0.02102 0.000128635008172463
0.021055 0.000128542969046275
0.02109 0.000128450776795193
0.021125 0.000128358431419216
0.02116 0.000128265932918344
0.021195 0.000128173281292576
0.02123 0.000128080476541913
0.021265 0.000127987518666355
0.0213 0.0001278944076659
0.021335 0.000127801143540548
0.02137 0.000127707726290299
0.021405 0.000127614155915153
0.02144 0.000127520432415109
0.021475 0.000127426555790168
0.02151 0.000127332526040328
0.021545 0.000127238343165589
0.02158 0.000127144007165951
0.021615 0.000127049518041415
0.02165 0.000126954875791978
0.021685 0.000126860080417642
0.02172 0.000126765131918405
0.021755 0.000126670030294267
0.02179 0.000126574775545229
0.021825 0.00012647936767129
0.02186 0.000126383806672449
0.021895 0.000126288092548706
0.02193 0.000126192225300061
0.021965 0.000126096204926513
0.022 0.000126000031428063
0.022035 0.000125903704804709
0.02207 0.000125807225056452
0.022105 0.000125710592183292
0.02214 0.000125613806185227
0.022175 0.000125516867062258
0.02221 0.000125419774814384
0.022245 0.000125322529441606
0.02228 0.000125225130943922
0.022315 0.000125127579321332
0.02235 0.000125029874573837
0.022385 0.000124932016701436
0.02242 0.000124834005704128
0.022455 0.000124735841581914
0.02249 0.000124637524334793
0.022525 0.000124539053962764
0.02256 0.000124440430465828
0.022595 0.000124341653843983
0.02263 0.000124242724097231
0.022665 0.00012414364122557
0.0227 0.000124044405229001
0.022735 0.000123945016107523
0.02277 0.000123845473861135
0.022805 0.000123745778489838
0.02284 0.000123645929993631
0.022875 0.000123545928372513
0.02291 0.000123445773626486
0.022945 0.000123345465755548
0.02298 0.000123245004759699
0.023015 0.000123144390638938
0.02305 0.000123043623393266
0.023085 0.000122942703022683
0.02312 0.000122841629527187
0.023155 0.00012274040290678
0.02319 0.000122639023161459
0.023225 0.000122537490291226
0.02326 0.00012243580429608
0.023295 0.00012233396517602
0.02333 0.000122231972931047
0.023365 0.00012212982756116
0.0234 0.000122027529066359
0.023435 0.000121925077446644
0.02347 0.000121822472702014
0.023505 0.000121719714832469
0.02354 0.000121616803838009
0.023575 0.000121513739718634
0.02361 0.000121410522474343
0.023645 0.000121307152105136
0.02368 0.000121203628611013
0.023715 0.000121099951991974
0.02375 0.000120996122248018
0.023785 0.000120892139379145
0.02382 0.000120788003385355
0.023855 0.000120683714266647
0.02389 0.000120579272023023
0.023925 0.00012047467665448
0.02396 0.000120369928161019
0.023995 0.00012026502654264
0.02403 0.000120159971799342
0.024065 0.000120054763931126
0.0241 0.00011994940293799
0.024135 0.000119843888819936
0.02417 0.000119738221576961
0.024205 0.000119632401209067
0.02424 0.000119526427716253
0.024275 0.000119420301098519
0.02431 0.000119314021355865
0.024345 0.000119207588488289
0.02438 0.000119101002495793
0.024415 0.000118994263378376
0.02445 0.000118887371136038
0.024485 0.000118780325768778
0.02452 0.000118673127276596
0.024555 0.000118565775659492
0.02459 0.000118458270917466
0.024625 0.000118350613050517
0.02466 0.000118242802058646
0.024695 0.000118134837941852
0.02473 0.000118026720700135
0.024765 0.000117918450333494
0.0248 0.00011781002684193
0.024835 0.000117701450225442
0.02487 0.000117592720484031
0.024905 0.000117483837617695
0.02494 0.000117374801626434
0.024975 0.000117265612510249
0.02501 0.00011715627026914
0.025045 0.000117046774903105
0.02508 0.000116937126412145
0.025115 0.000116827324796259
0.02515 0.000116717370055448
0.025185 0.000116607262189711
0.02522 0.000116497001199048
0.025255 0.000116386587083459
0.02529 0.000116276019842943
0.025325 0.0001161652994775
0.02536 0.000116054425987131
0.025395 0.000115943399371835
0.02543 0.000115832219631611
0.025465 0.00011572088676646
0.0255 0.000115609400776381
0.025535 0.000115497761661374
0.02557 0.000115385969421439
0.025605 0.000115274024056576
0.02564 0.000115161925566784
0.025675 0.000115049673952064
0.02571 0.000114937269212415
0.025745 0.000114824711347836
0.02578 0.000114712000358329
0.025815 0.000114599136243892
0.02585 0.000114486119004525
0.025885 0.000114372948640229
0.02592 0.000114259625151003
0.025955 0.000114146148536846
0.02599 0.000114032518797759
0.026025 0.000113918735933742
0.02606 0.000113804799944793
0.026095 0.000113690710830914
0.02613 0.000113576468592103
0.026165 0.000113462073228362
0.0262 0.000113347524739689
0.026235 0.000113232823126084
0.02627 0.000113117968387547
0.026305 0.000113002960524078
0.02634 0.000112887799535677
0.026375 0.000112772485422343
0.02641 0.000112657018184077
0.026445 0.000112541397820879
0.02648 0.000112425624332747
0.026515 0.000112309697719682
0.02655 0.000112193617981684
0.026585 0.000112077385118752
0.02662 0.000111960999130887
0.026655 0.000111844460018088
0.02669 0.000111727767780355
0.026725 0.000111610922417687
0.02676 0.000111493923930086
0.026795 0.00011137677231755
0.02683 0.000111259467580079
0.026865 0.000111142009717673
0.0269 0.000111024398730332
0.026935 0.000110906634618056
0.02697 0.000110788717380845
0.027005 0.000110670647018698
0.02704 0.000110552423531616
0.027075 0.000110434046919598
0.02711 0.000110315517182643
0.027145 0.000110196834320753
0.02718 0.000110077998333926
0.027215 0.000109959009222162
0.02725 0.000109839866985462
0.027285 0.000109720571623825
0.02732 0.000109601123137251
0.027355 0.00010948152152574
0.02739 0.000109361766789291
0.027425 0.000109241858927906
0.02746 0.000109121797941582
0.027495 0.00010900158383032
0.02753 0.000108881216594121
0.027565 0.000108760696232984
0.0276 0.000108640022746908
0.027635 0.000108519196135894
0.02767 0.000108398216399941
0.027705 0.000108277083539049
0.02774 0.000108155797553219
0.027775 0.000108034358442449
0.02781 0.00010791276620674
0.027845 0.000107791020846092
0.02788 0.000107669122360505
0.027915 0.000107547070749977
0.02795 0.00010742486601451
0.027985 0.000107302508154103
0.02802 0.000107179997168756
0.028055 0.000107057333058468
0.02809 0.00010693451582324
0.028125 0.000106811545463072
0.02816 0.000106688421977963
0.028195 0.000106565145367913
0.02823 0.000106441715632921
0.028265 0.000106318132772989
0.0283 0.000106194396788116
0.028335 0.000106070507678301
0.02837 0.000105946465443544
0.028405 0.000105822270083846
0.02844 0.000105697921599205
0.028475 0.000105573419989623
0.02851 0.000105448765255099
0.028545 0.000105323957395632
0.02858 0.000105198996411223
0.028615 0.000105073882301871
0.02865 0.000104948615067577
0.028685 0.000104823194708339
0.02872 0.000104697621224159
0.028755 0.000104571894615036
0.02879 0.000104446014880969
0.028825 0.000104319982021959
0.02886 0.000104193796038005
0.028895 0.000104067456929107
0.02893 0.000103940964695266
0.028965 0.000103814319336481
0.029 0.000103687520852751
0.029035 0.000103560569244078
0.02907 0.00010343346451046
0.029105 0.000103306206651897
0.02914 0.00010317879566839
0.029175 0.000103051231559938
0.02921 0.000102923514326542
0.029245 0.0001027956439682
0.02928 0.000102667620484913
0.029315 0.000102539443876681
0.02935 0.000102411114143503
0.029385 0.00010228263128538
0.02942 0.000102153995302311
0.029455 0.000102025206194296
0.02949 0.000101896263961335
0.029525 0.000101767168603428
0.02956 0.000101637920120575
0.029595 0.000101508518512776
0.02963 0.00010137896378003
0.029665 0.000101249255922338
0.0297 0.000101119394939698
0.029735 0.000100989380832112
0.02977 0.00010085921359958
0.029805 0.0001007288932421
0.02984 0.000100598419759672
0.029875 0.000100467793152298
0.02991 0.000100337013419976
0.029945 0.000100206080562706
0.02998 0.000100074994580489
0.030015 9.99437554733238e-05
0.03005 9.98123632412108e-05
0.030085 9.96808178841497e-05
0.03012 9.95491194021404e-05
0.030155 9.94172677951828e-05
0.03019 9.92852630632767e-05
0.030225 9.91531052064221e-05
0.03026 9.90207942246188e-05
0.030295 9.88883301178668e-05
0.03033 9.87557128861658e-05
0.030365 9.86229425295159e-05
0.0304 9.84900190479167e-05
0.030435 9.83569424413683e-05
0.03047 9.82237127098706e-05
0.030505 9.80903298534234e-05
0.03054 9.79567938720266e-05
0.030575 9.782310476568e-05
0.03061 9.76892625343836e-05
0.030645 9.75552671781372e-05
0.03068 9.74211186969408e-05
0.030715 9.72868170907942e-05
0.03075 9.71523623596973e-05
0.030785 9.701775450365e-05
0.03082 9.68829935226521e-05
0.030855 9.67480794167036e-05
0.03089 9.66130121858044e-05
0.030925 9.64777918299544e-05
0.03096 9.63424183491533e-05
0.030995 9.62068917434012e-05
0.03103 9.60712120126979e-05
0.031065 9.59353791570433e-05
0.0311 9.57993931764374e-05
0.031135 9.56632540708798e-05
0.03117 9.55269618403707e-05
0.031205 9.53905164849098e-05
0.03124 9.52539180044971e-05
0.031275 9.51171663991325e-05
0.03131 9.49802616688158e-05
0.031345 9.48432038135469e-05
0.03138 9.47059928333258e-05
0.031415 9.45686287281523e-05
0.03145 9.44311114980262e-05
0.031485 9.42934411429477e-05
0.03152 9.41556176629163e-05
0.031555 9.40176410579323e-05
0.03159 9.38795113279953e-05
0.031625 9.37412284731053e-05
0.03166 9.36027924932622e-05
0.031695 9.34642033884659e-05
0.03173 9.33254611587162e-05
0.031765 9.31865658040132e-05
0.0318 9.30475173243565e-05
0.031835 9.29083157197463e-05
0.03187 9.27689609901824e-05
0.031905 9.26294531356646e-05
0.03194 9.24897921561929e-05
0.031975 9.23499780517672e-05
0.03201 9.22100108223874e-05
0.032045 9.20698904680532e-05
0.03208 9.19296169887649e-05
0.032115 9.1789190384522e-05
0.03215 9.16486106553247e-05
0.032185 9.15078778011727e-05
0.03222 9.1366991822066e-05
0.032255 9.12259527180045e-05
0.03229 9.10847604889881e-05
0.032325 9.09434151350166e-05
0.03236 9.08019166560901e-05
0.032395 9.06602650522083e-05
0.03243 9.05184603233713e-05
0.032465 9.03765024695788e-05
0.0325 9.02343914908308e-05
0.032535 9.00921273871273e-05
0.03257 8.9949710158468e-05
0.032605 8.98071398048529e-05
0.03264 8.9664416326282e-05
0.032675 8.95215397227551e-05
0.03271 8.93785099942721e-05
0.032745 8.9235327140833e-05
0.03278 8.90919911624376e-05
0.032815 8.89485020590858e-05
0.03285 8.88048598307776e-05
0.032885 8.86610644775129e-05
0.03292 8.85171159992915e-05
0.032955 8.83730143961135e-05
0.03299 8.82287596679786e-05
0.033025 8.80843518148868e-05
0.03306 8.7939790836838e-05
0.033095 8.77950767338321e-05
0.03313 8.7650209505869e-05
0.033165 8.75051891529488e-05
0.0332 8.73600156750711e-05
0.033235 8.7214689072236e-05
0.03327 8.70692093444433e-05
0.033305 8.6923576491693e-05
0.03334 8.67777905139849e-05
0.033375 8.66318514113191e-05
0.03341 8.64857591836954e-05
0.033445 8.63395138311136e-05
0.03348 8.61931153535738e-05
0.033515 8.60465637510758e-05
0.03355 8.58998590236196e-05
0.033585 8.5753001171205e-05
0.03362 8.56059901938321e-05
0.033655 8.54588260915006e-05
0.03369 8.53115088642105e-05
0.033725 8.51640385119617e-05
0.03376 8.50164150347543e-05
0.033795 8.48686384325879e-05
0.03383 8.47207087054626e-05
0.033865 8.45726258533783e-05
0.0339 8.44243898763349e-05
0.033935 8.42760007743322e-05
0.03397 8.41274585473704e-05
0.034005 8.39787631954492e-05
0.03404 8.38299147185685e-05
0.034075 8.36809131167282e-05
0.03411 8.35317583899284e-05
0.034145 8.33824505381689e-05
0.03418 8.32329895614496e-05
0.034215 8.30833754597704e-05
0.03425 8.29336082331313e-05
0.034285 8.27836878815322e-05
0.03432 8.26336144049729e-05
0.034355 8.24833878034535e-05
0.03439 8.23330080769738e-05
0.034425 8.21824752255338e-05
0.03446 8.20317892491333e-05
0.034495 8.18809501477723e-05
0.03453 8.17299579214507e-05
0.034565 8.15788125701685e-05
0.0346 8.14275140939255e-05
0.034635 8.12760624927217e-05
0.03467 8.1124457766557e-05
0.034705 8.09726999154313e-05
0.03474 8.08207889393445e-05
0.034775 8.06687248382966e-05
0.03481 8.05165076122875e-05
0.034845 8.03641372613171e-05
0.03488 8.02116137853853e-05
0.034915 8.0058937184492e-05
0.03495 7.99061074586372e-05
0.034985 7.97531246078208e-05
0.03502 7.95999886320427e-05
0.035055 7.94466995313028e-05
0.03509 7.92932573056011e-05
0.035125 7.91396619549375e-05
0.03516 7.89859134793119e-05
0.035195 7.88320118787242e-05
0.03523 7.86779571531744e-05
0.035265 7.85237493026624e-05
0.0353 7.83693883271881e-05
0.035335 7.82148742267513e-05
0.03537 7.80602070013522e-05
0.035405 7.79053866509905e-05
0.03544 7.77504131756662e-05
0.035475 7.75952865753793e-05
0.03551 7.74400068501296e-05
0.035545 7.72845739999171e-05
0.03558 7.71289880247416e-05
0.035615 7.69732489246033e-05
0.03565 7.68173566995019e-05
0.035685 7.66613113494373e-05
0.03572 7.65051128744096e-05
0.035755 7.63487612744187e-05
0.03579 7.61922565494644e-05
0.035825 7.60355986995467e-05
0.03586 7.58787877246655e-05
0.035895 7.57218236248209e-05
0.03593 7.55647064000126e-05
0.035965 7.54074360502407e-05
0.036 7.5250012575505e-05
0.036035 7.50924359758056e-05
0.03607 7.49347062511422e-05
0.036105 7.47768234015149e-05
0.03614 7.46187874269236e-05
0.036175 7.44605983273681e-05
0.03621 7.43022561028485e-05
0.036245 7.41437607533646e-05
0.03628 7.39851122789164e-05
0.036315 7.38263106795038e-05
0.03635 7.36673559551268e-05
0.036385 7.35082481057852e-05
0.03642 7.3348987131479e-05
0.036455 7.31895730322082e-05
0.03649 7.30300058079726e-05
0.036525 7.28702854587722e-05
0.03656 7.2710411984607e-05
0.036595 7.25503853854768e-05
0.03663 7.23902056613817e-05
0.036665 7.22298728123215e-05
0.0367 7.20693868382961e-05
0.036735 7.19087477393055e-05
0.03677 7.17479555153497e-05
0.036805 7.15870101664286e-05
0.03684 7.1425911692542e-05
0.036875 7.126466009369e-05
0.03691 7.11032553698725e-05
0.036945 7.09416975210894e-05
0.03698 7.07799865473407e-05
0.037015 7.06181224486263e-05
0.03705 7.04561052249461e-05
0.037085 7.02939348763001e-05
0.03712 7.01316114026881e-05
0.037155 6.99691348041103e-05
0.03719 6.98065050805664e-05
0.037225 6.96437222320564e-05
0.03726 6.94807862585803e-05
0.037295 6.9317697160138e-05
0.03733 6.91544549367294e-05
0.037365 6.89910595883545e-05
0.0374 6.88275111150131e-05
0.037435 6.86638095167053e-05
0.03747 6.8499954793431e-05
0.037505 6.83359469451901e-05
0.03754 6.81717859719826e-05
0.037575 6.80074718738084e-05
0.03761 6.78430046506673e-05
0.037645 6.76783843025594e-05
0.03768 6.75136108294846e-05
0.037715 6.73486842314429e-05
0.03775 6.7183604508434e-05
0.037785 6.70183716604582e-05
0.03782 6.68529856875151e-05
0.037855 6.66874465896049e-05
0.03789 6.65217543667273e-05
0.037925 6.63559090188824e-05
0.03796 6.61899105460701e-05
0.037995 6.60237589482904e-05
0.03803 6.58574542255431e-05
0.038065 6.56909963778282e-05
0.0381 6.55243854051456e-05
0.038135 6.53576213074954e-05
0.03817 6.51907040848773e-05
0.038205 6.50236337372915e-05
0.03824 6.48564102647378e-05
0.038275 6.46890336672161e-05
0.03831 6.45215039447265e-05
0.038345 6.43538210972687e-05
0.03838 6.41859851248429e-05
0.038415 6.40179960274489e-05
0.03845 6.38498538050868e-05
0.038485 6.36815584577562e-05
0.03852 6.35131099854574e-05
0.038555 6.33445083881902e-05
0.03859 6.31757536659545e-05
0.038625 6.30068458187503e-05
0.03866 6.28377848465776e-05
0.038695 6.26685707494361e-05
0.03873 6.24992035273261e-05
0.038765 6.23296831802473e-05
0.0388 6.21600097081997e-05
0.038835 6.19901831111832e-05
0.03887 6.18202033891979e-05
0.038905 6.16500705422436e-05
0.03894 6.14797845703203e-05
0.038975 6.1309345473428e-05
0.03901 6.11387532515665e-05
0.039045 6.09680079047358e-05
0.03908 6.07971094329359e-05
0.039115 6.06260578361667e-05
0.03915 6.04548531144281e-05
0.039185 6.02834952677202e-05
0.03922 6.01119842960427e-05
0.039255 5.99403201993958e-05
0.03929 5.97685029777793e-05
0.039325 5.95965326311932e-05
0.03936 5.94244091596373e-05
0.039395 5.92521325631118e-05
0.03943 5.90797028416165e-05
0.039465 5.89071199951514e-05
0.0395 5.87343840237163e-05
0.039535 5.85614949273114e-05
0.03957 5.83884527059364e-05
0.039605 5.82152573595914e-05
0.03964 5.80419088882763e-05
0.039675 5.7868407291991e-05
0.03971 5.76947525707355e-05
0.039745 5.75209447245096e-05
0.03978 5.73469837533136e-05
0.039815 5.71728696571471e-05
0.03985 5.69986024360102e-05
0.039885 5.68241820899028e-05
0.03992 5.6649608618825e-05
0.039955 5.64748820227765e-05
0.03999 5.63000023017574e-05
0.040025 5.61249694557676e-05
0.04006 5.59497834848072e-05
0.040095 5.57744443888759e-05
0.04013 5.55989521679738e-05
0.040165 5.54233068221008e-05
0.0402 5.52475083512569e-05
0.040235 5.5071556755442e-05
0.04027 5.48954520346561e-05
0.040305 5.47191941888991e-05
0.04034 5.45427832181709e-05
0.040375 5.43662191224716e-05
0.04041 5.41895019018011e-05
0.040445 5.40126315561592e-05
0.04048 5.3835608085546e-05
0.040515 5.36584314899615e-05
0.04055 5.34811017694055e-05
0.040585 5.33036189238781e-05
0.04062 5.3125982953379e-05
0.040655 5.29481938579085e-05
0.04069 5.27702516374663e-05
0.040725 5.25921562920524e-05
0.04076 5.24139078216668e-05
0.040795 5.22355062263095e-05
0.04083 5.20569515059803e-05
0.040865 5.18782436606792e-05
0.0409 5.16993826904062e-05
0.040935 5.15203685951613e-05
0.04097 5.13412013749443e-05
0.041005 5.11618810297553e-05
0.04104 5.09824075595942e-05
0.041075 5.08027809644609e-05
0.04111 5.06230012443554e-05
0.041145 5.04430683992777e-05
0.04118 5.02629824292277e-05
0.041215 5.00827433342054e-05
0.04125 4.99023511142106e-05
0.041285 4.97218057692434e-05
0.04132 4.95411072993038e-05
0.041355 4.93602557043916e-05
0.04139 4.91792509845069e-05
0.041425 4.89980931396495e-05
0.04146 4.88167821698195e-05
0.041495 4.86353180750168e-05
0.04153 4.84537008552413e-05
0.041565 4.82719305104929e-05
0.0416 4.80900070407718e-05
0.041635 4.79079304460776e-05
0.04167 4.77257007264106e-05
0.041705 4.75433178817706e-05
0.04174 4.73607819121575e-05
0.041775 4.71780928175713e-05
0.04181 4.69952505980121e-05
0.041845 4.68122552534796e-05
0.04188 4.6629106783974e-05
0.041915 4.6445805189495e-05
0.04195 4.62623504700427e-05
0.041985 4.60787426256171e-05
0.04202 4.58949816562181e-05
0.042055 4.57110675618456e-05
0.04209 4.55270003424996e-05
0.042125 4.53427799981801e-05
0.04216 4.5158406528887e-05
0.042195 4.49738799346203e-05
0.04223 4.47892002153799e-05
0.042265 4.46043673711658e-05
0.0423 4.44193814019779e-05
0.042335 4.42342423078163e-05
0.04237 4.40489500886808e-05
0.042405 4.38635047445715e-05
0.04244 4.36779062754881e-05
0.042475 4.34921546814309e-05
0.04251 4.33062499623996e-05
0.042545 4.31201921183943e-05
0.04258 4.29339811494149e-05
0.042615 4.27476170554614e-05
0.04265 4.25610998365337e-05
0.042685 4.23744294926318e-05
0.04272 4.21876060237556e-05
0.042755 4.20006294299051e-05
0.04279 4.18134997110803e-05
0.042825 4.1626216867281e-05
0.04286 4.14387808985074e-05
0.042895 4.12511918047592e-05
0.04293 4.10634495860366e-05
0.042965 4.08755542423394e-05
0.043 4.06875057736676e-05
0.043035 4.04993041800212e-05
0.04307 4.03109494614001e-05
0.043105 4.01224416178043e-05
0.04314 3.99337806492337e-05
0.043175 3.97449665556883e-05
0.04321 3.95559993371681e-05
0.043245 3.93668789936731e-05
0.04328 3.91776055252031e-05
0.043315 3.89881789317581e-05
0.04335 3.87985992133381e-05
0.043385 3.86088663699431e-05
0.04342 3.8418980401573e-05
0.043455 3.82289413082277e-05
0.04349 3.80387490899072e-05
0.043525 3.78484037466116e-05
0.04356 3.76579052783407e-05
0.043595 3.74672536850945e-05
0.04363 3.7276448966873e-05
0.043665 3.70854911236762e-05
0.0437 3.68943801555039e-05
0.043735 3.67031160623562e-05
0.04377 3.6511698844233e-05
0.043805 3.63201285011342e-05
0.04384 3.612840503306e-05
0.043875 3.59365284400101e-05
0.04391 3.57444987219845e-05
0.043945 3.55523158789833e-05
0.04398 3.53599799110064e-05
0.044015 3.51674908180538e-05
0.04405 3.49748486001253e-05
0.044085 3.4782053257221e-05
0.04412 3.45891047893408e-05
0.044155 3.43960031964848e-05
0.04419 3.42027484786528e-05
0.044225 3.40093406358447e-05
0.04426 3.38157796680607e-05
0.044295 3.36220655753006e-05
0.04433 3.34281983575645e-05
0.044365 3.32341780148522e-05
0.0444 3.30400045471637e-05
0.044435 3.2845677954499e-05
0.04447 3.26511982368581e-05
0.044505 3.24565653942409e-05
0.04454 3.22617794266474e-05
0.044575 3.20668403340775e-05
0.04461 3.18717481165313e-05
0.044645 3.16765027740086e-05
0.04468 3.14811043065094e-05
0.044715 3.12855527140337e-05
0.04475 3.10898479965816e-05
0.044785 3.08939901541527e-05
0.04482 3.06979791867473e-05
0.044855 3.05018150943652e-05
0.04489 3.03054978770065e-05
0.044925 3.01090275346709e-05
0.04496 2.99124040673587e-05
0.044995 2.97156274750696e-05
0.04503 2.95186977578038e-05
0.045065 2.9321614915561e-05
0.0451 2.91243789483413e-05
0.045135 2.89269898561447e-05
0.04517 2.87294476389711e-05
0.045205 2.85317522968204e-05
0.04524 2.83339038296927e-05
0.045275 2.81359022375879e-05
0.04531 2.7937747520506e-05
0.045345 2.77394396784469e-05
0.04538 2.75409787114107e-05
0.045415 2.73423646193972e-05
0.04545 2.71435974024064e-05
0.045485 2.69446770604384e-05
0.04552 2.67456035934929e-05
0.045555 2.65463770015702e-05
0.04559 2.634699728467e-05
0.045625 2.61474644427924e-05
0.04566 2.59477784759373e-05
0.045695 2.57479393841048e-05
0.04573 2.55479471672946e-05
0.045765 2.53478018255069e-05
0.0458 2.51475033587416e-05
0.045835 2.49470517669986e-05
0.04587 2.4746447050278e-05
0.045905 2.45456892085796e-05
0.04594 2.43447782419035e-05
0.045975 2.41437141502497e-05
0.04601 2.3942496933618e-05
0.046045 2.37411265920084e-05
0.04608 2.3539603125421e-05
0.046115 2.33379265338557e-05
0.04615 2.31360968173125e-05
0.046185 2.29341139757912e-05
0.04622 2.2731978009292e-05
0.046255 2.25296889178146e-05
0.04629 2.23272467013592e-05
0.046325 2.21246513599257e-05
0.04636 2.19219028935141e-05
0.046395 2.17190013021243e-05
0.04643 2.15159465857562e-05
0.046465 2.131273874441e-05
0.0465 2.11093777780854e-05
0.046535 2.09058636867826e-05
0.04657 2.07021964705014e-05
0.046605 2.04983761292418e-05
0.04664 2.02944026630038e-05
0.046675 2.00902760717873e-05
0.04671 1.98859963555924e-05
0.046745 1.9681563514419e-05
0.04678 1.9476977548267e-05
0.046815 1.92722384571365e-05
0.04685 1.90673462410273e-05
0.046885 1.88623008999396e-05
0.04692 1.86571024338731e-05
0.046955 1.8451750842828e-05
0.04699 1.82462461268041e-05
0.047025 1.80405882858015e-05
0.04706 1.78347773198201e-05
0.047095 1.76288132288598e-05
0.04713 1.74226960129207e-05
0.047165 1.72164256720027e-05
0.0472 1.70100022061058e-05
0.047235 1.68034256152299e-05
0.04727 1.65966958993751e-05
0.047305 1.63898130585413e-05
0.04734 1.61827770927283e-05
0.047375 1.59755880019364e-05
0.04741 1.57682457861653e-05
0.047445 1.5560750445415e-05
0.04748 1.53531019796856e-05
0.047515 1.5145300388977e-05
0.04755 1.49373456732892e-05
0.047585 1.47292378326221e-05
0.04762 1.45209768669757e-05
0.047655 1.431256277635e-05
0.04769 1.41039955607449e-05
0.047725 1.38952752201604e-05
0.04776 1.36864017545966e-05
0.047795 1.34773751640533e-05
0.04783 1.32681954485305e-05
0.047865 1.30588626080282e-05
0.0479 1.28493766425464e-05
0.047935 1.2639737552085e-05
0.04797 1.2429945336644e-05
0.048005 1.22199999962235e-05
0.04804 1.20099015308232e-05
0.048075 1.17996499404433e-05
0.04811 1.15892452250836e-05
0.048145 1.13786873847443e-05
0.04818 1.11679764194252e-05
0.048215 1.09571123291262e-05
0.04825 1.07460951138475e-05
0.048285 1.05349247735888e-05
0.04832 1.03236013083503e-05
0.048355 1.01121247181319e-05
0.04839 9.90049500293356e-06
0.048425 9.68871216275523e-06
0.04846 9.4767761975969e-06
0.048495 9.26468710745854e-06
0.04853 9.05244489234012e-06
0.048565 8.84004955224161e-06
0.0486 8.62750108716299e-06
0.048635 8.41479949710422e-06
0.04867 8.20194478206533e-06
0.048705 7.98893694204614e-06
0.04874 7.77577597704681e-06
0.048775 7.56246188706713e-06
0.04881 7.34899467210725e-06
0.048845 7.13537433216696e-06
0.04888 6.92160086724642e-06
0.048915 6.70767427734542e-06
0.04895 6.4935945624641e-06
0.048985 6.27936172260227e-06
0.04902 6.06497575776007e-06
0.049055 5.85043666793734e-06
0.04909 5.6357444531341e-06
0.049125 5.42089911335031e-06
0.04916 5.20590064858596e-06
0.049195 4.99074905884101e-06
0.04923 4.77544434411544e-06
0.049265 4.55998650440921e-06
0.0493 4.3443755397223e-06
0.049335 4.12861145005474e-06
0.04937 3.91269423540635e-06
0.049405 3.69662389577729e-06
0.04944 3.48040043116736e-06
0.049475 3.26402384157669e-06
0.04951 3.0474941270051e-06
0.049545 2.83081128745273e-06
0.04958 2.61397532291937e-06
0.049615 2.39698623340518e-06
0.04965 2.17984401890995e-06
0.049685 1.96254867943383e-06
0.04972 1.74510021497662e-06
0.049755 1.52749862553846e-06
0.04979 1.30974391111917e-06
0.049825 1.09183607171887e-06
0.04986 8.73775107337381e-07
0.049895 6.55561017974839e-07
0.04993 4.37193803631048e-07
0.049965 2.18673464306154e-07
0.05 0
