7.5e-05 7.4999999999916e-05
0.000225 0.000125000000000161
0.000375 0.000194999999999998
0.000525 0.000267857142857282
0.000675 0.000341666666666806
0.000825 0.000415909090909134
0.000975 0.000490384615384733
0.001125 0.000565000000000042
0.001275 0.000639705882353053
0.001425 0.000714473684210782
0.001575 0.000789285714285881
0.001725 0.000864130434782708
0.001875 0.000939000000000002
0.002025 0.00101388888888883
0.002175 0.0010887931034479
0.002325 0.00116370967741914
0.002475 0.00123863636363617
0.002625 0.00131357142857156
0.002775 0.00138851351351364
0.002925 0.00146346153846168
0.003075 0.00153841463414632
0.003225 0.00161337209302298
0.003375 0.00168833333333353
0.003525 0.00176329787234095
0.003675 0.0018382653061228
0.003825 0.001913235294118
0.003975 0.00198820754717022
0.004125 0.00206318181818214
0.004275 0.00213815789473709
0.004425 0.00221313559322036
0.004575 0.00228811475409847
0.004725 0.00236309523809535
0.004875 0.00243807692307762
0.005025 0.00251305970149293
0.005175 0.00258804347826152
0.005325 0.00266302816901433
0.005475 0.00273801369863028
0.005625 0.00281300000000027
0.005775 0.00288798701298747
0.005925 0.00296297468354507
0.006075 0.00303796296296335
0.006225 0.00311295180722891
0.006375 0.00318794117647058
0.006525 0.00326293103448236
0.006675 0.00333792134831419
0.006825 0.00341291208791203
0.006975 0.00348790322580622
0.007125 0.00356289473684176
0.007275 0.00363788659793745
0.007425 0.00371287878787816
0.007575 0.003787871287128
0.007725 0.00386286407766903
0.007875 0.00393785714285639
0.008025 0.0040128504672892
0.008175 0.00408784403669683
0.008325 0.00416283783783737
0.008475 0.0042378318584066
0.008625 0.00431282608695627
0.008775 0.00438782051282015
0.008925 0.0044628151260498
0.009075 0.00453780991735509
0.009225 0.00461280487804849
0.009375 0.00468779999999967
0.009525 0.0047627952755903
0.009675 0.00483779069767424
0.009825 0.00491278625954159
0.009975 0.00498778195488646
0.010125 0.0050627777777773
0.010275 0.00513777372262702
0.010425 0.00521276978417195
0.010575 0.00528776595744621
0.010725 0.00536276223776127
0.010875 0.00543775862068861
0.011025 0.00551275510203957
0.011175 0.00558775167785123
0.011325 0.00566274834436972
0.011475 0.00573774509803823
0.011625 0.00581274193548282
0.011775 0.00588773885350186
0.011925 0.00596273584905553
0.012075 0.00603773291925387
0.012225 0.00611273006134901
0.012375 0.00618772727272626
0.012525 0.00626272455089708
0.012675 0.00633772189349026
0.012825 0.00641271929824476
0.012975 0.00648771676300475
0.013125 0.00656271428571366
0.013275 0.00663771186440616
0.013425 0.00671270949720594
0.013575 0.00678770718231985
0.013725 0.00686270491803218
0.013875 0.00693770270270195
0.014025 0.00701270053475839
0.014175 0.00708769841269738
0.014325 0.0071626963350778
0.014475 0.0072376943005174
0.014625 0.00731269230769148
0.014775 0.00738769035532924
0.014925 0.00746268844221024
0.01500875 0.00187609438764908
0.01502625 0.00187828188690695
0.01504375 0.00188046938616638
0.01506125 0.0018826568854258
0.01507875 0.00188484438468832
0.01509625 0.00188703188395103
0.01511375 0.00188921938321801
0.01513125 0.00189140688248517
0.01514875 0.00189359438175544
0.01516625 0.0018957818810257
0.01518375 0.00189796938029907
0.01520125 0.00190015687957243
0.01521875 0.00190234437884889
0.01523625 0.0019045318781269
0.01525375 0.00190671937740645
0.01527125 0.00190890687668756
0.01528875 0.00191109437596886
0.01530625 0.00191328187525287
0.01532375 0.00191546937454018
0.01534125 0.00191765687382593
0.01535875 0.00191984437311478
0.01537625 0.00192203187240673
0.01539375 0.00192421937169868
0.01541125 0.00192640687099217
0.01542875 0.00192859437028877
0.01544625 0.00193078186958691
0.01546375 0.00193296936888506
0.01548125 0.00193515686818475
0.01549875 0.00193734436748619
0.01551625 0.00193953186679033
0.01553375 0.00194171936609467
0.01555125 0.00194390686540056
0.01556875 0.0019460943647111
0.01558625 0.00194828186402008
0.01560375 0.00195046936333062
0.01562125 0.0019526568626429
0.01563875 0.00195484436195943
0.01565625 0.00195703186127306
0.01567375 0.00195921936059134
0.01569125 0.00196140685991117
0.01570875 0.001963594359231
0.01572625 0.00196578185855393
0.01574375 0.00196796935787685
0.01576125 0.00197015685720288
0.01577875 0.0019723443565289
0.01579625 0.00197453185585647
0.01581375 0.00197671935518559
0.01583125 0.00197890685451626
0.01584875 0.00198109435385003
0.01586625 0.0019832818531838
0.01588375 0.00198546935251912
0.01590125 0.00198765685185598
0.01591875 0.0019898443511944
0.01593625 0.00199203185053436
0.01595375 0.00199421934987432
0.01597125 0.00199640684921893
0.01598875 0.00199859434856084
0.01600625 0.00200078184790661
0.01602375 0.00200296934725276
0.01604125 0.00200515684660047
0.01605875 0.00200734434595128
0.01607625 0.00200953184530363
0.01609375 0.00201171934465444
0.01611125 0.00201390684400834
0.01612875 0.00201609434336534
0.01614625 0.00201828184272234
0.01616375 0.00202046934207934
0.01618125 0.00202265684143944
0.01619875 0.00202484434080109
0.01621625 0.00202703184016429
0.01623375 0.00202921933952748
0.01625125 0.00203140683889223
0.01626875 0.00203359433825852
0.01628625 0.00203578183762791
0.01630375 0.00203796933699576
0.01632125 0.00204015683636515
0.01633875 0.00204234433573764
0.01635625 0.00204453183511168
0.01637375 0.00204671933448571
0.01639125 0.00204890683386171
0.01640875 0.00205109433323999
0.01642625 0.00205328183261867
0.01644375 0.00205546933200045
0.01646125 0.00205765683138069
0.01647875 0.00205984433076557
0.01649625 0.0020620318301489
0.01651375 0.00206421932953688
0.01653125 0.0020664068289264
0.01654875 0.00206859432831593
0.01656625 0.00207078182770546
0.01658375 0.00207296932709808
0.01660125 0.00207515682648916
0.01661875 0.00207734432588178
0.01663625 0.00207953182527751
0.01665375 0.00208171932467168
0.01667125 0.00208390682406895
0.01668875 0.00208609432346622
0.01670625 0.00208828182286504
0.01672375 0.00209046932226696
0.01674125 0.00209265682166888
0.01675875 0.00209484432106966
0.01677625 0.00209703182047385
0.01679375 0.00209921931988124
0.01681125 0.00210140681928739
0.01682875 0.00210359431869396
0.01684625 0.00210578181810517
0.01686375 0.00210796931751483
0.01688125 0.00211015681692759
0.01689875 0.00211234431634035
0.01691625 0.00211453181575466
0.01693375 0.00211671931516897
0.01695125 0.00211890681458637
0.01696875 0.00212109431400223
0.01698625 0.00212328181342273
0.01700375 0.00212546931284169
0.01702125 0.00212765681226219
0.01703875 0.00212984431168579
0.01705625 0.0021320318111094
0.01707375 0.00213421931053455
0.01709125 0.0021364068099628
0.01710875 0.00213859430938795
0.01712625 0.0021407818088162
0.01714375 0.00214296930824754
0.01716125 0.00214515680767734
0.01717875 0.00214734430710869
0.01719625 0.00214953180654201
0.01721375 0.00215171930597757
0.01723125 0.00215390680541202
0.01724875 0.00215609430484646
0.01726625 0.00215828180428555
0.01728375 0.00216046930372464
0.01730125 0.00216265680316373
0.01731875 0.00216484430260592
0.01733625 0.00216703180204966
0.01735375 0.0021692193014903
0.01737125 0.00217140680093558
0.01738875 0.00217359430038087
0.01740625 0.00217578179982615
0.01742375 0.00217796929927609
0.01744125 0.00218015679872447
0.01745875 0.0021823442981744
0.01747625 0.00218453179762434
0.01749375 0.00218671929707582
0.01751125 0.0021889067965304
0.01752875 0.00219109429598652
0.01754625 0.00219328179543955
0.01756375 0.00219546929489767
0.01758125 0.00219765679435447
0.01759875 0.00219984429381302
0.01761625 0.00220203179327292
0.01763375 0.00220421929273457
0.01765125 0.00220640679219801
0.01766875 0.00220859429166188
0.01768625 0.0022107817911242
0.01770375 0.00221296929058962
0.01772125 0.00221515679005659
0.01773875 0.00221734428952356
0.01775625 0.00221953178899053
0.01777375 0.0022217192884606
0.01779125 0.00222390678793222
0.01780875 0.00222609428740228
0.01782625 0.0022282817868739
0.01784375 0.00223046928634862
0.01786125 0.00223265678582333
0.01787875 0.00223484428529959
0.01789625 0.00223703178477586
0.01791375 0.00223921928425367
0.01793125 0.00224140678372993
0.01794875 0.00224359428320619
0.01796625 0.0022457817826891
0.01798375 0.00224796928217376
0.01800125 0.00225015678165402
0.01801875 0.00225234428113448
0.01803625 0.00225453178062313
0.01805375 0.00225671928011024
0.01807125 0.00225890677959889
0.01808875 0.00226109427908755
0.01810625 0.00226328177857775
0.01812375 0.00226546927806795
0.01814125 0.0022676567775628
0.01815875 0.00226984427705455
0.01817625 0.0022720317765494
0.01819375 0.00227421927604425
0.01821125 0.0022764067755391
0.01822875 0.0022785942750386
0.01824625 0.00228078177453655
0.01826375 0.00228296927403449
0.01828125 0.00228515677353554
0.01829875 0.00228734427303658
0.01831625 0.00228953177253608
0.01833375 0.00229171927204022
0.01835125 0.00229390677154591
0.01836875 0.00229609427104741
0.01838625 0.00229828177055064
0.01840375 0.00230046927005725
0.01842125 0.00230265676956558
0.01843875 0.00230484426907127
0.01845625 0.00230703176857696
0.01847375 0.0023092192680842
0.01849125 0.00231140676759299
0.01850875 0.00231359426710178
0.01852625 0.00231578176661212
0.01854375 0.00231796926612246
0.01856125 0.00232015676563435
0.01857875 0.00232234426514623
0.01859625 0.00232453176466122
0.01861375 0.00232671926417155
0.01863125 0.00232890676368964
0.01864875 0.00233109426320462
0.01866625 0.00233328176272116
0.01868375 0.00233546926224079
0.01870125 0.00233765676176042
0.01871875 0.0023398442612785
0.01873625 0.00234203176079968
0.01875375 0.00234421926032086
0.01877125 0.0023464067598456
0.01878875 0.00234859425936895
0.01880625 0.00235078175889416
0.01882375 0.00235296925842107
0.01884125 0.00235515675794844
0.01885875 0.00235734425747582
0.01887625 0.00235953175700629
0.01889375 0.00236171925653677
0.01891125 0.00236390675606724
0.01892875 0.00236609425560081
0.01894625 0.00236828175513283
0.01896375 0.00237046925466795
0.01898125 0.00237265675420152
0.01899875 0.00237484425373664
0.01901625 0.00237703175327486
0.01903375 0.00237921925281153
0.01905125 0.0023814067523482
0.01906875 0.00238359425188642
0.01908625 0.00238578175142773
0.01910375 0.00238796925096905
0.01912125 0.00239015675051036
0.01913875 0.0023923442500506
0.01915625 0.00239453174959407
0.01917375 0.00239671924913788
0.01919125 0.00239890674868289
0.01920875 0.00240109424822981
0.01922625 0.00240328174777374
0.01924375 0.00240546924732125
0.01926125 0.00240765674687186
0.01927875 0.00240984424642247
0.01929625 0.00241203174597308
0.01931375 0.00241421924552524
0.01933125 0.00241640674507894
0.01934875 0.00241859424463265
0.01936625 0.00242078174418635
0.01938375 0.00242296924374006
0.01940125 0.00242515674329377
0.01941875 0.00242734424285057
0.01943625 0.00242953174240892
0.01945375 0.00243171924196728
0.01947125 0.00243390674152563
0.01948875 0.00243609424108708
0.01950625 0.00243828174064698
0.01952375 0.00244046924020843
0.01954125 0.00244265673977143
0.01955875 0.00244484423933443
0.01957625 0.00244703173889482
0.01959375 0.00244921923845733
0.01961125 0.00245140673801878
0.01962875 0.00245359423758178
0.01964625 0.00245578173714788
0.01966375 0.00245796923671242
0.01968125 0.00246015673627852
0.01969875 0.00246234423584462
0.01971625 0.00246453173541226
0.01973375 0.00246671923497991
0.01975125 0.00246890673455065
0.01976875 0.0024710942341214
0.01978625 0.00247328173369214
0.01980375 0.00247546923326598
0.01982125 0.00247765673283982
0.01983875 0.00247984423241367
0.01985625 0.00248203173198751
0.01987375 0.0024842192315629
0.01989125 0.00248640673113984
0.01990875 0.00248859423071882
0.01992625 0.00249078173029787
0.01994375 0.00249296922987579
0.01996125 0.00249515672945639
0.01997875 0.00249734422903587
0.01999625 0.00249953172861801
0.02001375 0.00250171922819749
0.02003125 0.00250390672778118
0.02004875 0.00250609422736376
0.02006625 0.00250828172694795
0.02008375 0.00251046922653418
0.02010125 0.00251265672612041
0.02011875 0.00251484422570819
0.02013625 0.00251703172529752
0.02015375 0.0025192192248853
0.02017125 0.00252140672447463
0.02018875 0.00252359422406551
0.02020625 0.00252578172365484
0.02022375 0.00252796922324727
0.02024125 0.0025301567228397
0.02025875 0.00253234422243213
0.02027625 0.00253453172202506
0.02029375 0.00253671922161648
0.02031125 0.00253890672121146
0.02032875 0.00254109422080443
0.02034625 0.00254328172040096
0.02036375 0.00254546921999393
0.02038125 0.00254765671959202
0.02039875 0.00254984421918808
0.02041625 0.00255203171878771
0.02043375 0.00255421921838378
0.02045125 0.00255640671798496
0.02046875 0.00255859421758308
0.02048625 0.0025607817171817
0.02050375 0.00256296921678032
0.02052125 0.00256515671638204
0.02053875 0.00256734421598222
0.02055625 0.00256953171558549
0.02057375 0.00257171921518566
0.02059125 0.00257390671479048
0.02060875 0.00257609421439375
0.02062625 0.00257828171399856
0.02064375 0.00258046921360338
0.02066125 0.00258265671320975
0.02067875 0.00258484421281612
0.02069625 0.00258703171242094
0.02071375 0.00258921921203091
0.02073125 0.00259140671164245
0.02074875 0.00259359421125139
0.02076625 0.00259578171086448
0.02078375 0.00259796921047497
0.02080125 0.0026001567100865
0.02081875 0.00260234420969855
0.02083625 0.0026045317093106
0.02085375 0.00260671920892781
0.02087125 0.00260890670854347
0.02088875 0.00261109420816068
0.02090625 0.00261328170777943
0.02092375 0.00261546920739664
0.02094125 0.0026176567070154
0.02095875 0.00261984420663571
0.02097625 0.00262203170625602
0.02099375 0.00262421920587632
0.02101125 0.00262640670549973
0.02102875 0.00262859420512004
0.02104625 0.00263078170474499
0.02106375 0.00263296920436839
0.02108125 0.00263515670399335
0.02109875 0.0026373442036183
0.02111625 0.00263953170324326
0.02113375 0.00264171920286976
0.02115125 0.00264390670249524
0.02116875 0.00264609420211967
0.02118625 0.00264828170174617
0.02120375 0.00265046920137267
0.02122125 0.00265265670100072
0.02123875 0.00265484420062877
0.02125625 0.00265703170025528
0.02127375 0.00265921919988333
0.02129125 0.00266140669951293
0.02130875 0.00266359419914253
0.02132625 0.00266578169877213
0.02134375 0.00266796919840328
0.02136125 0.00267015669803443
0.02137875 0.00267234419766867
0.02139625 0.00267453169730292
0.02141375 0.00267671919693717
0.02143125 0.00267890669657141
0.02144875 0.00268109419620721
0.02146625 0.00268328169584455
0.02148375 0.00268546919548035
0.02150125 0.00268765669511769
0.02151875 0.00268984419475557
0.02153625 0.0026920316943934
0.02155375 0.00269421919403026
0.02157125 0.00269640669367119
0.02158875 0.00269859419331115
0.02160625 0.0027007816929526
0.02162375 0.00270296919259305
0.02164125 0.00270515669223659
0.02165875 0.00270734419187858
0.02167625 0.00270953169152212
0.02169375 0.00271171919116566
0.02171125 0.0027139066908092
0.02172875 0.00271609419045584
0.02174625 0.00271828169010092
0.02176375 0.00272046918974756
0.02178125 0.0027226566893942
0.02179875 0.00272484418904084
0.02181625 0.00272703168868748
0.02183375 0.00272921918833721
0.02185125 0.0027314066879854
0.02186875 0.00273359418763513
0.02188625 0.00273578168728541
0.02190375 0.00273796918693561
0.02192125 0.00274015668658798
0.02193875 0.00274234418623973
0.02195625 0.0027445316858921
0.02197375 0.00274671918554694
0.02199125 0.00274890668519932
0.02200875 0.00275109418485416
0.02202625 0.00275328168450808
0.02204375 0.00275546918416447
0.02206125 0.00275765668381994
0.02207875 0.00275984418347688
0.02209625 0.00276203168313436
0.02211375 0.00276421918279338
0.02213125 0.00276640668245241
0.02214875 0.00276859418211299
0.02216625 0.00277078168177357
0.02218375 0.00277296918143415
0.02220125 0.00277515668109472
0.02221875 0.0027773441807584
0.02223625 0.00277953168042207
0.02225375 0.0027817191800842
0.02227125 0.00278390667974633
0.02228875 0.00278609417941055
0.02230625 0.00278828167907312
0.02232375 0.0027904691787379
0.02234125 0.00279265667840202
0.02235875 0.00279484417806681
0.02237625 0.00279703167772937
0.02239375 0.00279921917739416
0.02241125 0.00280140667706137
0.02242875 0.00280359417672925
0.02244625 0.00280578167639702
0.02246375 0.00280796917606379
0.02248125 0.00281015667573056
0.02249875 0.00281234417539889
0.02251625 0.00281453167506876
0.02253375 0.00281671917473863
0.02255125 0.00281890667440695
0.02256875 0.00282109417407682
0.02258625 0.00282328167374669
0.02260375 0.00282546917341656
0.02262125 0.00282765667308798
0.02263875 0.00282984417275785
0.02265625 0.00283203167243082
0.02267375 0.00283421917210379
0.02269125 0.00283640667177676
0.02270875 0.00283859417144972
0.02272625 0.00284078167112481
0.02274375 0.00284296917080284
0.02276125 0.00284515667047849
0.02277875 0.00284734417015399
0.02279625 0.00284953166983315
0.02281375 0.0028517191695102
0.02283125 0.0028539066691905
0.02284875 0.00285609416886853
0.02286625 0.00285828166854883
0.02288375 0.00286046916822897
0.02290125 0.00286265666791123
0.02291875 0.00286484416759195
0.02293625 0.00286703166727576
0.02295375 0.00286921916695957
0.02297125 0.00287140666664183
0.02298875 0.00287359416632564
0.02300625 0.0028757816660079
0.02302375 0.00287796916569171
0.02304125 0.00288015666537552
0.02305875 0.00288234416506145
0.02307625 0.00288453166474412
0.02309375 0.00288671916443062
0.02311125 0.00288890666411484
0.02312875 0.00289109416380289
0.02314625 0.00289328166348865
0.02316375 0.00289546916317671
0.02318125 0.00289765666286402
0.02319875 0.00289984416255362
0.02321625 0.00290203166224248
0.02323375 0.00290421916193209
0.02325125 0.00290640666162094
0.02326875 0.0029085941613121
0.02328625 0.00291078166100153
0.02330375 0.00291296916069153
0.02332125 0.00291515666038154
0.02333875 0.00291734416007155
0.02335625 0.0029195316597631
0.02337375 0.0029217191594562
0.02339125 0.00292390665915086
0.02340875 0.00292609415884319
0.02342625 0.00292828165854074
0.02344375 0.00293046915823656
0.02346125 0.00293265665793082
0.02347875 0.00293484415762818
0.02349625 0.00293703165732323
0.02351375 0.00293921915702213
0.02353125 0.0029414066567195
0.02354875 0.00294359415641763
0.02356625 0.00294578165611655
0.02358375 0.002947969155817
0.02360125 0.00295015665551438
0.02361875 0.00295234415521483
0.02363625 0.00295453165491375
0.02365375 0.00295671915461575
0.02367125 0.00295890665431699
0.02368875 0.00296109415401899
0.02370625 0.00296328165371869
0.02372375 0.00296546915342301
0.02374125 0.00296765665312581
0.02375875 0.00296984415282821
0.02377625 0.00297203165252942
0.02379375 0.00297421915223532
0.02381125 0.00297640665193964
0.02382875 0.00297859415164631
0.02384625 0.00298078165134985
0.02386375 0.00298296915105653
0.02388125 0.00298515665076084
0.02389875 0.00298734415046984
0.02391625 0.00298953165017647
0.02393375 0.00299171914988393
0.02395125 0.00299390664959211
0.02396875 0.00299609414930034
0.02398625 0.00299828164900697
0.02400375 0.00300046914871752
0.02402125 0.00300265664842493
0.02403875 0.00300484414813703
0.02405625 0.00300703164784676
0.02407375 0.00300921914755732
0.02409125 0.00301140664726859
0.02410875 0.00301359414698147
0.02412625 0.00301578164669411
0.02414375 0.00301796914640425
0.02416125 0.00302015664611594
0.02417875 0.00302234414582841
0.02419625 0.00302453164553992
0.02421375 0.00302671914525429
0.02423125 0.00302890664497027
0.02424875 0.00303109414468386
0.02426625 0.00303328164439907
0.02428375 0.00303546914411576
0.02430125 0.00303765664383097
0.02431875 0.00303984414354688
0.02433625 0.00304203164326442
0.02435375 0.0030442191429811
0.02437125 0.00304640664269865
0.02438875 0.00304859414241687
0.02440625 0.00305078164213442
0.02442375 0.00305296914185574
0.02444125 0.00305515664157406
0.02445875 0.00305734414129306
0.02447625 0.0030595316410137
0.02449375 0.00306171914073408
0.02451125 0.00306390664045584
0.02452875 0.00306609414017837
0.02454625 0.00306828163990322
0.02456375 0.00307046913962576
0.02458125 0.00307265663934984
0.02459875 0.00307484413907314
0.02461625 0.00307703163879568
0.02463375 0.00307921913851882
0.02465125 0.00308140663824323
0.02466875 0.00308359413796853
0.02468625 0.00308578163769294
0.02470375 0.00308796913741902
0.02472125 0.00309015663714342
0.02473875 0.00309234413687028
0.02475625 0.003094531636597
0.02477375 0.00309671913632308
0.02479125 0.00309890663605058
0.02480875 0.00310109413578054
0.02482625 0.00310328163550633
0.02484375 0.00310546913523506
0.02486125 0.00310765663496456
0.02487875 0.00310984413469406
0.02489625 0.00311203163442279
0.02491375 0.00311421913415306
0.02493125 0.00311640663388411
0.02494875 0.00311859413361439
0.02496625 0.00312078163334544
0.02498375 0.00312296913307804
0.02500125 0.00312515663280987
0.02501875 0.00312734413254169
0.02503625 0.00312953163227429
0.02505375 0.00313171913200766
0.02507125 0.00313390663174104
0.02508875 0.00313609413147441
0.02510625 0.00313828163120763
0.02512375 0.00314046913094209
0.02514125 0.00314265663067671
0.02515875 0.00314484413041271
0.02517625 0.00314703163014888
0.02519375 0.00314921912988395
0.02521125 0.00315140662962042
0.02522875 0.00315359412935612
0.02524625 0.00315578162909259
0.02526375 0.00315796912883061
0.02528125 0.00316015662856863
0.02529875 0.00316234412830665
0.02531625 0.00316453162804545
0.02533375 0.00316671912778114
0.02535125 0.00316890662751994
0.02536875 0.00317109412725796
0.02538625 0.00317328162699598
0.02540375 0.00317546912673555
0.02542125 0.00317765662647667
0.02543875 0.00317984412621779
0.02545625 0.00318203162595813
0.02547375 0.0031842191257008
0.02549125 0.00318640662544269
0.02550875 0.00318859412518458
0.02552625 0.00319078162492725
0.02554375 0.00319296912467132
0.02556125 0.00319515662441491
0.02557875 0.0031973441241599
0.02559625 0.00319953162390644
0.02561375 0.0032017191236522
0.02563125 0.00320390662339797
0.02564875 0.0032060941231445
0.02566625 0.00320828162289027
0.02568375 0.00321046912263603
0.02570125 0.0032126566223818
0.02571875 0.00321484412212834
0.02573625 0.00321703162187565
0.02575375 0.00321921912162297
0.02577125 0.0032214066213695
0.02578875 0.00322359412111992
0.02580625 0.00322578162086878
0.02582375 0.00322796912061919
0.02584125 0.00323015662036805
0.02585875 0.00323234412011691
0.02587625 0.00323453161986578
0.02589375 0.00323671911961696
0.02591125 0.00323890661936492
0.02592875 0.00324109411911482
0.02594625 0.00324328161886652
0.02596375 0.00324546911861642
0.02598125 0.00324765661836812
0.02599875 0.00324984411812021
0.02601625 0.00325203161787139
0.02603375 0.0032542191176249
0.02605125 0.00325640661737841
0.02606875 0.00325859411713037
0.02608625 0.00326078161688465
0.02610375 0.00326296911663894
0.02612125 0.00326515661639245
0.02613875 0.00326734411614828
0.02615625 0.00326953161590411
0.02617375 0.00327171911565839
0.02619125 0.00327390661541423
0.02620875 0.00327609411517006
0.02622625 0.00327828161492589
0.02624375 0.0032804691146825
0.02626125 0.00328265661444065
0.02627875 0.00328484411419714
0.02629625 0.00328703161395631
0.02631375 0.00328921911371345
0.02633125 0.00329140661347262
0.02634875 0.00329359411323054
0.02636625 0.00329578161299126
0.02638375 0.00329796911274995
0.02640125 0.00330015661250912
0.02641875 0.00330234411226936
0.02643625 0.00330453161202918
0.02645375 0.00330671911179044
0.02647125 0.00330890661155169
0.02648875 0.00331109411131294
0.02650625 0.0033132816110742
0.02652375 0.003315469110837
0.02654125 0.00331765661059903
0.02655875 0.00331984411036105
0.02657625 0.00332203161012308
0.02659375 0.00332421910988588
0.02661125 0.00332640660964946
0.02662875 0.00332859410941381
0.02664625 0.0033307816091765
0.02666375 0.0033329691089403
0.02668125 0.00333515660870598
0.02669875 0.00333734410846901
0.02671625 0.00333953160823545
0.02673375 0.00334171910800003
0.02675125 0.00334390660776648
0.02676875 0.00334609410753105
0.02678625 0.00334828160729906
0.02680375 0.00335046910706595
0.02682125 0.00335265660683395
0.02683875 0.00335484410659853
0.02685625 0.00335703160636808
0.02687375 0.00335921910613564
0.02689125 0.00336140660590386
0.02690875 0.00336359410567053
0.02692625 0.00336578160543876
0.02694375 0.00336796910520776
0.02696125 0.00337015660497675
0.02697875 0.00337234410474797
0.02699625 0.0033745316045195
0.02701375 0.00337671910428751
0.02703125 0.00337890660405982
0.02704875 0.00338109410383016
0.02706625 0.00338328160360091
0.02708375 0.0033854691033728
0.02710125 0.00338765660314433
0.02711875 0.00338984410291544
0.02713625 0.00339203160269084
0.02715375 0.00339421910246196
0.02717125 0.00339640660223503
0.02718875 0.0033985941020077
0.02720625 0.00340078160178077
0.02722375 0.00340296910155499
0.02724125 0.0034051566013296
0.02725875 0.00340734410110383
0.02727625 0.00340953160087999
0.02729375 0.00341171910065344
0.02731125 0.00341390660042873
0.02732875 0.00341609410020547
0.02734625 0.00341828159997979
0.02736375 0.00342046909975673
0.02738125 0.00342265659953405
0.02739875 0.00342484409931021
0.02741625 0.00342703159908754
0.02743375 0.00342921909886447
0.02745125 0.0034314065986418
0.02746875 0.00343359409842028
0.02748625 0.00343578159819915
0.02750375 0.00343796909797686
0.02752125 0.00344015659775496
0.02753875 0.00344234409753421
0.02755625 0.00344453159731464
0.02757375 0.00344671909709389
0.02759125 0.00344890659687355
0.02760875 0.00345109409665434
0.02762625 0.003453281596434
0.02764375 0.00345546909621402
0.02766125 0.00345765659599601
0.02767875 0.0034598440957768
0.02769625 0.00346203159555956
0.02771375 0.00346421909534026
0.02773125 0.00346640659512165
0.02774875 0.00346859409490304
0.02776625 0.00347078159468365
0.02778375 0.00347296909446573
0.02780125 0.00347515659424961
0.02781875 0.00347734409403315
0.02783625 0.00347953159381859
0.02785375 0.00348171909360135
0.02787125 0.00348390659338523
0.02788875 0.00348609409317033
0.02790625 0.00348828159295498
0.02792375 0.00349046909274008
0.02794125 0.00349265659252473
0.02795875 0.00349484409230982
0.02797625 0.00349703159209447
0.02799375 0.00349921909188035
0.02801125 0.00350140659166732
0.02802875 0.00350359409145474
0.02804625 0.00350578159124008
0.02806375 0.00350796909102766
0.02808125 0.00351015659081447
0.02809875 0.00351234409060283
0.02811625 0.00351453159039042
0.02813375 0.00351671909017878
0.02815125 0.00351890658996713
0.02816875 0.00352109408975627
0.02818625 0.00352328158954463
0.02820375 0.00352546908933453
0.02822125 0.00352765658912436
0.02823875 0.0035298440889152
0.02825625 0.00353203158870418
0.02827375 0.00353421908849578
0.02829125 0.00353640658828632
0.02830875 0.00353859408807715
0.02832625 0.00354078158786768
0.02834375 0.00354296908765928
0.02836125 0.0035451565874506
0.02837875 0.00354734408724452
0.02839625 0.00354953158703506
0.02841375 0.00355171908682659
0.02843125 0.00355390658662191
0.02844875 0.00355609408641414
0.02846625 0.00355828158620715
0.02848375 0.00356046908600093
0.02850125 0.00356265658579471
0.02851875 0.00356484408558849
0.02853625 0.00356703158538304
0.02855375 0.00356921908517682
0.02857125 0.00357140658497138
0.02858875 0.00357359408476593
0.02860625 0.00357578158456126
0.02862375 0.00357796908435736
0.02864125 0.00358015658415346
0.02865875 0.00358234408394795
0.02867625 0.00358453158374341
0.02869375 0.00358671908353938
0.02871125 0.00358890658333716
0.02872875 0.00359109408313314
0.02874625 0.00359328158293014
0.02876375 0.00359546908272767
0.02878125 0.00359765658252693
0.02879875 0.00359984408232458
0.02881625 0.00360203158212069
0.02883375 0.00360421908191756
0.02885125 0.00360640658171599
0.02886875 0.00360859408151442
0.02888625 0.00361078158131439
0.02890375 0.00361296908111282
0.02892125 0.00361515658091279
0.02893875 0.00361734408071277
0.02895625 0.00361953158051352
0.02897375 0.00362171908031272
0.02899125 0.00362390658011347
0.02900875 0.00362609407991422
0.02902625 0.00362828157971574
0.02904375 0.00363046907951726
0.02906125 0.00363265657931879
0.02907875 0.00363484407912031
0.02909625 0.00363703157892261
0.02911375 0.0036392190787264
0.02913125 0.00364140657852875
0.02914875 0.00364359407833183
0.02916625 0.00364578157813645
0.02918375 0.00364796907793875
0.02920125 0.00365015657774259
0.02921875 0.00365234407754644
0.02923625 0.00365453157734951
0.02925375 0.00365671907715413
0.02927125 0.00365890657695798
0.02928875 0.0036610940767626
0.02930625 0.003663281576568
0.02932375 0.00366546907637339
0.02934125 0.00366765657617802
0.02935875 0.00366984407598419
0.02937625 0.00367203157578958
0.02939375 0.00367421907559498
0.02941125 0.0036764065754027
0.02942875 0.00367859407520809
0.02944625 0.00368078157501504
0.02946375 0.00368296907482276
0.02948125 0.0036851565746297
0.02949875 0.00368734407443583
0.02951625 0.00368953157424209
0.02953375 0.00369171907405049
0.02955125 0.0036939065738583
0.02956875 0.00369609407366826
0.02958625 0.00369828157347757
0.02960375 0.00370046907328451
0.02962125 0.00370265657309301
0.02963875 0.00370484407290227
0.02965625 0.00370703157271154
0.02967375 0.00370921907252158
0.02969125 0.00371140657233085
0.02970875 0.00371359407214089
0.02972625 0.00371578157195249
0.02974375 0.00371796907176253
0.02976125 0.00372015657157257
0.02977875 0.00372234407138416
0.02979625 0.00372453157119575
0.02981375 0.00372671907100657
0.02983125 0.00372890657081894
0.02984875 0.00373109407063053
0.02986625 0.00373328157044286
0.02988375 0.00373546907025684
0.02990125 0.00373765657006759
0.02991875 0.00373984406988157
0.02993625 0.00374203156969387
0.02995375 0.00374421906950708
0.02997125 0.00374640656932093
0.02998875 0.00374859406913568
0.03000625 0.00375078156894798
0.03002375 0.00375296906876348
0.03004125 0.00375515656857817
0.03005875 0.00375734406839286
0.03007625 0.00375953156820755
0.03009375 0.00376171906802224
0.03011125 0.0037639065678377
0.03012875 0.00376609406765316
0.03014625 0.00376828156746785
0.03016375 0.00377046906728486
0.03018125 0.00377265656709955
0.03019875 0.00377484406691654
0.03021625 0.00377703156673205
0.03023375 0.00377921906654902
0.03025125 0.00378140656636608
0.03026875 0.00378359406618382
0.03028625 0.0037857815660001
0.03030375 0.00378796906581862
0.03032125 0.0037901565656349
0.03033875 0.00379234406545342
0.03035625 0.00379453156527125
0.03037375 0.00379671906508977
0.03039125 0.00379890656490914
0.03040875 0.00380109406472766
0.03042625 0.00380328156454549
0.03044375 0.00380546906436479
0.03046125 0.00380765656418492
0.03047875 0.00380984406400425
0.03049625 0.00381203156382281
0.03051375 0.00381421906364215
0.03053125 0.00381640656346226
0.03054875 0.00381859406328314
0.03056625 0.00382078156310633
0.03058375 0.00382296906292725
0.03060125 0.00382515656274656
0.03061875 0.00382734406256902
0.03063625 0.00382953156238912
0.03065375 0.00383171906220923
0.03067125 0.00383390656203243
0.03068875 0.00383609406185409
0.03070625 0.00383828156167653
0.03072375 0.00384046906149818
0.03074125 0.00384265656132293
0.03075875 0.00384484406114537
0.03077625 0.00384703156096858
0.03079375 0.00384921906079334
0.03081125 0.00385140656061577
0.03082875 0.00385359406043975
0.03084625 0.00385578156026451
0.03086375 0.00385796906008849
0.03088125 0.00386015655991248
0.03089875 0.00386234405973646
0.03091625 0.00386453155956199
0.03093375 0.00386671905938675
0.03095125 0.0038689065592115
0.03096875 0.00387109405903626
0.03098625 0.00387328155886256
0.03100375 0.0038754690586881
0.03102125 0.00387765655851363
0.03103875 0.00387984405833993
0.03105625 0.00388203155816546
0.03107375 0.00388421905799254
0.03109125 0.00388640655781652
0.03110875 0.00388859405764438
0.03112625 0.00389078155747223
0.03114375 0.00389296905729854
0.03116125 0.00389515655712639
0.03117875 0.00389734405695347
0.03119625 0.00389953155678133
0.03121375 0.00390171905660918
0.03123125 0.00390390655643781
0.03124875 0.00390609405626722
0.03126625 0.00390828155609585
0.03128375 0.0039104690559237
0.03130125 0.0039126565557531
0.03131875 0.00391484405558173
0.03133625 0.00391703155541036
0.03135375 0.00391921905524054
0.03137125 0.00392140655507149
0.03138875 0.00392359405490167
0.03140625 0.00392578155473262
0.03142375 0.00392796905456279
0.03144125 0.00393015655439374
0.03145875 0.00393234405422394
0.03147625 0.0039345315540541
0.03149375 0.00393671905388583
0.03151125 0.00393890655371678
0.03152875 0.00394109405354853
0.03154625 0.00394328155337945
0.03156375 0.00394546905321118
0.03158125 0.0039476565530437
0.03159875 0.00394984405287542
0.03161625 0.00395203155270713
0.03163375 0.00395421905254118
0.03165125 0.0039564065523737
0.03166875 0.00395859405220698
0.03168625 0.00396078155203946
0.03170375 0.00396296905187273
0.03172125 0.00396515655170758
0.03173875 0.00396734405153931
0.03175625 0.00396953155137333
0.03177375 0.00397171905120738
0.03179125 0.00397390655104068
0.03180875 0.00397609405087551
0.03182625 0.00397828155071031
0.03184375 0.00398046905054435
0.03186125 0.00398265655038001
0.03187875 0.00398484405021478
0.03189625 0.00398703155005038
0.03191375 0.00398921904988597
0.03193125 0.00399140654972164
0.03194875 0.00399359404955795
0.03196625 0.00399578154939432
0.03198375 0.00399796904922992
0.03200125 0.00400015654906559
0.03201875 0.00400234404890421
0.03203625 0.00400453154873981
0.03205375 0.00400671904857622
0.03207125 0.00400890654841337
0.03208875 0.00401109404825125
0.03210625 0.0040132815480884
0.03212375 0.00401546904792481
0.03214125 0.00401765654776351
0.03215875 0.00401984404760139
0.03217625 0.00402203154743931
0.03219375 0.0040242190472781
0.03221125 0.00402640654711593
0.03222875 0.00402859404695385
0.03224625 0.00403078154679332
0.03226375 0.00403296904663211
0.03228125 0.00403515654647226
0.03229875 0.00403734404631096
0.03231625 0.0040395315461512
0.03233375 0.00404171904599078
0.03235125 0.00404390654583092
0.03236875 0.00404609404567193
0.03238625 0.00404828154551063
0.03240375 0.00405046904535176
0.03242125 0.00405265654519112
0.03243875 0.00405484404503214
0.03245625 0.00405703154487316
0.03247375 0.00405921904471507
0.03249125 0.00406140654455597
0.03250875 0.00406359404439699
0.03252625 0.00406578154423969
0.03254375 0.00406796904408135
0.03256125 0.00407015654392237
0.03257875 0.00407234404376494
0.03259625 0.00407453154360687
0.03261375 0.0040767190434493
0.03263125 0.00407890654329342
0.03264875 0.00408109404313521
0.03266625 0.00408328154297792
0.03268375 0.00408546904282035
0.03270125 0.00408765654266369
0.03271875 0.00408984404250703
0.03273625 0.0040920315423513
0.03275375 0.00409421904219527
0.03277125 0.00409640654203939
0.03278875 0.00409859404188273
0.03280625 0.00410078154172777
0.03282375 0.00410296904157174
0.03284125 0.0041051565414174
0.03285875 0.00410734404126229
0.03287625 0.00410953154110735
0.03289375 0.00411171904095208
0.03291125 0.00411390654079774
0.03292875 0.0041160940406428
0.03294625 0.00411828154048907
0.03296375 0.00412046904033397
0.03298125 0.00412265654018041
0.03299875 0.00412484404002625
0.03301625 0.00412703153987329
0.03303375 0.00412921903971973
0.03305125 0.00413140653956617
0.03306875 0.00413359403941356
0.03308625 0.00413578153925982
0.03310375 0.00413796903910704
0.03312125 0.00414015653895503
0.03313875 0.00414234403880243
0.03315625 0.00414453153865023
0.03317375 0.00414671903849667
0.03319125 0.00414890653834543
0.03320875 0.00415109403819207
0.03322625 0.00415328153804064
0.03324375 0.0041554690378894
0.03326125 0.00415765653773826
0.03327875 0.00415984403758703
0.03329625 0.00416203153743569
0.03331375 0.00416421903728523
0.03333125 0.00416640653713332
0.03334875 0.00416859403698286
0.03336625 0.00417078153683229
0.03338375 0.00417296903668261
0.03340125 0.00417515653653236
0.03341875 0.00417734403638323
0.03343625 0.00417953153623277
0.03345375 0.00418171903608231
0.03347125 0.00418390653593207
0.03348875 0.00418609403578216
0.03350625 0.00418828153563479
0.03352375 0.00419046903548433
0.03354125 0.00419265653533565
0.03355875 0.00419484403518728
0.03357625 0.00419703153503837
0.03359375 0.00419921903489035
0.03361125 0.00420140653474221
0.03362875 0.00420359403459318
0.03364625 0.00420578153444504
0.03366375 0.00420796903429702
0.03368125 0.00421015653414966
0.03369875 0.00421234403400295
0.03371625 0.00421453153385558
0.03373375 0.00421671903370834
0.03375125 0.00421890653356175
0.03376875 0.00422109403341426
0.03378625 0.00422328153326767
0.03380375 0.00422546903312121
0.03382125 0.00422765653297462
0.03383875 0.0042298440328279
0.03385625 0.00423203153268209
0.03387375 0.00423421903253653
0.03389125 0.00423640653238968
0.03390875 0.00423859403224464
0.03392625 0.00424078153209883
0.03394375 0.00424296903195405
0.03396125 0.00424515653180952
0.03397875 0.0042473440316637
0.03399625 0.00424953153151802
0.03401375 0.00425171903137453
0.03403125 0.00425390653123013
0.03404875 0.00425609403108431
0.03406625 0.00425828153094019
0.03408375 0.0042604690307967
0.03410125 0.00426265653065229
0.03411875 0.0042648440305088
0.03413625 0.00426703153036545
0.03415375 0.00426921903022196
0.03417125 0.00427140653007832
0.03418875 0.0042735940299356
0.03420625 0.00427578152979071
0.03422375 0.00427796902964722
0.03424125 0.0042801565295059
0.03425875 0.00428234402936318
0.03427625 0.00428453152921999
0.03429375 0.00428671902907775
0.03431125 0.00428890652893581
0.03432875 0.00429109402879401
0.03434625 0.00429328152865052
0.03436375 0.00429546902850843
0.03438125 0.00429765652836726
0.03439875 0.00429984402822547
0.03441625 0.00430203152808353
0.03443375 0.00430421902794298
0.03445125 0.00430640652780181
0.03446875 0.0043085940276608
0.03448625 0.0043107815275204
0.03450375 0.00431296902737908
0.03452125 0.00431515652723946
0.03453875 0.00431734402709845
0.03455625 0.00431953152695883
0.03457375 0.0043217190268175
0.03459125 0.00432390652667788
0.03460875 0.00432609402653842
0.03462625 0.00432828152639881
0.03464375 0.00433046902625902
0.03466125 0.00433265652612034
0.03467875 0.00433484402598055
0.03469625 0.00433703152584265
0.03471375 0.00433921902570209
0.03473125 0.00434140652556419
0.03474875 0.00434359402542457
0.03476625 0.00434578152528632
0.03478375 0.00434796902514748
0.03480125 0.00435015652500958
0.03481875 0.00435234402487229
0.03483625 0.00435453152473481
0.03485375 0.00435671902459597
0.03487125 0.00435890652445808
0.03488875 0.00436109402432156
0.03490625 0.00436328152418408
0.03492375 0.00436546902404523
0.03494125 0.00436765652390812
0.03495875 0.0043698440237716
0.03497625 0.00437203152363489
0.03499375 0.00437421902349682
0.03501125 0.00437640652336049
0.03502875 0.00437859402322396
0.03504625 0.00438078152308803
0.03506375 0.0043829690229517
0.03508125 0.00438515652281576
0.03509875 0.00438734402267943
0.03511625 0.00438953152254349
0.03513375 0.00439171902240793
0.03515125 0.00439390652227277
0.03516875 0.00439609402213721
0.03518625 0.00439828152200205
0.03520375 0.00440046902186727
0.03522125 0.00440265652173152
0.03523875 0.00440484402159713
0.03525625 0.00440703152146215
0.03527375 0.00440921902132815
0.03529125 0.00441140652119396
0.03530875 0.00441359402105956
0.03532625 0.00441578152092536
0.03534375 0.00441796902079136
0.03536125 0.00442015652065716
0.03537875 0.00442234402052354
0.03539625 0.00442453152038954
0.03541375 0.00442671902025669
0.03543125 0.00442890652012502
0.03544875 0.00443109401999139
0.03546625 0.00443328151985817
0.03548375 0.00443546901972454
0.03550125 0.0044376565195921
0.03551875 0.00443984401945924
0.03553625 0.00444203151932602
0.03555375 0.00444421901919471
0.03557125 0.00444640651906305
0.03558875 0.00444859401893096
0.03560625 0.00445078151879852
0.03562375 0.00445296901866665
0.03564125 0.00445515651853456
0.03565875 0.00445734401840346
0.03567625 0.00445953151827103
0.03569375 0.0044617190181407
0.03571125 0.0044639065180086
0.03572875 0.0044660940178785
0.03574625 0.00446828151774718
0.03576375 0.0044704690176163
0.03578125 0.00447265651748497
0.03579875 0.00447484401735487
0.03581625 0.00447703151722432
0.03583375 0.00447921901709345
0.03585125 0.00448140651696212
0.03586875 0.00448359401683047
0.03588625 0.00448578151670146
0.03590375 0.00448796901657059
0.03592125 0.00449015651644159
0.03593875 0.00449234401631072
0.03595625 0.00449453151618171
0.03597375 0.00449671901605239
0.03599125 0.00449890651592338
0.03600875 0.00450109401579406
0.03602625 0.00450328151566582
0.03604375 0.00450546901553805
0.03606125 0.00450765651541059
0.03607875 0.0045098440152805
0.03609625 0.00451203151515095
0.03611375 0.0045142190150227
0.03613125 0.00451640651489417
0.03614875 0.00451859401476747
0.03616625 0.00452078151463971
0.03618375 0.00452296901451146
0.03620125 0.00452515651438371
0.03621875 0.00452734401425701
0.03623625 0.00452953151413002
0.03625375 0.00453171901400255
0.03627125 0.00453390651387557
0.03628875 0.00453609401374886
0.03630625 0.00453828151362111
0.03632375 0.00454046901349441
0.03634125 0.0045426565133682
0.03635875 0.00454484401324227
0.03637625 0.00454703151311685
0.03639375 0.00454921901298936
0.03641125 0.00455140651286394
0.03642875 0.004553594012738
0.03644625 0.00455578151261258
0.03646375 0.00455796901248664
0.03648125 0.00456015651236122
0.03649875 0.00456234401223477
0.03651625 0.00456453151210805
0.03653375 0.00456671901198341
0.03655125 0.00456890651185901
0.03656875 0.00457109401173437
0.03658625 0.00457328151161075
0.03660375 0.00457546901148534
0.03662125 0.00457765651136017
0.03663875 0.00457984401123553
0.03665625 0.00458203151111035
0.03667375 0.00458421901098572
0.03669125 0.00458640651086287
0.03670875 0.00458859401073823
0.03672625 0.00459078151061228
0.03674375 0.0045929690104892
0.03676125 0.00459515651036557
0.03677875 0.00459734401024171
0.03679625 0.00459953151011653
0.03681375 0.00460171900999422
0.03683125 0.00460390650987009
0.03684875 0.00460609400974491
0.03686625 0.00460828150962233
0.03688375 0.0046104690095008
0.03690125 0.00461265650937744
0.03691875 0.00461484400925303
0.03693625 0.00461703150913045
0.03695375 0.00461921900900815
0.03697125 0.00462140650888634
0.03698875 0.00462359400876348
0.03700625 0.00462578150864195
0.03702375 0.00462796900851831
0.03704125 0.00463015650839524
0.03705875 0.00463234400827392
0.03707625 0.00463453150815163
0.03709375 0.0046367190080303
0.03711125 0.00463890650790801
0.03712875 0.00464109400778591
0.03714625 0.00464328150766517
0.03716375 0.00464546900754385
0.03718125 0.00464765650742311
0.03719875 0.004649844007301
0.03721625 0.00465203150717949
0.03723375 0.00465421900706001
0.03725125 0.00465640650693945
0.03726875 0.00465859400681842
0.03728625 0.00466078150669846
0.03730375 0.00466296900657897
0.03732125 0.00466515650645919
0.03733875 0.00466734400633893
0.03735625 0.00466953150621897
0.03737375 0.00467171900610026
0.03739125 0.00467390650598048
0.03740875 0.00467609400586052
0.03742625 0.00467828150573996
0.03744375 0.00468046900562
0.03746125 0.00468265650550021
0.03747875 0.00468484400538026
0.03749625 0.00468703150526047
0.03751375 0.00468921900514207
0.03753125 0.00469140650502305
0.03754875 0.00469359400490465
0.03756625 0.00469578150478594
0.03758375 0.00469796900466847
0.03760125 0.00470015650454976
0.03761875 0.00470234400443136
0.03763625 0.00470453150431343
0.03765375 0.00470671900419672
0.03767125 0.00470890650407801
0.03768875 0.0047110940039604
0.03770625 0.00471328150384246
0.03772375 0.00471546900372653
0.03774125 0.00471765650360859
0.03775875 0.0047198440034902
0.03777625 0.00472203150337227
0.03779375 0.00472421900325478
0.03781125 0.00472640650313762
0.03782875 0.00472859400302001
0.03784625 0.00473078150290053
0.03786375 0.00473296900278536
0.03788125 0.00473515650266853
0.03789875 0.00473734400255137
0.03791625 0.00473953150243388
0.03793375 0.00474171900231904
0.03795125 0.00474390650220144
0.03796875 0.00474609400208583
0.03798625 0.00474828150196833
0.03800375 0.00475046900185194
0.03802125 0.00475265650173667
0.03803875 0.00475484400162106
0.03805625 0.00475703150150511
0.03807375 0.00475921900139027
0.03809125 0.00476140650127422
0.03810875 0.00476359400115783
0.03812625 0.00476578150104266
0.03814375 0.00476796900092782
0.03816125 0.00477015650081177
0.03817875 0.00477234400069616
0.03819625 0.00477453150058098
0.03821375 0.00477671900046537
0.03823125 0.0047789065003501
0.03824875 0.00478109400023526
0.03826625 0.00478328150012008
0.03828375 0.00478546900000601
0.03830125 0.00478765649989265
0.03831875 0.00478984399977789
0.03833625 0.00479203149966382
0.03835375 0.00479421899955089
0.03837125 0.00479640649943682
0.03838875 0.00479859399932163
0.03840625 0.00480078149920834
0.03842375 0.00480296899909463
0.03844125 0.0048051564989798
0.03845875 0.00480734399886615
0.03847625 0.00480953149875286
0.03849375 0.00481171899863993
0.03851125 0.00481390649852664
0.03852875 0.00481609399841299
0.03854625 0.00481828149830048
0.03856375 0.00482046899818755
0.03858125 0.00482265649807349
0.03859875 0.00482484399796061
0.03861625 0.00482703149784887
0.03863375 0.00482921899773709
0.03865125 0.00483140649762462
0.03866875 0.00483359399751287
0.03868625 0.00483578149740036
0.03870375 0.00483796899728936
0.03872125 0.00484015649717688
0.03873875 0.00484234399706514
0.03875625 0.00484453149695454
0.03877375 0.0048467189968428
0.03879125 0.00484890649673147
0.03880875 0.00485109399661973
0.03882625 0.00485328149650913
0.03884375 0.0048554689963974
0.03886125 0.00485765649628683
0.03887875 0.00485984399617586
0.03889625 0.00486203149606527
0.03891375 0.00486421899595508
0.03893125 0.00486640649584451
0.03894875 0.00486859399573432
0.03896625 0.00487078149562412
0.03898375 0.00487296899551316
0.03900125 0.00487515649540375
0.03901875 0.00487734399529278
0.03903625 0.00487953149518413
0.03905375 0.00488171899507356
0.03907125 0.00488390649496375
0.03908875 0.00488609399485434
0.03910625 0.00488828149474454
0.03912375 0.00489046899463511
0.03914125 0.0048926564945257
0.03915875 0.00489484399441589
0.03917625 0.0048970314943061
0.03919375 0.00489921899419706
0.03921125 0.00490140649408803
0.03922875 0.00490359399397901
0.03924625 0.00490578149387191
0.03926375 0.00490796899376326
0.03928125 0.00491015649365578
0.03929875 0.00491234399354676
0.03931625 0.00491453149343967
0.03933375 0.00491671899333179
0.03935125 0.00491890649322353
0.03936875 0.00492109399311531
0.03938625 0.00492328149300741
0.03940375 0.00492546899289915
0.03942125 0.00492765649279167
0.03943875 0.00492984399268384
0.03945625 0.00493203149257516
0.03947375 0.00493421899246768
0.03949125 0.00493640649236059
0.03950875 0.00493859399225354
0.03952625 0.00494078149214562
0.03954375 0.00494296899203853
0.03956125 0.00494515649193144
0.03957875 0.00494734399182401
0.03959625 0.00494953149171802
0.03961375 0.00495171899161093
0.03963125 0.00495390649150348
0.03964875 0.00495609399139754
0.03966625 0.0049582814912912
0.03968375 0.00496046899118488
0.03970125 0.00496265649107862
0.03971875 0.00496484399097185
0.03973625 0.00496703149086514
0.03975375 0.00496921899075921
0.03977125 0.00497140649065335
0.03978875 0.00497359399054696
0.03980625 0.0049757814904418
0.03982375 0.00497796899033626
0.03984125 0.0049801564902304
0.03985875 0.00498234399012517
0.03987625 0.00498453149001962
0.03989375 0.00498671898991485
0.03991125 0.00498890648980978
0.03992875 0.00499109398970415
0.03994625 0.00499328148959899
0.03996375 0.00499546898949461
0.03998125 0.00499765648938993
0.03999875 0.00499984398928507
0.04001625 0.00500203148918068
0.04003375 0.00500421898907673
0.04005125 0.00500640648897119
0.04006875 0.00500859398886715
0.04008625 0.00501078148876315
0.04010375 0.00501296898865848
0.04012125 0.00501515648855516
0.04013875 0.00501734398845077
0.04015625 0.00501953148834716
0.04017375 0.00502171898824212
0.04019125 0.0050239064881384
0.04020875 0.00502609398803479
0.04022625 0.00502828148793157
0.04024375 0.0050304689878273
0.04026125 0.00503265648772435
0.04027875 0.00503484398762151
0.04029625 0.00503703148751791
0.04031375 0.0050392189874152
0.04033125 0.00504140648731224
0.04034875 0.00504359398720901
0.04036625 0.00504578148710695
0.04038375 0.00504796898700386
0.04040125 0.00505015648690051
0.04041875 0.00505234398679845
0.04043625 0.00505453148669607
0.04045375 0.00505671898659324
0.04047125 0.00505890648649072
0.04048875 0.00506109398638827
0.04050625 0.0050632814862859
0.04052375 0.00506546898618384
0.04054125 0.00506765648608132
0.04055875 0.00506984398597926
0.04057625 0.00507203148587735
0.04059375 0.00507421898577553
0.04061125 0.00507640648567424
0.04062875 0.00507859398557257
0.04064625 0.00508078148547144
0.04066375 0.00508296898536961
0.04068125 0.00508515648526871
0.04069875 0.00508734398516743
0.04071625 0.00508953148506708
0.04073375 0.00509171898496602
0.04075125 0.00509390648486512
0.04076875 0.00509609398476469
0.04078625 0.00509828148466379
0.04080375 0.0051004689845632
0.04082125 0.0051026564844623
0.04083875 0.00510484398436226
0.04085625 0.00510703148426136
0.04087375 0.00510921898416115
0.04089125 0.00511140648406103
0.04090875 0.00511359398396099
0.04092625 0.00511578148386165
0.04094375 0.00511796898376182
0.04096125 0.00512015648366208
0.04097875 0.00512234398356253
0.04099625 0.00512453148346299
0.04101375 0.00512671898336364
0.04103125 0.00512890648326391
0.04104875 0.00513109398316514
0.04106625 0.00513328148306482
0.04108375 0.00513546898296547
0.04110125 0.00513765648286622
0.04111875 0.00513984398276649
0.04113625 0.0051420314826682
0.04115375 0.00514421898256885
0.04117125 0.0051464064824696
0.04118875 0.00514859398237103
0.04120625 0.00515078148227312
0.04122375 0.00515296898217416
0.04124125 0.00515515648207531
0.04125875 0.00515734398197712
0.04127625 0.0051595314818796
0.04129375 0.00516171898178025
0.04131125 0.00516390648168256
0.04132875 0.00516609398158476
0.04134625 0.00516828148148684
0.04136375 0.00517046898138827
0.04138125 0.00517265648129058
0.04139875 0.00517484398119278
0.04141625 0.00517703148109564
0.04143375 0.00517921898099745
0.04145125 0.00518140648089989
0.04146875 0.00518359398080301
0.04148625 0.0051857814807056
0.04150375 0.00518796898060831
0.04152125 0.00519015648051167
0.04153875 0.00519234398041452
0.04155625 0.00519453148031749
0.04157375 0.00519671898022021
0.04159125 0.00519890648012357
0.04160875 0.0052010939800268
0.04162625 0.00520328147993016
0.04164375 0.00520546897983327
0.04166125 0.00520765647973701
0.04167875 0.00520984397964063
0.04169625 0.00521203147954438
0.04171375 0.0052142189794471
0.04173125 0.00521640647935162
0.04174875 0.00521859397925563
0.04176625 0.00522078147915937
0.04178375 0.00522296897906364
0.04180125 0.00522515647896739
0.04181875 0.00522734397887101
0.04183625 0.00522953147877567
0.04185375 0.00523171897868044
0.04187125 0.00523390647858549
0.04188875 0.00523609397848987
0.04190625 0.00523828147839453
0.04192375 0.00524046897829983
0.04194125 0.00524265647820383
0.04195875 0.00524484397810874
0.04197625 0.00524703147801379
0.04199375 0.00524921897791909
0.04201125 0.00525140647782385
0.04202875 0.00525359397772876
0.04204625 0.00525578147763459
0.04206375 0.00525796897753912
0.04208125 0.00526015647744426
0.04209875 0.00526234397734995
0.04211625 0.00526453147725501
0.04213375 0.00526671897716031
0.04215125 0.00526890647706545
0.04216875 0.00527109397697168
0.04218625 0.0052732814768776
0.04220375 0.00527546897678344
0.04222125 0.00527765647668896
0.04223875 0.00527984397659558
0.04225625 0.00528203147650188
0.04227375 0.00528421897640772
0.04229125 0.00528640647631402
0.04230875 0.00528859397622026
0.04232625 0.0052907814761271
0.04234375 0.00529296897603263
0.04236125 0.00529515647593947
0.04237875 0.00529734397584687
0.04239625 0.00529953147575294
0.04241375 0.00530171897565962
0.04243125 0.00530390647556647
0.04244875 0.00530609397547387
0.04246625 0.00530828147538072
0.04248375 0.00531046897528778
0.04250125 0.0053126564751954
0.04251875 0.0053148439751028
0.04253625 0.00531703147500965
0.04255375 0.0053192189749171
0.04257125 0.00532140647482489
0.04258875 0.00532359397473234
0.04260625 0.00532578147464014
0.04262375 0.00532796897454758
0.04264125 0.00533015647445499
0.04265875 0.00533234397436243
0.04267625 0.00533453147426946
0.04269375 0.00533671897417806
0.04271125 0.00533890647408586
0.04272875 0.00534109397399369
0.04274625 0.00534328147390149
0.04276375 0.00534546897381009
0.04278125 0.00534765647371828
0.04279875 0.00534984397362629
0.04281625 0.00535203147353566
0.04283375 0.00535421897344444
0.04285125 0.00535640647335303
0.04286875 0.00535859397326104
0.04288625 0.0053607814731704
0.04290375 0.0053629689730786
0.04292125 0.00536515647298835
0.04293875 0.00536734397289733
0.04295625 0.00536953147280708
0.04297375 0.00537171897271606
0.04299125 0.00537390647262542
0.04300875 0.0053760939725344
0.04302625 0.00537828147244453
0.04304375 0.00538046897235351
0.04306125 0.00538265647226326
0.04307875 0.0053848439721734
0.04309625 0.00538703147208276
0.04311375 0.00538921897199251
0.04313125 0.00539140647190226
0.04314875 0.00539359397181124
0.04316625 0.00539578147172176
0.04318375 0.00539796897163113
0.04320125 0.00540015647154164
0.04321875 0.00540234397145179
0.04323625 0.00540453147136174
0.04325375 0.00540671897127225
0.04327125 0.00540890647118356
0.04328875 0.00541109397109407
0.04330625 0.00541328147100461
0.04332375 0.00541546897091589
0.04334125 0.00541765647082682
0.04335875 0.00541984397073811
0.04337625 0.00542203147064826
0.04339375 0.00542421897055915
0.04341125 0.00542640647047009
0.04342875 0.00542859397038175
0.04344625 0.00543078147029269
0.04346375 0.00543296897020474
0.04348125 0.00543515647011606
0.04349875 0.00543734397002695
0.04351625 0.00543953146993866
0.04353375 0.00544171896985032
0.04355125 0.00544390646976281
0.04356875 0.00544609396967447
0.04358625 0.00544828146958618
0.04360375 0.00545046896949822
0.04362125 0.00545265646941072
0.04363875 0.00545484396932315
0.04365625 0.00545703146923487
0.04367375 0.00545921896914752
0.04369125 0.00546140646905917
0.04370875 0.00546359396897206
0.04372625 0.00546578146888448
0.04374375 0.00546796896879737
0.04376125 0.00547015646870901
0.04377875 0.00547234396862229
0.04379625 0.00547453146853432
0.04381375 0.00547671896844682
0.04383125 0.00547890646835963
0.04384875 0.00548109396827291
0.04386625 0.00548328146818571
0.04388375 0.00548546896809861
0.04390125 0.00548765646801141
0.04391875 0.00548984396792469
0.04393625 0.00549203146783826
0.04395375 0.00549421896775155
0.04397125 0.00549640646766435
0.04398875 0.00549859396757802
0.04400625 0.00550078146749261
0.04402375 0.00550296896740579
0.04404125 0.00550515646731884
0.04405875 0.0055073439672329
0.04407625 0.00550953146714672
0.04409375 0.00551171896706028
0.04411125 0.00551390646697449
0.04412875 0.00551609396688855
0.04414625 0.00551828146680237
0.04416375 0.00552046896671593
0.04418125 0.00552265646663078
0.04419875 0.00552484396654511
0.04421625 0.00552703146645918
0.04423375 0.00552921896637313
0.04425125 0.00553140646628837
0.04426875 0.0055335939662027
0.04428625 0.00553578146611716
0.04430375 0.00553796896603149
0.04432125 0.00554015646594634
0.04433875 0.00554234396586093
0.04435625 0.00554453146577565
0.04437375 0.00554671896569063
0.04439125 0.00554890646560548
0.04440875 0.00555109396552046
0.04442625 0.00555328146543517
0.04444375 0.00555546896535015
0.04446125 0.00555765646526578
0.04447875 0.00555984396518037
0.04449625 0.00556203146509586
0.04451375 0.00556421896501122
0.04453125 0.00556640646492724
0.04454875 0.00556859396484222
0.04456625 0.00557078146475809
0.04458375 0.00557296896467373
0.04460125 0.00557515646458921
0.04461875 0.00557734396450446
0.04463625 0.00557953146442032
0.04465375 0.00558171896433635
0.04467125 0.00558390646425144
0.04468875 0.00558609396416747
0.04470625 0.00558828146408372
0.04472375 0.00559046896399975
0.04474125 0.0055926564639155
0.04475875 0.00559484396383213
0.04477625 0.00559703146374905
0.04479375 0.00559921896366547
0.04481125 0.00560140646358161
0.04482875 0.00560359396349863
0.04484625 0.00560578146341515
0.04486375 0.00560796896333158
0.04488125 0.00561015646324849
0.04489875 0.0056123439631657
0.04491625 0.00561453146308242
0.04493375 0.00561671896299923
0.04495125 0.00561890646291654
0.04496875 0.00562109396283413
0.04498625 0.00562328146275123
0.04500375 0.00562546896266863
0.04502125 0.00562765646258613
0.04503875 0.0056298439625043
0.04505625 0.00563203146242131
0.04507375 0.00563421896233881
0.04509125 0.00563640646225659
0.04510875 0.00563859396217389
0.04512625 0.00564078146209168
0.04514375 0.00564296896200937
0.04516125 0.00564515646192772
0.04517875 0.00564734396184541
0.04519625 0.0056495314617634
0.04521375 0.00565171896168187
0.04523125 0.00565390646159964
0.04524875 0.00565609396151791
0.04526625 0.0056582814614361
0.04528375 0.00566046896135456
0.04530125 0.00566265646127291
0.04531875 0.00566484396119117
0.04533625 0.00566703146110956
0.04535375 0.00566921896102822
0.04537125 0.00567140646094676
0.04538875 0.00567359396086561
0.04540625 0.00567578146078431
0.04542375 0.00567796896070311
0.04544125 0.00568015646062215
0.04545875 0.00568234396054093
0.04547625 0.00568453146046017
0.04549375 0.00568671896037928
0.04551125 0.00568890646029833
0.04552875 0.0056910939602175
0.04554625 0.00569328146013712
0.04556375 0.00569546896005604
0.04558125 0.00569765645997527
0.04559875 0.00569984395989483
0.04561625 0.00570203145981446
0.04563375 0.00570421895973376
0.04565125 0.00570640645965338
0.04566875 0.00570859395957295
0.04568625 0.00571078145949296
0.04570375 0.00571296895941303
0.04572125 0.00571515645933246
0.04573875 0.00571734395925222
0.04575625 0.00571953145917242
0.04577375 0.00572171895909269
0.04579125 0.0057239064590125
0.04580875 0.00572609395893279
0.04582625 0.0057282814588533
0.04584375 0.00573046895877331
0.04586125 0.0057326564586939
0.04587875 0.0057348439586142
0.04589625 0.00573703145853509
0.04591375 0.00573921895845549
0.04593125 0.00574140645837642
0.04594875 0.0057435939582972
0.04596625 0.00574578145821765
0.04598375 0.00574796895813843
0.04600125 0.00575015645805918
0.04601875 0.00575234395798035
0.04603625 0.00575453145790098
0.04605375 0.00575671895782216
0.04607125 0.00575890645774348
0.04608875 0.00576109395766408
0.04610625 0.00576328145758529
0.04612375 0.00576546895750665
0.04614125 0.00576765645742756
0.04615875 0.00576984395734939
0.04617625 0.00577203145727075
0.04619375 0.00577421895719212
0.04621125 0.00577640645711381
0.04622875 0.00577859395703563
0.04624625 0.00578078145695738
0.04626375 0.0057829689568791
0.04628125 0.00578515645680069
0.04629875 0.00578734395672261
0.04631625 0.0057895314566442
0.04633375 0.00579171895656651
0.04635125 0.00579390645648829
0.04636875 0.00579609395641041
0.04638625 0.00579828145633276
0.04640375 0.00580046895625488
0.04642125 0.00580265645617705
0.04643875 0.00580484395609917
0.04645625 0.00580703145602191
0.04647375 0.00580921895594422
0.04649125 0.00581140645586656
0.04650875 0.00581359395578949
0.04652625 0.00581578145571181
0.04654375 0.00581796895563455
0.04656125 0.00582015645555706
0.04657875 0.00582234395548019
0.04659625 0.00582453145540251
0.04661375 0.00582671895532563
0.04663125 0.00582890645524873
0.04664875 0.00583109395517185
0.04666625 0.00583328145509475
0.04668375 0.00583546895501787
0.04670125 0.00583765645494117
0.04671875 0.00583984395486448
0.04673625 0.00584203145478758
0.04675375 0.00584421895471108
0.04677125 0.00584640645463419
0.04678875 0.00584859395455788
0.04680625 0.00585078145448137
0.04682375 0.00585296895440468
0.04684125 0.00585515645432837
0.04685875 0.00585734395425167
0.04687625 0.00585953145417555
0.04689375 0.00586171895409925
0.04691125 0.00586390645402332
0.04692875 0.00586609395394721
0.04694625 0.00586828145387128
0.04696375 0.00587046895379536
0.04698125 0.00587265645371924
0.04699875 0.00587484395364332
0.04701625 0.00587703145356759
0.04703375 0.00587921895349187
0.04705125 0.00588140645341632
0.04706875 0.00588359395334041
0.04708625 0.00588578145326467
0.04710375 0.00588796895318934
0.04712125 0.00589015645311379
0.04713875 0.00589234395303846
0.04715625 0.00589453145296311
0.04717375 0.00589671895288778
0.04719125 0.00589890645281244
0.04720875 0.00590109395273727
0.04722625 0.00590328145266232
0.04724375 0.00590546895258738
0.04726125 0.00590765645251243
0.04727875 0.00590984395243765
0.04729625 0.00591203145236291
0.04731375 0.00591421895228813
0.04733125 0.00591640645221319
0.04734875 0.0059185939521386
0.04736625 0.00592078145206406
0.04738375 0.00592296895198966
0.04740125 0.00592515645191493
0.04741875 0.00592734395184052
0.04743625 0.00592953145176618
0.04745375 0.00593171895169197
0.04747125 0.00593390645161763
0.04748875 0.00593609395154361
0.04750625 0.00593828145146927
0.04752375 0.00594046895139496
0.04754125 0.0059426564513212
0.04755875 0.00594484395124711
0.04757625 0.00594703145117309
0.04759375 0.00594921895109911
0.04761125 0.00595140645102525
0.04762875 0.00595359395095127
0.04764625 0.00595578145087734
0.04766375 0.00595796895080374
0.04768125 0.00596015645072999
0.04769875 0.00596234395065648
0.04771625 0.00596453145058265
0.04773375 0.00596671895050938
0.04775125 0.00596890645043593
0.04776875 0.00597109395036247
0.04778625 0.00597328145028902
0.04780375 0.00597546895021557
0.04782125 0.00597765645014231
0.04783875 0.00597984395006914
0.04785625 0.00598203144999579
0.04787375 0.00598421894992282
0.04789125 0.00598640644984985
0.04790875 0.00598859394977678
0.04792625 0.00599078144970367
0.04794375 0.00599296894963069
0.04796125 0.00599515644955777
0.04797875 0.005997343949485
0.04799625 0.00599953144941217
0.04801375 0.00600171894933939
0.04803125 0.00600390644926666
0.04804875 0.00600609394919399
0.04806625 0.00600828144912165
0.04808375 0.00601046894904886
0.04810125 0.00601265644897643
0.04811875 0.00601484394890405
0.04813625 0.0060170314488318
0.04815375 0.0060192189487595
0.04817125 0.00602140644868712
0.04818875 0.00602359394861501
0.04820625 0.00602578144854283
0.04822375 0.00602796894847081
0.04824125 0.00603015644839854
0.04825875 0.00603234394832651
0.04827625 0.00603453144825463
0.04829375 0.00603671894818297
0.04831125 0.00603890644811123
0.04832875 0.00604109394803938
0.04834625 0.00604328144796769
0.04836375 0.00604546894789593
0.04838125 0.00604765644782448
0.04839875 0.00604984394775282
0.04841625 0.00605203144768142
0.04843375 0.00605421894760986
0.04845125 0.0060564064475386
0.04846875 0.00605859394746723
0.04848625 0.00606078144739603
0.04850375 0.00606296894732466
0.04852125 0.00606515644725359
0.04853875 0.00606734394718251
0.04855625 0.00606953144711141
0.04857375 0.00607171894704033
0.04859125 0.00607390644696936
0.04860875 0.00607609394689846
0.04862625 0.00607828144682738
0.04864375 0.00608046894675668
0.04866125 0.00608265644668599
0.04867875 0.00608484394661539
0.04869625 0.0060870314465447
0.04871375 0.00608921894647419
0.04873125 0.00609140644640369
0.04874875 0.00609359394633319
0.04876625 0.00609578144626284
0.04878375 0.00609796894619243
0.04880125 0.00610015644612212
0.04881875 0.00610234394605201
0.04883625 0.00610453144598155
0.04885375 0.00610671894591139
0.04887125 0.00610890644584133
0.04888875 0.00611109394577116
0.04890625 0.00611328144570109
0.04892375 0.00611546894563108
0.04894125 0.00611765644556111
0.04895875 0.00611984394549105
0.04897625 0.00612203144542121
0.04899375 0.0061242189453515
0.04901125 0.00612640644528172
0.04902875 0.00612859394521195
0.04904625 0.00613078144514231
0.04906375 0.00613296894507267
0.04908125 0.0061351564450031
0.04909875 0.00613734394493357
0.04911625 0.00613953144486407
0.04913375 0.00614171894479463
0.04915125 0.00614390644472526
0.04916875 0.00614609394465592
0.04918625 0.00614828144458671
0.04920375 0.00615046894451747
0.04922125 0.00615265644444834
0.04923875 0.00615484394437929
0.04925625 0.00615703144431017
0.04927375 0.00615921894424112
0.04929125 0.00616140644417214
0.04930875 0.00616359394410334
0.04932625 0.00616578144403448
0.04934375 0.00616796894396567
0.04936125 0.00617015644389691
0.04937875 0.00617234394382823
0.04939625 0.00617453144375957
0.04941375 0.00617671894369087
0.04943125 0.00617890644362229
0.04944875 0.0061810939435538
0.04946625 0.00618328144348533
0.04948375 0.00618546894341687
0.04950125 0.00618765644334854
0.04951875 0.00618984394328017
0.04953625 0.00619203144321182
0.04955375 0.00619421894314358
0.04957125 0.00619640644307545
0.04958875 0.00619859394300731
0.04960625 0.00620078144293918
0.04962375 0.00620296894287116
0.04964125 0.00620515644280317
0.04965875 0.00620734394273525
0.04967625 0.00620953144266732
0.04969375 0.00621171894259944
0.04971125 0.00621390644253166
0.04972875 0.00621609394246388
0.04974625 0.00621828144239616
0.04976375 0.00622046894232853
0.04978125 0.0062226564422609
0.04979875 0.00622484394219333
0.04981625 0.00622703144212583
0.04983375 0.00622921894205837
0.04985125 0.00623140644199095
0.04986875 0.00623359394192358
0.04988625 0.00623578144185626
0.04990375 0.00623796894178898
0.04992125 0.00624015644172174
0.04993875 0.00624234394165456
0.04995625 0.00624453144158742
0.04997375 0.00624671894152033
0.04999125 0.00624890644145329
