0 0.0001984421761284
7.5e-06 0.0001984421480034
1.5e-05 0.0001984421011284
2.25e-05 0.0001984420280034
3e-05 0.000198441927556971
3.75e-05 0.000198441799431971
4.5e-05 0.000198441643466062
5.25e-05 0.000198441459571832
6e-05 0.000198441247696831
6.75e-05 0.000198441007807126
7.5e-05 0.000198440739879494
8.25e-05 0.000198440443897351
9e-05 0.000198440119848438
9.75e-05 0.000198439767723438
0.000105 0.000198439387515105
0.0001125 0.000198438979217691
0.00012 0.000198438542826562
0.0001275 0.000198438078337925
0.000135 0.00019843758574864
0.0001425 0.000198437065056072
0.00015 0.000198436516257995
0.0001575 0.000198435939352508
0.000165 0.000198435334337973
0.0001725 0.000198434701212973
0.00018 0.000198434039976271
0.0001875 0.000198433350626781
0.000195 0.000198432633163546
0.0002025 0.000198431887585716
0.00021 0.000198431113892534
0.0002175 0.000198430312083324
0.000225 0.000198429482157476
0.0002325 0.000198428624114444
0.00024 0.000198427737953729
0.0002475 0.000198426823674883
0.000255 0.000198425881277495
0.0002625 0.000198424910761191
0.00027 0.000198423912125628
0.0002775 0.000198422885370491
0.000285 0.000198421830495491
0.0002925 0.000198420747500361
0.0003 0.000198419636384855
0.0003075 0.000198418497148744
0.000315 0.000198417329791817
0.0003225 0.000198416134313876
0.00033 0.000198414910714738
0.0003375 0.000198413658994233
0.000345 0.0001984123791522
0.0003525 0.00019841107118849
0.00036 0.000198409735102964
0.0003675 0.00019840837089549
0.000375 0.000198406978565945
0.0003825 0.000198405558114212
0.00039 0.000198404109540183
0.0003975 0.000198402632843755
0.000405 0.00019840112802483
0.0004125 0.000198399595083316
0.00042 0.000198398034019127
0.0004275 0.00019839644483218
0.000435 0.000198394827522398
0.0004425 0.000198393182089706
0.00045 0.000198391508534034
0.0004575 0.000198389806855315
0.000465 0.000198388077053486
0.0004725 0.000198386319128486
0.00048 0.000198384533080257
0.0004875 0.000198382718908746
0.000495 0.000198380876613899
0.0005025 0.000198379006195666
0.00051 0.000198377107653999
0.0005175 0.000198375180988854
0.000525 0.000198373226200185
0.0005325 0.000198371243287951
0.00054 0.000198369232252112
0.0005475 0.000198367193092629
0.000555 0.000198365125809466
0.0005625 0.000198363030402587
0.00057 0.000198360906871958
0.0005775 0.000198358755217547
0.000585 0.000198356575439321
0.0005925 0.000198354367537251
0.0006 0.000198352131511308
0.0006075 0.000198349867361464
0.000615 0.000198347575087691
0.0006225 0.000198345254689964
0.00063 0.000198342906168258
0.0006375 0.000198340529522548
0.000645 0.000198338124752811
0.0006525 0.000198335691859026
0.00066 0.000198333230841169
0.0006675 0.00019833074169922
0.000675 0.000198328224433159
0.0006825 0.000198325679042965
0.00069 0.000198323105528621
0.0006975 0.000198320503890108
0.000705 0.000198317874127408
0.0007125 0.000198315216240503
0.00072 0.000198312530229377
0.0007275 0.000198309816094015
0.000735 0.000198307073834399
0.0007425 0.000198304303450516
0.00075 0.00019830150494235
0.0007575 0.000198298678309888
0.000765 0.000198295823553114
0.0007725 0.000198292940672017
0.00078 0.000198290029666582
0.0007875 0.000198287090536797
0.000795 0.000198284123282651
0.0008025 0.00019828112790413
0.00081 0.000198278104401223
0.0008175 0.000198275052773919
0.000825 0.000198271973022206
0.0008325 0.000198268865146075
0.00084 0.000198265729145515
0.0008475 0.000198262565020515
0.000855 0.000198259372771066
0.0008625 0.000198256152397157
0.00087 0.000198252903898781
0.0008775 0.000198249627275927
0.000885 0.000198246322528586
0.0008925 0.000198242989656751
0.0009 0.000198239628660412
0.0009075 0.000198236239539562
0.000915 0.000198232822294191
0.0009225 0.000198229376924293
0.00093 0.00019822590342986
0.0009375 0.000198222401810884
0.000945 0.000198218872067359
0.0009525 0.000198215314199276
0.00096 0.000198211728206629
0.0009675 0.000198208114089411
0.000975 0.000198204471847615
0.0009825 0.000198200801481236
0.00099 0.000198197102990266
0.0009975 0.0001981933763747
0.001005 0.000198189621634532
0.0010125 0.000198185838769755
0.00102 0.000198182027780364
0.0010275 0.000198178188666353
0.001035 0.000198174321427717
0.0010425 0.00019817042606445
0.00105 0.000198166502576546
0.0010575 0.000198162550964002
0.001065 0.000198158571226811
0.0010725 0.000198154563364969
0.00108 0.000198150527378471
0.0010875 0.000198146463267312
0.001095 0.000198142371031487
0.0011025 0.000198138250670992
0.00111 0.000198134102185823
0.0011175 0.000198129925575974
0.001125 0.000198125720841443
0.0011325 0.000198121487982224
0.00114 0.000198117226998313
0.0011475 0.000198112937889706
0.001155 0.0001981086206564
0.0011625 0.000198104275298391
0.00117 0.000198099901815674
0.0011775 0.000198095500208246
0.001185 0.000198091070476103
0.0011925 0.000198086612619242
0.0012 0.000198082126637659
0.0012075 0.000198077612531351
0.001215 0.000198073070300314
0.0012225 0.000198068499944545
0.00123 0.00019806390146404
0.0012375 0.000198059274858797
0.001245 0.000198054620128813
0.0012525 0.000198049937274083
0.00126 0.000198045226294606
0.0012675 0.000198040487190377
0.001275 0.000198035719961395
0.0012825 0.000198030924607656
0.00129 0.000198026101129158
0.0012975 0.000198021249525897
0.001305 0.000198016369797871
0.0013125 0.000198011461945078
0.00132 0.000198006525967514
0.0013275 0.000198001561865177
0.001335 0.000197996569638064
0.0013425 0.000197991549286174
0.00135 0.000197986500809503
0.0013575 0.000197981424208048
0.001365 0.000197976319481809
0.0013725 0.000197971186630782
0.00138 0.000197966025654964
0.0013875 0.000197960836554355
0.001395 0.000197955619328951
0.0014025 0.00019795037397875
0.00141 0.00019794510050375
0.0014175 0.000197939798903949
0.001425 0.000197934469179345
0.0014325 0.000197929111329935
0.00144 0.000197923725355719
0.0014475 0.000197918311256693
0.001455 0.000197912869032856
0.0014625 0.000197907398684206
0.00147 0.00019790190021074
0.0014775 0.000197896373612458
0.001485 0.000197890818889357
0.0014925 0.000197885236041435
0.0015 0.000197879625068691
0.0015075 0.000197873985971122
0.001515 0.000197868318748728
0.0015225 0.000197862623401506
0.00153 0.000197856899929454
0.0015375 0.000197851148332572
0.001545 0.000197845368610857
0.0015525 0.000197839560764307
0.00156 0.000197833724792922
0.0015675 0.000197827860696699
0.001575 0.000197821968475637
0.0015825 0.000197816048129734
0.00159 0.00019781009965899
0.0015975 0.000197804123063402
0.001605 0.000197798118342969
0.0016125 0.000197792085497689
0.00162 0.000197786024527562
0.0016275 0.000197779935432585
0.001635 0.000197773818212757
0.0016425 0.000197767672868078
0.00165 0.000197761499398545
0.0016575 0.000197755297804157
0.001665 0.000197749068084913
0.0016725 0.000197742810240812
0.00168 0.000197736524271853
0.0016875 0.000197730210178033
0.001695 0.000197723867959353
0.0017025 0.00019771749761581
0.00171 0.000197711099147403
0.0017175 0.000197704672554132
0.001725 0.000197698217835995
0.0017325 0.000197691734992991
0.00174 0.000197685224025118
0.0017475 0.000197678684932377
0.001755 0.000197672117714764
0.0017625 0.000197665522372281
0.00177 0.000197658898904924
0.0017775 0.000197652247312694
0.001785 0.000197645567595589
0.0017925 0.000197638859753608
0.0018 0.00019763212378675
0.0018075 0.000197625359695014
0.001815 0.000197618567478399
0.0018225 0.000197611747136905
0.00183 0.000197604898670529
0.0018375 0.000197598022079271
0.001845 0.000197591117363131
0.0018525 0.000197584184522107
0.00186 0.000197577223556198
0.0018675 0.000197570234465403
0.001875 0.000197563217249722
0.0018825 0.000197556171909153
0.00189 0.000197549098443696
0.0018975 0.00019754199685335
0.001905 0.000197534867138113
0.0019125 0.000197527709297986
0.00192 0.000197520523332966
0.0019275 0.000197513309243054
0.001935 0.000197506067028249
0.0019425 0.000197498796688549
0.00195 0.000197491498223954
0.0019575 0.000197484171634462
0.001965 0.000197476816920075
0.0019725 0.000197469434080789
0.00198 0.000197462023116605
0.0019875 0.000197454584027522
0.001995 0.000197447116813539
0.0020025 0.000197439621474656
0.00201 0.000197432098010871
0.0020175 0.000197424546422184
0.002025 0.000197416966708594
0.0020325 0.000197409358870101
0.00204 0.000197401722906703
0.0020475 0.000197394058818401
0.002055 0.000197386366605192
0.0020625 0.000197378646267078
0.00207 0.000197370897804056
0.0020775 0.000197363121216127
0.002085 0.000197355316503289
0.0020925 0.000197347483665542
0.0021 0.000197339622702886
0.0021075 0.000197331733615319
0.002115 0.000197323816402842
0.0021225 0.000197315871065452
0.00213 0.000197307897603151
0.0021375 0.000197299896015937
0.002145 0.000197291866303809
0.0021525 0.000197283808466767
0.00216 0.000197275722504811
0.0021675 0.00019726760841794
0.002175 0.000197259466206152
0.0021825 0.000197251295869448
0.00219 0.000197243097407828
0.0021975 0.000197234870821289
0.002205 0.000197226616109833
0.0022125 0.000197218333273458
0.00222 0.000197210022312164
0.0022275 0.00019720168322595
0.002235 0.000197193316014815
0.0022425 0.00019718492067876
0.00225 0.000197176497217784
0.0022575 0.000197168045631886
0.002265 0.000197159565921065
0.0022725 0.000197151058085321
0.00228 0.000197142522124654
0.0022875 0.000197133958039063
0.002295 0.000197125365828548
0.0023025 0.000197116745493108
0.00231 0.000197108097032742
0.0023175 0.000197099420447451
0.002325 0.000197090715737233
0.0023325 0.000197081982902088
0.00234 0.000197073221942016
0.0023475 0.000197064432857016
0.002355 0.000197055615647088
0.0023625 0.000197046770312232
0.00237 0.000197037896852446
0.0023775 0.00019702899526773
0.002385 0.000197020065558085
0.0023925 0.000197011107723509
0.0024 0.000197002121764002
0.0024075 0.000196993107679564
0.002415 0.000196984065470194
0.0024225 0.000196974995135892
0.00243 0.000196965896676657
0.0024375 0.00019695677009249
0.002445 0.000196947615383388
0.0024525 0.000196938432549353
0.00246 0.000196929221590384
0.0024675 0.00019691998250648
0.002475 0.000196910715297641
0.0024825 0.000196901419963867
0.00249 0.000196892096505157
0.0024975 0.00019688274492151
0.002505 0.000196873365212927
0.0025125 0.000196863957379407
0.00252 0.00019685452142095
0.0025275 0.000196845057337555
0.002535 0.000196835565129222
0.0025425 0.00019682604479595
0.00255 0.00019681649633774
0.0025575 0.00019680691975459
0.002565 0.000196797315046501
0.0025725 0.000196787682213472
0.00258 0.000196778021255503
0.0025875 0.000196768332172593
0.002595 0.000196758614964742
0.0026025 0.00019674886963195
0.00261 0.000196739096174217
0.0026175 0.000196729294591541
0.002625 0.000196719464883923
0.0026325 0.000196709607051363
0.00264 0.00019669972109386
0.0026475 0.000196689807011413
0.002655 0.000196679864804023
0.0026625 0.000196669894471689
0.00267 0.00019665989601441
0.0026775 0.000196649869432188
0.002685 0.00019663981472502
0.0026925 0.000196629731892907
0.0027 0.000196619620935849
0.0027075 0.000196609481853845
0.002715 0.000196599314646895
0.0027225 0.000196589119314999
0.00273 0.000196578895858156
0.0027375 0.000196568644276366
0.002745 0.000196558364569629
0.0027525 0.000196548056737944
0.00276 0.000196537720781311
0.0027675 0.000196527356699731
0.002775 0.000196516964493202
0.0027825 0.000196506544161725
0.00279 0.000196496095705298
0.0027975 0.000196485619123922
0.002805 0.000196475114417597
0.0028125 0.000196464581586322
0.00282 0.000196454020630098
0.0028275 0.000196443431548923
0.002835 0.000196432814342797
0.0028425 0.00019642216901172
0.00285 0.000196411495555693
0.0028575 0.000196400793974714
0.002865 0.000196390064268784
0.0028725 0.000196379306437902
0.00288 0.000196368520482067
0.0028875 0.000196357706401281
0.002895 0.000196346864195542
0.0029025 0.00019633599386485
0.00291 0.000196325095409205
0.0029175 0.000196314168828607
0.002925 0.000196303214123055
0.0029325 0.000196292231292549
0.00294 0.00019628122033709
0.0029475 0.000196270181256676
0.002955 0.000196259114051308
0.0029625 0.000196248018720985
0.00297 0.000196236895265707
0.0029775 0.000196225743685473
0.002985 0.000196214563980285
0.0029925 0.000196203356150141
0.003 0.000196192120195041
0.0030075 0.000196180856114985
0.003015 0.000196169563909973
0.0030225 0.000196158243580004
0.00303 0.000196146895125078
0.0030375 0.000196135518545196
0.003045 0.000196124113840356
0.0030525 0.000196112681010559
0.00306 0.000196101220055805
0.0030675 0.000196089730976093
0.003075 0.000196078213771423
0.0030825 0.000196066668441794
0.00309 0.000196055094987207
0.0030975 0.000196043493407662
0.003105 0.000196031863703158
0.0031125 0.000196020205873695
0.00312 0.000196008519919273
0.0031275 0.000195996805839891
0.003135 0.00019598506363555
0.0031425 0.000195973293306249
0.00315 0.000195961494851988
0.0031575 0.000195949668272767
0.003165 0.000195937813568586
0.0031725 0.000195925930739444
0.00318 0.000195914019785341
0.0031875 0.000195902080706278
0.003195 0.000195890113502253
0.0032025 0.000195878118173267
0.00321 0.00019586609471932
0.0032175 0.000195854043140411
0.003225 0.000195841963436541
0.0032325 0.000195829855607708
0.00324 0.000195817719653913
0.0032475 0.000195805555575156
0.003255 0.000195793363371437
0.0032625 0.000195781143042755
0.00327 0.00019576889458911
0.0032775 0.000195756618010501
0.003285 0.00019574431330693
0.0032925 0.000195731980478396
0.0033 0.000195719619524897
0.0033075 0.000195707230446436
0.003315 0.00019569481324301
0.0033225 0.00019568236791462
0.00333 0.000195669894461266
0.0033375 0.000195657392882948
0.003345 0.000195644863179665
0.0033525 0.000195632305351418
0.00336 0.000195619719398206
0.0033675 0.000195607105320029
0.003375 0.000195594463116886
0.0033825 0.000195581792788779
0.00339 0.000195569094335706
0.0033975 0.000195556367757667
0.003405 0.000195543613054663
0.0034125 0.000195530830226693
0.00342 0.000195518019273757
0.0034275 0.000195505180195854
0.003435 0.000195492312992985
0.0034425 0.00019547941766515
0.00345 0.000195466494212348
0.0034575 0.00019545354263458
0.003465 0.000195440562931844
0.0034725 0.000195427555104142
0.00348 0.000195414519151472
0.0034875 0.000195401455073835
0.003495 0.00019538836287123
0.0035025 0.000195375242543658
0.00351 0.000195362094091118
0.0035175 0.00019534891751361
0.003525 0.000195335712811134
0.0035325 0.00019532247998369
0.00354 0.000195309219031278
0.0035475 0.000195295929953897
0.003555 0.000195282612751547
0.0035625 0.000195269267424229
0.00357 0.000195255893971942
0.0035775 0.000195242492394687
0.003585 0.000195229062692462
0.0035925 0.000195215604865267
0.0036 0.000195202118913104
0.0036075 0.000195188604835971
0.003615 0.000195175062633868
0.0036225 0.000195161492306796
0.00363 0.000195147893854753
0.0036375 0.000195134267277741
0.003645 0.000195120612575759
0.0036525 0.000195106929748806
0.00366 0.000195093218796883
0.0036675 0.00019507947971999
0.003675 0.000195065712518126
0.0036825 0.000195051917191291
0.00369 0.000195038093739486
0.0036975 0.000195024242162709
0.003705 0.000195010362460962
0.0037125 0.000194996454634243
0.00372 0.000194982518682553
0.0037275 0.000194968554605892
0.003735 0.000194954562404259
0.0037425 0.000194940542077654
0.00375 0.000194926493626078
0.0037575 0.000194912417049529
0.003765 0.000194898312348009
0.0037725 0.000194884179521517
0.00378 0.000194870018570052
0.0037875 0.000194855829493615
0.003795 0.000194841612292206
0.0038025 0.000194827366965824
0.00381 0.00019481309351447
0.0038175 0.000194798791938143
0.003825 0.000194784462236843
0.0038325 0.00019477010441057
0.00384 0.000194755718459323
0.0038475 0.000194741304383104
0.003855 0.000194726862181912
0.0038625 0.000194712391855746
0.00387 0.000194697893404606
0.0038775 0.000194683366828493
0.003885 0.000194668812127406
0.0038925 0.000194654229301346
0.0039 0.000194639618350311
0.0039075 0.000194624979274303
0.003915 0.00019461031207332
0.0039225 0.000194595616747363
0.00393 0.000194580893296432
0.0039375 0.000194566141720527
0.003945 0.000194551362019647
0.0039525 0.000194536554193792
0.00396 0.000194521718242963
0.0039675 0.000194506854167159
0.003975 0.00019449196196638
0.0039825 0.000194477041640627
0.00399 0.000194462093189898
0.0039975 0.000194447116614194
0.004005 0.000194432111913514
0.0040125 0.00019441707908786
0.00402 0.00019440201813723
0.0040275 0.000194386929061624
0.004035 0.000194371811861043
0.0040425 0.000194356666535486
0.00405 0.000194341493084954
0.0040575 0.000194326291509445
0.004065 0.000194311061808961
0.0040725 0.0001942958039835
0.00408 0.000194280518033063
0.0040875 0.00019426520395765
0.004095 0.000194249861757261
0.0041025 0.000194234491431895
0.00411 0.000194219092981553
0.0041175 0.000194203666406234
0.004125 0.000194188211705939
0.0041325 0.000194172728880667
0.00414 0.000194157217930417
0.0041475 0.000194141678855191
0.004155 0.000194126111654989
0.0041625 0.000194110516329808
0.00417 0.000194094892879651
0.0041775 0.000194079241304517
0.004185 0.000194063561604405
0.0041925 0.000194047853779316
0.0042 0.000194032117829249
0.0042075 0.000194016353754205
0.004215 0.000194000561554183
0.0042225 0.000193984741229183
0.00423 0.000193968892779205
0.0042375 0.00019395301620425
0.004245 0.000193937111504317
0.0042525 0.000193921178679405
0.00426 0.000193905217729516
0.0042675 0.000193889228654648
0.004275 0.000193873211454802
0.0042825 0.000193857166129978
0.00429 0.000193841092680175
0.0042975 0.000193824991105393
0.004305 0.000193808861405633
0.0043125 0.000193792703580895
0.00432 0.000193776517631177
0.0043275 0.000193760303556481
0.004335 0.000193744061356806
0.0043425 0.000193727791032152
0.00435 0.000193711492582519
0.0043575 0.000193695166007907
0.004365 0.000193678811308316
0.0043725 0.000193662428483745
0.00438 0.000193646017534195
0.0043875 0.000193629578459666
0.004395 0.000193613111260157
0.0044025 0.000193596615935669
0.00441 0.000193580092486201
0.0044175 0.000193563540911754
0.004425 0.000193546961212326
0.0044325 0.000193530353387919
0.00444 0.000193513717438532
0.0044475 0.000193497053364166
0.004455 0.000193480361164819
0.0044625 0.000193463640840492
0.00447 0.000193446892391185
0.0044775 0.000193430115816897
0.004485 0.00019341331111763
0.0044925 0.000193396478293382
0.0045 0.000193379617344154
0.0045075 0.000193362728269945
0.004515 0.000193345811070756
0.0045225 0.000193328865746586
0.00453 0.000193311892297435
0.0045375 0.000193294890723304
0.004545 0.000193277861024192
0.0045525 0.000193260803200099
0.00456 0.000193243717251025
0.0045675 0.00019322660317697
0.004575 0.000193209460977934
0.0045825 0.000193192290653917
0.00459 0.000193175092204919
0.0045975 0.000193157865630939
0.004605 0.000193140610931978
0.0046125 0.000193123328108036
0.00462 0.000193106017159113
0.0046275 0.000193088678085208
0.004635 0.000193071310886322
0.0046425 0.000193053915562454
0.00465 0.000193036492113604
0.0046575 0.000193019040539772
0.004665 0.000193001560840959
0.0046725 0.000192984053017164
0.00468 0.000192966517068387
0.0046875 0.000192948952994628
0.004695 0.000192931360795887
0.0047025 0.000192913740472164
0.00471 0.000192896092023459
0.0047175 0.000192878415449772
0.004725 0.000192860710751103
0.0047325 0.000192842977927451
0.00474 0.000192825216978817
0.0047475 0.000192807427905201
0.004755 0.000192789610706602
0.0047625 0.00019277176538302
0.00477 0.000192753891934456
0.0047775 0.00019273599036091
0.004785 0.00019271806066238
0.0047925 0.000192700102838868
0.0048 0.000192682116890374
0.0048075 0.000192664102816896
0.004815 0.000192646060618435
0.0048225 0.000192627990294992
0.00483 0.000192609891846566
0.0048375 0.000192591765273156
0.004845 0.000192573610574764
0.0048525 0.000192555427751388
0.00486 0.000192537216803029
0.0048675 0.000192518977729687
0.004875 0.000192500710531361
0.0048825 0.000192482415208053
0.00489 0.00019246409175976
0.0048975 0.000192445740186485
0.004905 0.000192427360488225
0.0049125 0.000192408952664982
0.00492 0.000192390516716756
0.0049275 0.000192372052643546
0.004935 0.000192353560445352
0.0049425 0.000192335040122175
0.00495 0.000192316491674013
0.0049575 0.000192297915100868
0.004965 0.000192279310402739
0.0049725 0.000192260677579626
0.00498 0.000192242016631529
0.0049875 0.000192223327558448
0.004995 0.000192204610360383
0.0050025 0.000192185865037333
0.00501 0.0001921670915893
0.0050175 0.000192148290016282
0.005025 0.00019212946031828
0.0050325 0.000192110602495293
0.00504 0.000192091716547322
0.0050475 0.000192072802474367
0.005055 0.000192053860276427
0.0050625 0.000192034889953503
0.00507 0.000192015891505594
0.0050775 0.000191996864932701
0.005085 0.000191977810234822
0.0050925 0.00019195872741196
0.0051 0.000191939616464112
0.0051075 0.00019192047739128
0.005115 0.000191901310193462
0.0051225 0.00019188211487066
0.00513 0.000191862891422873
0.0051375 0.000191843639850101
0.005145 0.000191824360152344
0.0051525 0.000191805052329602
0.00516 0.000191785716381875
0.0051675 0.000191766352309163
0.005175 0.000191746960111465
0.0051825 0.000191727539788782
0.00519 0.000191708091341114
0.0051975 0.000191688614768461
0.005205 0.000191669110070822
0.0052125 0.000191649577248198
0.00522 0.000191630016300589
0.0052275 0.000191610427227994
0.005235 0.000191590810030413
0.0052425 0.000191571164707847
0.00525 0.000191551491260295
0.0052575 0.000191531789687758
0.005265 0.000191512059990235
0.0052725 0.000191492302167726
0.00528 0.000191472516220232
0.0052875 0.000191452702147751
0.005295 0.000191432859950285
0.0053025 0.000191412989627833
0.00531 0.000191393091180395
0.0053175 0.000191373164607971
0.005325 0.000191353209910561
0.0053325 0.000191333227088165
0.00534 0.000191313216140783
0.0053475 0.000191293177068414
0.005355 0.00019127310987106
0.0053625 0.000191253014548719
0.00537 0.000191232891101393
0.0053775 0.000191212739529079
0.005385 0.00019119255983178
0.0053925 0.000191172352009494
0.0054 0.000191152116062221
0.0054075 0.000191131851989963
0.005415 0.000191111559792718
0.0054225 0.000191091239470486
0.00543 0.000191070891023268
0.0054375 0.000191050514451063
0.005445 0.000191030109753872
0.0054525 0.000191009676931693
0.00546 0.000190989215984529
0.0054675 0.000190968726912377
0.005475 0.000190948209715239
0.0054825 0.000190927664393114
0.00549 0.000190907090946002
0.0054975 0.000190886489373903
0.005505 0.000190865859676817
0.0055125 0.000190845201854744
0.00552 0.000190824515907684
0.0055275 0.000190803801835638
0.005535 0.000190783059638604
0.0055425 0.000190762289316583
0.00555 0.000190741490869575
0.0055575 0.00019072066429758
0.005565 0.000190699809600597
0.0055725 0.000190678926778628
0.00558 0.000190658015831671
0.0055875 0.000190637076759727
0.005595 0.000190616109562795
0.0056025 0.000190595114240876
0.00561 0.00019057409079397
0.0056175 0.000190553039222076
0.005625 0.000190531959525195
0.0056325 0.000190510851703326
0.00564 0.00019048971575647
0.0056475 0.000190468551684626
0.005655 0.000190447359487795
0.0056625 0.000190426139165976
0.00567 0.000190404890719169
0.0056775 0.000190383614147375
0.005685 0.000190362309450593
0.0056925 0.000190340976628823
0.0057 0.000190319615682065
0.0057075 0.00019029822661032
0.005715 0.000190276809413587
0.0057225 0.000190255364091865
0.00573 0.000190233890645156
0.0057375 0.000190212389073459
0.005745 0.000190190859376774
0.0057525 0.000190169301555101
0.00576 0.00019014771560844
0.0057675 0.00019012610153679
0.005775 0.000190104459340153
0.0057825 0.000190082789018528
0.00579 0.000190061090571914
0.0057975 0.000190039364000312
0.005805 0.000190017609303722
0.0058125 0.000189995826482144
0.00582 0.000189974015535577
0.0058275 0.000189952176464022
0.005835 0.000189930309267479
0.0058425 0.000189908413945947
0.00585 0.000189886490499427
0.0058575 0.000189864538927918
0.005865 0.000189842559231421
0.0058725 0.000189820551409936
0.00588 0.000189798515463461
0.0058875 0.000189776451391999
0.005895 0.000189754359195548
0.0059025 0.000189732238874108
0.00591 0.000189710090427679
0.0059175 0.000189687913856262
0.005925 0.000189665709159856
0.0059325 0.000189643476338462
0.00594 0.000189621215392078
0.0059475 0.000189598926320706
0.005955 0.000189576609124345
0.0059625 0.000189554263802995
0.00597 0.000189531890356657
0.0059775 0.000189509488785329
0.005985 0.000189487059089013
0.0059925 0.000189464601267707
0.006 0.000189442115321413
0.0060075 0.000189419601250129
0.006015 0.000189397059053857
0.0060225 0.000189374488732595
0.00603 0.000189351890286344
0.0060375 0.000189329263715104
0.006045 0.000189306609018875
0.0060525 0.000189283926197657
0.00606 0.00018926121525145
0.0060675 0.000189238476180253
0.006075 0.000189215708984067
0.0060825 0.000189192913662892
0.00609 0.000189170090216728
0.0060975 0.000189147238645574
0.006105 0.000189124358949431
0.0061125 0.000189101451128299
0.00612 0.000189078515182177
0.0061275 0.000189055551111065
0.006135 0.000189032558914964
0.0061425 0.000189009538593874
0.00615 0.000188986490147794
0.0061575 0.000188963413576725
0.006165 0.000188940308880666
0.0061725 0.000188917176059617
0.00618 0.000188894015113579
0.0061875 0.000188870826042551
0.006195 0.000188847608846534
0.0062025 0.000188824363525527
0.00621 0.00018880109007953
0.0062175 0.000188777788508543
0.006225 0.000188754458812567
0.0062325 0.000188731100991601
0.00624 0.000188707715045645
0.0062475 0.000188684300974699
0.006255 0.000188660858778763
0.0062625 0.000188637388457837
0.00627 0.000188613890011922
0.0062775 0.000188590363441016
0.006285 0.000188566808745121
0.0062925 0.000188543225924235
0.0063 0.00018851961497836
0.0063075 0.000188495975907494
0.006315 0.000188472308711639
0.0063225 0.000188448613390793
0.00633 0.000188424889944958
0.0063375 0.000188401138374132
0.006345 0.000188377358678316
0.0063525 0.000188353550857509
0.00636 0.000188329714911713
0.0063675 0.000188305850840926
0.006375 0.00018828195864515
0.0063825 0.000188258038324382
0.00639 0.000188234089878625
0.0063975 0.000188210113307877
0.006405 0.000188186108612139
0.0064125 0.000188162075791411
0.00642 0.000188138014845692
0.0064275 0.000188113925774983
0.006435 0.000188089808579283
0.0064425 0.000188065663258593
0.00645 0.000188041489812912
0.0064575 0.000188017288242241
0.006465 0.00018799305854658
0.0064725 0.000187968800725928
0.00648 0.000187944514780285
0.0064875 0.000187920200709652
0.006495 0.000187895858514028
0.0065025 0.000187871488193413
0.00651 0.000187847089747808
0.0065175 0.000187822663177213
0.006525 0.000187798208481626
0.0065325 0.000187773725661049
0.00654 0.000187749214715481
0.0065475 0.000187724675644922
0.006555 0.000187700108449373
0.0065625 0.000187675513128833
0.00657 0.000187650889683302
0.0065775 0.00018762623811278
0.006585 0.000187601558417267
0.0065925 0.000187576850596763
0.0066 0.000187552114651269
0.0066075 0.000187527350580783
0.006615 0.000187502558385307
0.0066225 0.00018747773806484
0.00663 0.000187452889619381
0.0066375 0.000187428013048932
0.006645 0.000187403108353492
0.0066525 0.00018737817553306
0.00666 0.000187353214587638
0.0066675 0.000187328225517224
0.006675 0.000187303208321819
0.0066825 0.000187278163001424
0.00669 0.000187253089556037
0.0066975 0.000187227987985659
0.006705 0.000187202858290289
0.0067125 0.000187177700469929
0.00672 0.000187152514524577
0.0067275 0.000187127300454234
0.006735 0.0001871020582589
0.0067425 0.000187076787938575
0.00675 0.000187051489493258
0.0067575 0.00018702616292295
0.006765 0.00018700080822765
0.0067725 0.000186975425407359
0.00678 0.000186950014462077
0.0067875 0.000186924575391804
0.006795 0.000186899108196539
0.0068025 0.000186873612876282
0.00681 0.000186848089431034
0.0068175 0.000186822537860795
0.006825 0.000186796958165564
0.0068325 0.000186771350345342
0.00684 0.000186745714400128
0.0068475 0.000186720050329923
0.006855 0.000186694358134726
0.0068625 0.000186668637814537
0.00687 0.000186642889369357
0.0068775 0.000186617112799185
0.006885 0.000186591308104022
0.0068925 0.000186565475283867
0.0069 0.00018653961433872
0.0069075 0.000186513725268581
0.006915 0.000186487808073451
0.0069225 0.000186461862753329
0.00693 0.000186435889308216
0.0069375 0.00018640988773811
0.006945 0.000186383858043013
0.0069525 0.000186357800222924
0.00696 0.000186331714277844
0.0069675 0.000186305600207771
0.006975 0.000186279458012706
0.0069825 0.00018625328769265
0.00699 0.000186227089247602
0.0069975 0.000186200862677562
0.007005 0.00018617460798253
0.0070125 0.000186148325162506
0.00702 0.00018612201421749
0.0070275 0.000186095675147482
0.007035 0.000186069307952482
0.0070425 0.00018604291263249
0.00705 0.000186016489187506
0.0070575 0.00018599003761753
0.007065 0.000185963557922562
0.0070725 0.000185937050102602
0.00708 0.000185910514157649
0.0070875 0.000185883950087705
0.007095 0.000185857357892769
0.0071025 0.00018583073757284
0.00711 0.000185804089127919
0.0071175 0.000185777412558006
0.007125 0.000185750707863101
0.0071325 0.000185723975043204
0.00714 0.000185697214098314
0.0071475 0.000185670425028433
0.007155 0.000185643607833559
0.0071625 0.000185616762513692
0.00717 0.000185589889068834
0.0071775 0.000185562987498983
0.007185 0.000185536057804139
0.0071925 0.000185509099984304
0.0072 0.000185482114039476
0.0072075 0.000185455099969656
0.007215 0.000185428057774843
0.0072225 0.000185400987455038
0.00723 0.00018537388901024
0.0072375 0.00018534676244045
0.007245 0.000185319607745668
0.0072525 0.000185292424925893
0.00726 0.000185265213981126
0.0072675 0.000185237974911366
0.007275 0.000185210707716613
0.0072825 0.000185183412396868
0.00729 0.000185156088952131
0.0072975 0.000185128737382401
0.007305 0.000185101357687678
0.0073125 0.000185073949867963
0.00732 0.000185046513923255
0.0073275 0.000185019049853555
0.007335 0.000184991557658862
0.0073425 0.000184964037339176
0.00735 0.000184936488894498
0.0073575 0.000184908912324827
0.007365 0.000184881307630163
0.0073725 0.000184853674810507
0.00738 0.000184826013865858
0.0073875 0.000184798324796216
0.007395 0.000184770607601581
0.0074025 0.000184742862281954
0.00741 0.000184715088837334
0.0074175 0.000184687287267721
0.007425 0.000184659457573115
0.0074325 0.000184631599753517
0.00744 0.000184603713808925
0.0074475 0.000184575799739341
0.007455 0.000184547857544764
0.0074625 0.000184519887225194
0.00747 0.000184491888780631
0.0074775 0.000184463862211075
0.007485 0.000184435807516527
0.0074925 0.000184407724696985
0.0075 0.00018437961375245
0.0075075 0.000184351474682923
0.007515 0.000184323307488402
0.0075225 0.000184295112168889
0.00753 0.000184266888724382
0.0075375 0.000184238637154882
0.007545 0.00018421035746039
0.0075525 0.000184182049640904
0.00756 0.000184153713696425
0.0075675 0.000184125349626953
0.007575 0.000184096957432488
0.0075825 0.00018406853711303
0.00759 0.000184040088668579
0.0075975 0.000184011612099135
0.007605 0.000183983107404697
0.0076125 0.000183954574585267
0.00762 0.000183926013640843
0.0076275 0.000183897424571426
0.007635 0.000183868807377016
0.0076425 0.000183840162057613
0.00765 0.000183811488613216
0.0076575 0.000183782787043826
0.007665 0.000183754057349443
0.0076725 0.000183725299530067
0.00768 0.000183696513585697
0.0076875 0.000183667699516334
0.007695 0.000183638857321978
0.0077025 0.000183609987002628
0.00771 0.000183581088558285
0.0077175 0.000183552161988949
0.007725 0.000183523207294619
0.0077325 0.000183494224475296
0.00774 0.00018346521353098
0.0077475 0.00018343617446167
0.007755 0.000183407107267367
0.0077625 0.00018337801194807
0.00777 0.00018334888850378
0.0077775 0.000183319736934496
0.007785 0.000183290557240219
0.0077925 0.000183261349420949
0.0078 0.000183232113476685
0.0078075 0.000183202849407427
0.007815 0.000183173557213177
0.0078225 0.000183144236893932
0.00783 0.000183114888449694
0.0078375 0.000183085511880463
0.007845 0.000183056107186237
0.0078525 0.000183026674367019
0.00786 0.000182997213422807
0.0078675 0.000182967724353601
0.007875 0.000182938207159401
0.0078825 0.000182908661840208
0.00789 0.000182879088396022
0.0078975 0.000182849486826841
0.007905 0.000182819857132667
0.0079125 0.000182790199313499
0.00792 0.000182760513369338
0.0079275 0.000182730799300183
0.007935 0.000182701057106034
0.0079425 0.000182671286786892
0.00795 0.000182641488342756
0.0079575 0.000182611661773626
0.007965 0.000182581807079502
0.0079725 0.000182551924260385
0.00798 0.000182522013316273
0.0079875 0.000182492074247168
0.007995 0.000182462107053069
0.0080025 0.000182432111733977
0.00801 0.00018240208828989
0.0080175 0.00018237203672081
0.008025 0.000182341957026736
0.0080325 0.000182311849207668
0.00804 0.000182281713263606
0.0080475 0.00018225154919455
0.008055 0.0001822213570005
0.0080625 0.000182191136681456
0.00807 0.000182160888237419
0.0080775 0.000182130611668387
0.008085 0.000182100306974362
0.0080925 0.000182069974155342
0.0081 0.000182039613211329
0.0081075 0.000182009224142321
0.008115 0.00018197880694832
0.0081225 0.000181948361629325
0.00813 0.000181917888185335
0.0081375 0.000181887386616352
0.008145 0.000181856856922375
0.0081525 0.000181826299103403
0.00816 0.000181795713159438
0.0081675 0.000181765099090478
0.008175 0.000181734456896525
0.0081825 0.000181703786577577
0.00819 0.000181673088133635
0.0081975 0.000181642361564699
0.008205 0.000181611606870769
0.0082125 0.000181580824051845
0.00822 0.000181550013107927
0.0082275 0.000181519174039015
0.008235 0.000181488306845108
0.0082425 0.000181457411526207
0.00825 0.000181426488082312
0.0082575 0.000181395536513423
0.008265 0.00018136455681954
0.0082725 0.000181333549000662
0.00828 0.000181302513056791
0.0082875 0.000181271448987925
0.008295 0.000181240356794065
0.0083025 0.00018120923647521
0.00831 0.000181178088031361
0.0083175 0.000181146911462518
0.008325 0.000181115706768681
0.0083325 0.00018108447394985
0.00834 0.000181053213006024
0.0083475 0.000181021923937204
0.008355 0.000180990606743389
0.0083625 0.000180959261424581
0.00837 0.000180927887980778
0.0083775 0.00018089648641198
0.008385 0.000180865056718188
0.0083925 0.000180833598899402
0.0084 0.000180802112955622
0.0084075 0.000180770598886847
0.008415 0.000180739056693077
0.0084225 0.000180707486374313
0.00843 0.000180675887930555
0.0084375 0.000180644261361802
0.008445 0.000180612606668055
0.0084525 0.000180580923849314
0.00846 0.000180549212905578
0.0084675 0.000180517473836847
0.008475 0.000180485706643123
0.0084825 0.000180453911324403
0.00849 0.000180422087880689
0.0084975 0.000180390236311981
0.008505 0.000180358356618278
0.0085125 0.00018032644879958
0.00852 0.000180294512855888
0.0085275 0.000180262548787202
0.008535 0.000180230556593521
0.0085425 0.000180198536274845
0.00855 0.000180166487831175
0.0085575 0.00018013441126251
0.008565 0.000180102306568851
0.0085725 0.000180070173750196
0.00858 0.000180038012806548
0.0085875 0.000180005823737905
0.008595 0.000179973606544267
0.0086025 0.000179941361225634
0.00861 0.000179909087782007
0.0086175 0.000179876786213385
0.008625 0.000179844456519769
0.0086325 0.000179812098701157
0.00864 0.000179779712757551
0.0086475 0.000179747298688951
0.008655 0.000179714856495355
0.0086625 0.000179682386176765
0.00867 0.00017964988773318
0.0086775 0.000179617361164601
0.008685 0.000179584806471026
0.0086925 0.000179552223652457
0.0087 0.000179519612708894
0.0087075 0.000179486973640335
0.008715 0.000179454306446782
0.0087225 0.000179421611128234
0.00873 0.000179388887684691
0.0087375 0.000179356136116153
0.008745 0.00017932335642262
0.0087525 0.000179290548604093
0.00876 0.000179257712660571
0.0087675 0.000179224848592054
0.008775 0.000179191956398542
0.0087825 0.000179159036080035
0.00879 0.000179126087636534
0.0087975 0.000179093111068037
0.008805 0.000179060106374546
0.0088125 0.000179027073556059
0.00882 0.000178994012612578
0.0088275 0.000178960923544102
0.008835 0.000178927806350631
0.0088425 0.000178894661032165
0.00885 0.000178861487588704
0.0088575 0.000178828286020248
0.008865 0.000178795056326797
0.0088725 0.000178761798508352
0.00888 0.000178728512564911
0.0088875 0.000178695198496475
0.008895 0.000178661856303044
0.0089025 0.000178628485984619
0.00891 0.000178595087541198
0.0089175 0.000178561660972782
0.008925 0.000178528206279371
0.0089325 0.000178494723460966
0.00894 0.000178461212517565
0.0089475 0.000178427673449169
0.008955 0.000178394106255778
0.0089625 0.000178360510937392
0.00897 0.000178326887494011
0.0089775 0.000178293235925634
0.008985 0.000178259556232263
0.0089925 0.000178225848413897
0.009 0.000178192112470535
0.0090075 0.000178158348402179
0.009015 0.000178124556208827
0.0090225 0.00017809073589048
0.00903 0.000178056887447138
0.0090375 0.000178023010878801
0.009045 0.000177989106185469
0.0090525 0.000177955173367141
0.00906 0.000177921212423819
0.0090675 0.000177887223355501
0.009075 0.000177853206162188
0.0090825 0.000177819160843879
0.00909 0.000177785087400576
0.0090975 0.000177750985832277
0.009105 0.000177716856138984
0.0091125 0.000177682698320694
0.00912 0.00017764851237741
0.0091275 0.000177614298309131
0.009135 0.000177580056115856
0.0091425 0.000177545785797586
0.00915 0.00017751148735432
0.0091575 0.00017747716078606
0.009165 0.000177442806092804
0.0091725 0.000177408423274552
0.00918 0.000177374012331306
0.0091875 0.000177339573263064
0.009195 0.000177305106069827
0.0092025 0.000177270610751594
0.00921 0.000177236087308367
0.0092175 0.000177201535740144
0.009225 0.000177166956046925
0.0092325 0.000177132348228711
0.00924 0.000177097712285502
0.0092475 0.000177063048217297
0.009255 0.000177028356024098
0.0092625 0.000176993635705902
0.00927 0.000176958887262711
0.0092775 0.000176924110694525
0.009285 0.000176889306001344
0.0092925 0.000176854473183167
0.0093 0.000176819612239995
0.0093075 0.000176784723171827
0.009315 0.000176749805978664
0.0093225 0.000176714860660505
0.00933 0.000176679887217351
0.0093375 0.000176644885649201
0.009345 0.000176609855956056
0.0093525 0.000176574798137916
0.00936 0.00017653971219478
0.0093675 0.000176504598126648
0.009375 0.000176469455933521
0.0093825 0.000176434285615399
0.00939 0.000176399087172281
0.0093975 0.000176363860604168
0.009405 0.000176328605911059
0.0094125 0.000176293323092954
0.00942 0.000176258012149854
0.0094275 0.000176222673081758
0.009435 0.000176187305888667
0.0094425 0.000176151910570581
0.00945 0.000176116487127498
0.0094575 0.00017608103555942
0.009465 0.000176045555866347
0.0094725 0.000176010048048278
0.00948 0.000175974512105214
0.0094875 0.000175938948037153
0.009495 0.000175903355844098
0.0095025 0.000175867735526046
0.00951 0.000175832087082999
0.0095175 0.000175796410514957
0.009525 0.000175760705821918
0.0095325 0.000175724973003884
0.00954 0.000175689212060855
0.0095475 0.00017565342299283
0.009555 0.000175617605799809
0.0095625 0.000175581760481792
0.00957 0.00017554588703878
0.0095775 0.000175509985470772
0.009585 0.000175474055777769
0.0095925 0.000175438097959769
0.0096 0.000175402112016774
0.0096075 0.000175366097948783
0.009615 0.000175330055755797
0.0096225 0.000175293985437815
0.00963 0.000175257886994837
0.0096375 0.000175221760426863
0.009645 0.000175185605733894
0.0096525 0.000175149422915929
0.00966 0.000175113211972968
0.0096675 0.000175076972905011
0.009675 0.000175040705712059
0.0096825 0.000175004410394111
0.00969 0.000174968086951167
0.0096975 0.000174931735383227
0.009705 0.000174895355690292
0.0097125 0.000174858947872361
0.00972 0.000174822511929433
0.0097275 0.000174786047861511
0.009735 0.000174749555668592
0.0097425 0.000174713035350677
0.00975 0.000174676486907767
0.0097575 0.000174639910339861
0.009765 0.000174603305646959
0.0097725 0.000174566672829061
0.00978 0.000174530011886167
0.0097875 0.000174493322818277
0.009795 0.000174456605625392
0.0098025 0.000174419860307511
0.00981 0.000174383086864633
0.0098175 0.00017434628529676
0.009825 0.000174309455603891
0.0098325 0.000174272597786026
0.00984 0.000174235711843165
0.0098475 0.000174198797775309
0.009855 0.000174161855582456
0.0098625 0.000174124885264607
0.00987 0.000174087886821763
0.0098775 0.000174050860253922
0.009885 0.000174013805561086
0.0098925 0.000173976722743253
0.0099 0.000173939611800425
0.0099075 0.000173902472732601
0.009915 0.00017386530553978
0.0099225 0.000173828110221964
0.00993 0.000173790886779151
0.0099375 0.000173753635211343
0.009945 0.000173716355518539
0.0099525 0.000173679047700739
0.00996 0.000173641711757942
0.0099675 0.00017360434769015
0.009975 0.000173566955497361
0.0099825 0.000173529535179577
0.00999 0.000173492086736797
0.0099975 0.00017345461016902
0.010005 0.000173417105476248
0.0100125 0.000173379572658479
0.01002 0.000173342011715715
0.0100275 0.000173304422647954
0.010035 0.000173266805455197
0.0100425 0.000173229160137444
0.01005 0.000173191486694695
0.0100575 0.00017315378512695
0.010065 0.000173116055434209
0.0100725 0.000173078297616472
0.01008 0.000173040511673739
0.0100875 0.00017300269760601
0.010095 0.000172964855413284
0.0101025 0.000172926985095562
0.01011 0.000172889086652845
0.0101175 0.000172851160085131
0.010125 0.000172813205392421
0.0101325 0.000172775222574715
0.01014 0.000172737211632012
0.0101475 0.000172699172564314
0.010155 0.000172661105371619
0.0101625 0.000172623010053929
0.01017 0.000172584886611242
0.0101775 0.000172546735043558
0.010185 0.000172508555350879
0.0101925 0.000172470347533204
0.0102 0.000172432111590532
0.0102075 0.000172393847522864
0.010215 0.0001723555553302
0.0102225 0.00017231723501254
0.01023 0.000172278886569883
0.0102375 0.00017224051000223
0.010245 0.000172202105309581
0.0102525 0.000172163672491936
0.01026 0.000172125211549295
0.0102675 0.000172086722481657
0.010275 0.000172048205289023
0.0102825 0.000172009659971393
0.01029 0.000171971086528767
0.0102975 0.000171932484961144
0.010305 0.000171893855268525
0.0103125 0.00017185519745091
0.01032 0.000171816511508298
0.0103275 0.00017177779744069
0.010335 0.000171739055248086
0.0103425 0.000171700284930486
0.01035 0.000171661486487889
0.0103575 0.000171622659920296
0.010365 0.000171583805227707
0.0103725 0.000171544922410121
0.01038 0.000171506011467539
0.0103875 0.000171467072399961
0.010395 0.000171428105207386
0.0104025 0.000171389109889815
0.01041 0.000171350086447248
0.0104175 0.000171311034879684
0.010425 0.000171271955187124
0.0104325 0.000171232847369568
0.01044 0.000171193711427015
0.0104475 0.000171154547359466
0.010455 0.000171115355166921
0.0104625 0.000171076134849379
0.01047 0.000171036886406841
0.0104775 0.000170997609839306
0.010485 0.000170958305146775
0.0104925 0.000170918972329248
0.0105 0.000170879611386724
0.0105075 0.000170840222319204
0.010515 0.000170800805126688
0.0105225 0.000170761359809175
0.01053 0.000170721886366665
0.0105375 0.000170682384799159
0.010545 0.000170642855106657
0.0105525 0.000170603297289158
0.01056 0.000170563711346663
0.0105675 0.000170524097279171
0.010575 0.000170484455086683
0.0105825 0.000170444784769199
0.01059 0.000170405086326718
0.0105975 0.00017036535975924
0.010605 0.000170325605066766
0.0106125 0.000170285822249296
0.01062 0.000170246011306829
0.0106275 0.000170206172239365
0.010635 0.000170166305046906
0.0106425 0.000170126409729449
0.01065 0.000170086486286996
0.0106575 0.000170046534719547
0.010665 0.000170006555027101
0.0106725 0.000169966547209658
0.01068 0.000169926511267219
0.0106875 0.000169886447199784
0.010695 0.000169846355007351
0.0107025 0.000169806234689923
0.01071 0.000169766086247498
0.0107175 0.000169725909680076
0.010725 0.000169685704987657
0.0107325 0.000169645472170243
0.01074 0.000169605211227831
0.0107475 0.000169564922160423
0.010755 0.000169524604968018
0.0107625 0.000169484259650617
0.01077 0.000169443886208219
0.0107775 0.000169403484640825
0.010785 0.000169363054948434
0.0107925 0.000169322597131046
0.0108 0.000169282111188662
0.0108075 0.000169241597121281
0.010815 0.000169201054928904
0.0108225 0.00016916048461153
0.01083 0.000169119886169159
0.0108375 0.000169079259601792
0.010845 0.000169038604909428
0.0108525 0.000168997922092067
0.01086 0.00016895721114971
0.0108675 0.000168916472082356
0.010875 0.000168875704890006
0.0108825 0.000168834909572659
0.01089 0.000168794086130315
0.0108975 0.000168753234562974
0.010905 0.000168712354870637
0.0109125 0.000168671447053303
0.01092 0.000168630511110973
0.0109275 0.000168589547043646
0.010935 0.000168548554851322
0.0109425 0.000168507534534001
0.01095 0.000168466486091684
0.0109575 0.00016842540952437
0.010965 0.00016838430483206
0.0109725 0.000168343172014752
0.01098 0.000168302011072448
0.0109875 0.000168260822005147
0.010995 0.00016821960481285
0.0110025 0.000168178359495556
0.01101 0.000168137086053265
0.0110175 0.000168095784485977
0.011025 0.000168054454793692
0.0110325 0.000168013096976411
0.01104 0.000167971711034133
0.0110475 0.000167930296966859
0.011055 0.000167888854774587
0.0110625 0.000167847384457319
0.01107 0.000167805886015054
0.0110775 0.000167764359447792
0.011085 0.000167722804755534
0.0110925 0.000167681221938278
0.0111 0.000167639610996026
0.0111075 0.000167597971928777
0.011115 0.000167556304736532
0.0111225 0.000167514609419289
0.01113 0.00016747288597705
0.0111375 0.000167431134409814
0.011145 0.000167389354717581
0.0111525 0.000167347546900351
0.01116 0.000167305710958125
0.0111675 0.000167263846890901
0.011175 0.000167221954698681
0.0111825 0.000167180034381464
0.01119 0.00016713808593925
0.0111975 0.00016709610937204
0.011205 0.000167054104679832
0.0112125 0.000167012071862628
0.01122 0.000166970010920427
0.0112275 0.000166927921853229
0.011235 0.000166885804661034
0.0112425 0.000166843659343842
0.01125 0.000166801485901653
0.0112575 0.000166759284334467
0.011265 0.000166717054642285
0.0112725 0.000166674796825106
0.01128 0.00016663251088293
0.0112875 0.000166590196815756
0.011295 0.000166547854623587
0.0113025 0.00016650548430642
0.01131 0.000166463085864256
0.0113175 0.000166420659297095
0.011325 0.000166378204604937
0.0113325 0.000166335721787783
0.01134 0.000166293210845631
0.0113475 0.000166250671778483
0.011355 0.000166208104586338
0.0113625 0.000166165509269195
0.01137 0.000166122885827056
0.0113775 0.00016608023425992
0.011385 0.000166037554567787
0.0113925 0.000165994846750657
0.0114 0.00016595211080853
0.0114075 0.000165909346741406
0.011415 0.000165866554549285
0.0114225 0.000165823734232168
0.01143 0.000165780885790053
0.0114375 0.000165738009222941
0.011445 0.000165695104530832
0.0114525 0.000165652171713727
0.01146 0.000165609210771624
0.0114675 0.000165566221704524
0.011475 0.000165523204512428
0.0114825 0.000165480159195334
0.01149 0.000165437085753243
0.0114975 0.000165393984186156
0.011505 0.000165350854494071
0.0115125 0.000165307696676989
0.01152 0.00016526451073491
0.0115275 0.000165221296667835
0.011535 0.000165178054475762
0.0115425 0.000165134784158692
0.01155 0.000165091485716625
0.0115575 0.000165048159149562
0.011565 0.000165004804457501
0.0115725 0.000164961421640443
0.01158 0.000164918010698388
0.0115875 0.000164874571631336
0.011595 0.000164831104439287
0.0116025 0.000164787609122241
0.01161 0.000164744085680198
0.0116175 0.000164700534113158
0.011625 0.00016465695442112
0.0116325 0.000164613346604086
0.01164 0.000164569710662054
0.0116475 0.000164526046595026
0.011655 0.000164482354403
0.0116625 0.000164438634085978
0.01167 0.000164394885643958
0.0116775 0.000164351109076941
0.011685 0.000164307304384927
0.0116925 0.000164263471567916
0.0117 0.000164219610625908
0.0117075 0.000164175721558902
0.011715 0.0001641318043669
0.0117225 0.0001640878590499
0.01173 0.000164043885607904
0.0117375 0.00016399988404091
0.011745 0.000163955854348919
0.0117525 0.000163911796531931
0.01176 0.000163867710589946
0.0117675 0.000163823596522963
0.011775 0.000163779454330984
0.0117825 0.000163735284014007
0.01179 0.000163691085572034
0.0117975 0.000163646859005063
0.011805 0.000163602604313094
0.0118125 0.000163558321496129
0.01182 0.000163514010554167
0.0118275 0.000163469671487207
0.011835 0.00016342530429525
0.0118425 0.000163380908978296
0.01185 0.000163336485536345
0.0118575 0.000163292033969397
0.011865 0.000163247554277451
0.0118725 0.000163203046460508
0.01188 0.000163158510518569
0.0118875 0.000163113946451631
0.011895 0.000163069354259697
0.0119025 0.000163024733942765
0.01191 0.000162980085500837
0.0119175 0.000162935408933911
0.011925 0.000162890704241988
0.0119325 0.000162845971425067
0.01194 0.00016280121048315
0.0119475 0.000162756421416235
0.011955 0.000162711604224323
0.0119625 0.000162666758907413
0.01197 0.000162621885465507
0.0119775 0.000162576983898603
0.011985 0.000162532054206702
0.0119925 0.000162487096389804
0.012 0.000162442110447908
0.0120075 0.000162397096381015
0.012015 0.000162352054189125
0.0120225 0.000162306983872238
0.01203 0.000162261885430353
0.0120375 0.000162216758863472
0.012045 0.000162171604171592
0.0120525 0.000162126421354716
0.01206 0.000162081210412842
0.0120675 0.000162035971345972
0.012075 0.000161990704154103
0.0120825 0.000161945408837238
0.01209 0.000161900085395375
0.0120975 0.000161854733828515
0.012105 0.000161809354136658
0.0121125 0.000161763946319803
0.01212 0.000161718510377951
0.0121275 0.000161673046311102
0.012135 0.000161627554119255
0.0121425 0.000161582033802411
0.01215 0.00016153648536057
0.0121575 0.000161490908793732
0.012165 0.000161445304101896
0.0121725 0.000161399671285062
0.01218 0.000161354010343232
0.0121875 0.000161308321276404
0.012195 0.000161262604084579
0.0122025 0.000161216858767756
0.01221 0.000161171085325936
0.0122175 0.000161125283759119
0.012225 0.000161079454067305
0.0122325 0.000161033596250493
0.01224 0.000160987710308683
0.0122475 0.000160941796241877
0.012255 0.000160895854050073
0.0122625 0.000160849883733271
0.01227 0.000160803885291473
0.0122775 0.000160757858724677
0.012285 0.000160711804032883
0.0122925 0.000160665721216092
0.0123 0.000160619610274304
0.0123075 0.000160573471207518
0.012315 0.000160527304015735
0.0123225 0.000160481108698955
0.01233 0.000160434885257177
0.0123375 0.000160388633690402
0.012345 0.000160342353998629
0.0123525 0.000160296046181859
0.01236 0.000160249710240092
0.0123675 0.000160203346173327
0.012375 0.000160156953981565
0.0123825 0.000160110533664805
0.01239 0.000160064085223048
0.0123975 0.000160017608656294
0.012405 0.000159971103964542
0.0124125 0.000159924571147792
0.01242 0.000159878010206046
0.0124275 0.000159831421139301
0.012435 0.00015978480394756
0.0124425 0.000159738158630821
0.01245 0.000159691485189084
0.0124575 0.00015964478362235
0.012465 0.000159598053930619
0.0124725 0.00015955129611389
0.01248 0.000159504510172163
0.0124875 0.00015945769610544
0.012495 0.000159410853913718
0.0125025 0.000159363983597
0.01251 0.000159317085155283
0.0125175 0.00015927015858857
0.012525 0.000159223203896859
0.0125325 0.00015917622108015
0.01254 0.000159129210138444
0.0125475 0.00015908217107174
0.012555 0.000159035103880039
0.0125625 0.00015898800856334
0.01257 0.000158940885121644
0.0125775 0.000158893733554951
0.012585 0.000158846553863259
0.0125925 0.000158799346046571
0.0126 0.000158752110104885
0.0126075 0.000158704846038201
0.012615 0.00015865755384652
0.0126225 0.000158610233529841
0.01263 0.000158562885088165
0.0126375 0.000158515508521491
0.012645 0.00015846810382982
0.0126525 0.000158420671013151
0.01266 0.000158373210071485
0.0126675 0.000158325721004821
0.012675 0.00015827820381316
0.0126825 0.000158230658496501
0.01269 0.000158183085054844
0.0126975 0.00015813548348819
0.012705 0.000158087853796539
0.0127125 0.000158040195979889
0.01272 0.000157992510038243
0.0127275 0.000157944795971599
0.012735 0.000157897053779957
0.0127425 0.000157849283463318
0.01275 0.000157801485021681
0.0127575 0.000157753658455046
0.012765 0.000157705803763414
0.0127725 0.000157657920946785
0.01278 0.000157610010005158
0.0127875 0.000157562070938533
0.012795 0.000157514103746911
0.0128025 0.000157466108430291
0.01281 0.000157418084988673
0.0128175 0.000157370033422058
0.012825 0.000157321953730446
0.0128325 0.000157273845913835
0.01284 0.000157225709972228
0.0128475 0.000157177545905622
0.012855 0.000157129353714019
0.0128625 0.000157081133397418
0.01287 0.00015703288495582
0.0128775 0.000156984608389224
0.012885 0.000156936303697631
0.0128925 0.00015688797088104
0.0129 0.000156839609939451
0.0129075 0.000156791220872865
0.012915 0.000156742803681281
0.0129225 0.000156694358364699
0.01293 0.00015664588492312
0.0129375 0.000156597383356543
0.012945 0.000156548853664969
0.0129525 0.000156500295848397
0.01296 0.000156451709906827
0.0129675 0.00015640309584026
0.012975 0.000156354453648695
0.0129825 0.000156305783332132
0.01299 0.000156257084890571
0.0129975 0.000156208358324013
0.013005 0.000156159603632458
0.0130125 0.000156110820815904
0.01302 0.000156062009874353
0.0130275 0.000156013170807805
0.013035 0.000155964303616258
0.0130425 0.000155915408299714
0.01305 0.000155866484858173
0.0130575 0.000155817533291633
0.013065 0.000155768553600096
0.0130725 0.000155719545783562
0.01308 0.000155670509842029
0.0130875 0.000155621445775499
0.013095 0.000155572353583971
0.0131025 0.000155523233267446
0.01311 0.000155474084825922
0.0131175 0.000155424908259402
0.013125 0.000155375703567883
0.0131325 0.000155326470751367
0.01314 0.000155277209809853
0.0131475 0.000155227920743341
0.013155 0.000155178603551832
0.0131625 0.000155129258235324
0.01317 0.00015507988479382
0.0131775 0.000155030483227317
0.013185 0.000154981053535817
0.0131925 0.000154931595719319
0.0132 0.000154882109777823
0.0132075 0.000154832595711329
0.013215 0.000154783053519838
0.0132225 0.000154733483203349
0.01323 0.000154683884761863
0.0132375 0.000154634258195378
0.013245 0.000154584603503896
0.0132525 0.000154534920687416
0.01326 0.000154485209745938
0.0132675 0.000154435470679463
0.013275 0.00015438570348799
0.0132825 0.000154335908171519
0.01329 0.00015428608473005
0.0132975 0.000154236233163584
0.013305 0.000154186353472119
0.0133125 0.000154136445655658
0.01332 0.000154086509714198
0.0133275 0.00015403654564774
0.013335 0.000153986553456285
0.0133425 0.000153936533139832
0.01335 0.000153886484698381
0.0133575 0.000153836408131932
0.013365 0.000153786303440486
0.0133725 0.000153736170624042
0.01338 0.0001536860096826
0.0133875 0.00015363582061616
0.013395 0.000153585603424722
0.0134025 0.000153535358108287
0.01341 0.000153485084666854
0.0134175 0.000153434783100423
0.013425 0.000153384453408994
0.0134325 0.000153334095592568
0.01344 0.000153283709651143
0.0134475 0.000153233295584721
0.013455 0.000153182853393301
0.0134625 0.000153132383076883
0.01347 0.000153081884635468
0.0134775 0.000153031358069054
0.013485 0.000152980803377643
0.0134925 0.000152930220561234
0.0135 0.000152879609619827
0.0135075 0.000152828970553422
0.013515 0.00015277830336202
0.0135225 0.000152727608045619
0.01353 0.000152676884604221
0.0135375 0.000152626133037825
0.013545 0.000152575353346431
0.0135525 0.000152524545530039
0.01356 0.00015247370958865
0.0135675 0.000152422845522262
0.013575 0.000152371953330877
0.0135825 0.000152321033014494
0.01359 0.000152270084573113
0.0135975 0.000152219108006734
0.013605 0.000152168103315357
0.0136125 0.000152117070498983
0.01362 0.00015206600955761
0.0136275 0.00015201492049124
0.013635 0.000151963803299872
0.0136425 0.000151912657983506
0.01365 0.000151861484542142
0.0136575 0.00015181028297578
0.013665 0.00015175905328442
0.0136725 0.000151707795468062
0.01368 0.000151656509526707
0.0136875 0.000151605195460354
0.013695 0.000151553853269002
0.0137025 0.000151502482952653
0.01371 0.000151451084511306
0.0137175 0.000151399657944961
0.013725 0.000151348203253618
0.0137325 0.000151296720437277
0.01374 0.000151245209495939
0.0137475 0.000151193670429602
0.013755 0.000151142103238268
0.0137625 0.000151090507921935
0.01377 0.000151038884480605
0.0137775 0.000150987232914277
0.013785 0.00015093555322295
0.0137925 0.000150883845406626
0.0138 0.000150832109465304
0.0138075 0.000150780345398984
0.013815 0.000150728553207667
0.0138225 0.000150676732891351
0.01383 0.000150624884450037
0.0138375 0.000150573007883726
0.013845 0.000150521103192416
0.0138525 0.000150469170376109
0.01386 0.000150417209434803
0.0138675 0.0001503652203685
0.013875 0.000150313203177198
0.0138825 0.000150261157860899
0.01389 0.000150209084419602
0.0138975 0.000150156982853307
0.013905 0.000150104853162014
0.0139125 0.000150052695345723
0.01392 0.000150000509404434
0.0139275 0.000149948295338147
0.013935 0.000149896053146862
0.0139425 0.000149843782830579
0.01395 0.000149791484389298
0.0139575 0.000149739157823019
0.013965 0.000149686803131743
0.0139725 0.000149634420315468
0.01398 0.000149582009374195
0.0139875 0.000149529570307925
0.013995 0.000149477103116656
0.0140025 0.000149424607800389
0.01401 0.000149372084359125
0.0140175 0.000149319532792862
0.014025 0.000149266953101602
0.0140325 0.000149214345285343
0.01404 0.000149161709344086
0.0140475 0.000149109045277832
0.014055 0.000149056353086579
0.0140625 0.000149003632770329
0.01407 0.00014895088432908
0.0140775 0.000148898107762834
0.014085 0.000148845303071589
0.0140925 0.000148792470255347
0.0141 0.000148739609314106
0.0141075 0.000148686720247868
0.014115 0.000148633803056631
0.0141225 0.000148580857740396
0.01413 0.000148527884299164
0.0141375 0.000148474882732933
0.014145 0.000148421853041705
0.0141525 0.000148368795225478
0.01416 0.000148315709284253
0.0141675 0.000148262595218031
0.014175 0.00014820945302681
0.0141825 0.000148156282710591
0.01419 0.000148103084269374
0.0141975 0.000148049857703159
0.014205 0.000147996603011946
0.0142125 0.000147943320195735
0.01422 0.000147890009254527
0.0142275 0.000147836670188319
0.014235 0.000147783302997114
0.0142425 0.000147729907680911
0.01425 0.00014767648423971
0.0142575 0.000147623032673511
0.014265 0.000147569552982314
0.0142725 0.000147516045166118
0.01428 0.000147462509224925
0.0142875 0.000147408945158734
0.014295 0.000147355352967544
0.0143025 0.000147301732651356
0.01431 0.000147248084210171
0.0143175 0.000147194407643987
0.014325 0.000147140702952805
0.0143325 0.000147086970136625
0.01434 0.000147033209195447
0.0143475 0.000146979420129271
0.014355 0.000146925602938097
0.0143625 0.000146871757621925
0.01437 0.000146817884180755
0.0143775 0.000146763982614587
0.014385 0.00014671005292342
0.0143925 0.000146656095107256
0.0144 0.000146602109166093
0.0144075 0.000146548095099932
0.014415 0.000146494052908774
0.0144225 0.000146439982592617
0.01443 0.000146385884151462
0.0144375 0.000146331757585309
0.014445 0.000146277602894157
0.0144525 0.000146223420078008
0.01446 0.000146169209136861
0.0144675 0.000146114970070715
0.014475 0.000146060702879572
0.0144825 0.00014600640756343
0.01449 0.00014595208412229
0.0144975 0.000145897732556152
0.014505 0.000145843352865016
0.0145125 0.000145788945048882
0.01452 0.000145734509107749
0.0145275 0.000145680045041619
0.014535 0.00014562555285049
0.0145425 0.000145571032534363
0.01455 0.000145516484093238
0.0145575 0.000145461907527115
0.014565 0.000145407302835994
0.0145725 0.000145352670019875
0.01458 0.000145298009078757
0.0145875 0.000145243320012642
0.014595 0.000145188602821528
0.0146025 0.000145133857505416
0.01461 0.000145079084064306
0.0146175 0.000145024282498198
0.014625 0.000144969452807092
0.0146325 0.000144914594990987
0.01464 0.000144859709049885
0.0146475 0.000144804794983784
0.014655 0.000144749852792685
0.0146625 0.000144694882476588
0.01467 0.000144639884035493
0.0146775 0.0001445848574694
0.014685 0.000144529802778308
0.0146925 0.000144474719962218
0.0147 0.00014441960902113
0.0147075 0.000144364469955044
0.014715 0.00014430930276396
0.0147225 0.000144254107447878
0.01473 0.000144198884006797
0.0147375 0.000144143632440719
0.014745 0.000144088352749642
0.0147525 0.000144033044933567
0.01476 0.000143977708992493
0.0147675 0.000143922344926422
0.014775 0.000143866952735352
0.0147825 0.000143811532419285
0.01479 0.000143756083978219
0.0147975 0.000143700607412154
0.014805 0.000143645102721092
0.0148125 0.000143589569905031
0.01482 0.000143534008963973
0.0148275 0.000143478419897916
0.014835 0.000143422802706861
0.0148425 0.000143367157390807
0.01485 0.000143311483949756
0.0148575 0.000143255782383706
0.014865 0.000143200052692658
0.0148725 0.000143144294876612
0.01488 0.000143088508935567
0.0148875 0.000143032694869524
0.014895 0.000142976852678484
0.0149025 0.000142920982362445
0.01491 0.000142865083921407
0.0149175 0.000142809157355372
0.014925 0.000142753202664338
0.0149325 0.000142697219848306
0.01494 0.000142641208907276
0.0149475 0.000142585169841247
0.014955 0.000142529102650221
0.0149625 0.000142473007334196
0.01497 0.000142416883893173
0.0149775 0.000142360732327151
0.014985 0.000142304552636132
0.0149925 0.000142248344820114
0.015 0.000142192108879098
0.01535 0.00014152811433627
0.0157 0.00014084880928394
0.01605 0.000140154193634339
0.0164 0.000139444267305376
0.01675 0.000138719030220163
0.0171 0.000137978482306578
0.01745 0.000137222623496887
0.0178 0.000136451453727388
0.01815 0.000135664972938102
0.0185 0.000134863181072486
0.01885 0.000134046078077176
0.0192 0.000133213663901753
0.01955 0.000132365938498531
0.0199 0.000131502901822363
0.02025 0.000130624553830462
0.0206 0.000129730894482241
0.02095 0.000128821923739164
0.0213 0.000127897641564612
0.02165 0.000126958047923754
0.022 0.000126003142783437
0.02235 0.000125032926112077
0.0227 0.000124047397879561
0.02305 0.00012304655805716
0.0234 0.000122030406617443
0.02375 0.000120998943534202
0.0241 0.000119952168782377
0.02445 0.000118890082337993
0.0248 0.000117812684178097
0.02515 0.000116719974280703
0.0255 0.000115611952624734
0.02585 0.000114488619189976
0.0262 0.00011334997395703
0.02655 0.00011219601690727
0.0269 0.000111026748022802
0.02725 0.000109842167286424
0.0276 0.000108642274681596
0.02795 0.0001074270701924
0.0283 0.000106196553803514
0.02865 0.00010495072550018
0.029 0.00010368958526818
0.02935 0.000102413133093804
0.0297 0.000101121368963832
0.03005 9.98142928655084e-05
0.0304 9.84919047865202e-05
0.03075 9.71542047149774e-05
0.0311 9.58011926393938e-05
0.03145 9.44328685486689e-05
0.0318 9.30492324320707e-05
0.03215 9.16502842792193e-05
0.0325 9.02360240800725e-05
0.03285 8.88064518249103e-05
0.0332 8.73615675043222e-05
0.03355 8.59013711091935e-05
0.0339 8.44258626306932e-05
0.03425 8.29350420602626e-05
0.0346 8.1428909389604e-05
0.03495 7.99074646106702e-05
0.0353 7.83707077156547e-05
0.03565 7.68186386969817e-05
0.036 7.52512575472979e-05
0.03635 7.36685642594632e-05
0.0367 7.20705588265427e-05
0.03705 7.0457241241799e-05
0.0374 6.88286114986849e-05
0.03775 6.7184669590836e-05
0.0381 6.55254155120642e-05
0.03845 6.3850849256351e-05
0.0388 6.21609708178417e-05
0.03915 6.04557801908392e-05
0.0395 5.87352773697986e-05
0.03985 5.69994623493216e-05
0.0402 5.52483351241518e-05
0.04055 5.34818956891692e-05
0.0409 5.17001440393859e-05
0.04125 4.99030801699416e-05
0.0416 4.80907040760992e-05
0.04195 4.62630157532405e-05
0.0423 4.44200151968625e-05
0.04265 4.25617024025736e-05
0.043 4.06880773660897e-05
0.04335 3.8799140083231e-05
0.0437 3.68948905499186e-05
0.04405 3.49753287621711e-05
0.0444 3.30404547161016e-05
0.04475 3.10902684079149e-05
0.0451 2.91247698339044e-05
0.04545 2.71439589904494e-05
0.0458 2.51478358740128e-05
0.04615 2.31364004811379e-05
0.0465 2.11096528084467e-05
0.04685 1.90675928526368e-05
0.0472 1.70102206104801e-05
0.04755 1.49375360788194e-05
0.0479 1.28495392545675e-05
0.04825 1.07462301347043e-05
0.0486 8.62760871627536e-06
0.04895 6.49367499638968e-06
0.0493 4.34442897221825e-06
0.04965 2.17987064099194e-06
0.05 0
