3.75e-06 3.74999999947177e-06
1.125e-05 6.25000000032428e-06
1.875e-05 9.749999997181e-06
2.625e-05 1.33928571430357e-05
3.375e-05 1.70833333337378e-05
4.125e-05 2.07954545474535e-05
4.875e-05 2.4519230768279e-05
5.625e-05 2.82500000027668e-05
6.375e-05 3.19852941188814e-05
7.125e-05 3.57236842176677e-05
7.875e-05 3.94642857202571e-05
8.625e-05 4.32065217443577e-05
9.375e-05 4.69500000003254e-05
0.00010125 5.06944444502872e-05
0.00010875 5.44396551782044e-05
0.00011625 5.81854838796758e-05
0.00012375 6.19318181843743e-05
0.00013125 6.56785714284065e-05
0.00013875 6.94256756720499e-05
0.00014625 7.31730769111944e-05
0.00015375 7.69207316982446e-05
0.00016125 8.06686046376148e-05
0.00016875 8.44166666546147e-05
0.00017625 8.81648936076781e-05
0.00018375 9.19132652981168e-05
0.00019125 9.5661764700344e-05
0.00019875 9.94103773474878e-05
0.00020625 0.0001031590908941
0.00021375 0.000106907894718612
0.00022125 0.000110656779652291
0.00022875 0.000114405737690106
0.00023625 0.000118154761893167
0.00024375 0.000121903846139343
0.00025125 0.000125652985061835
0.00025875 0.00012940217390461
0.00026625 0.000133151408435665
0.00027375 0.000136900684910887
0.00028125 0.000140649999980091
0.00028875 0.000144399350632812
0.00029625 0.000148148734154929
0.00030375 0.000151898148121442
0.00031125 0.00015564759033865
0.00031875 0.000159397058800778
0.00032625 0.000163146551708054
0.00033375 0.000166896067394413
0.00034125 0.000170645604374505
0.00034875 0.000174395161267777
0.00035625 0.000178144736823784
0.00036375 0.000181894329878811
0.00037125 0.000185643939381186
0.00037875 0.00018939356434067
0.00038625 0.000193143203868219
0.00039375 0.000196892857121766
0.00040125 0.000200642523345984
0.00040875 0.000204392201814459
0.00041625 0.000208141891869443
0.00042375 0.000211891592892937
0.00043125 0.000215641304324772
0.00043875 0.000219391025619234
0.00044625 0.000223140756281205
0.00045375 0.000226890495848083
0.00046125 0.000230640243882584
0.00046875 0.000234389999983549
0.00047625 0.000238139763760668
0.00048375 0.000241889534866989
0.00049125 0.00024563931295196
0.00049875 0.000249389097722848
0.00050625 0.000253138888868834
0.00051375 0.000256888686111665
0.00052125 0.000260638489187489
0.00052875 0.000264388297850583
0.00053625 0.000268138111869624
0.00054375 0.000271887931020559
0.00055125 0.000275637755082935
0.00055875 0.000279387583868809
0.00056625 0.000283137417186653
0.00057375 0.000286887254866603
0.00058125 0.000290637096731574
0.00058875 0.000294386942633391
0.00059625 0.000298136792409428
0.00060375 0.00030188664592234
0.00061125 0.000305636503031194
0.00061875 0.000309386363609499
0.00062625 0.000313136227509063
0.00063375 0.000316886094643181
0.00064125 0.0003206359648781
0.00064875 0.000324385838116277
0.00065625 0.000328135714256493
0.00066375 0.00033188559319394
0.00067125 0.00033563547483107
0.00067875 0.000339385359088341
0.00068625 0.000343135245875422
0.00069375 0.000346885135116414
0.00070125 0.000350635026720967
0.00070875 0.000354384920620414
0.00071625 0.000358134816746095
0.00072375 0.000361884715025713
0.00073125 0.000365634615376164
0.00073875 0.000369384517757691
0.00074625 0.000373134422105222
0.00075375 0.000376884328346515
0.00076125 0.000380634236449
0.00076875 0.000384384146336826
0.00077625 0.000388134057966587
0.00078375 0.000391883971287709
0.00079125 0.000395633886245982
0.00079875 0.000399383802805243
0.00080625 0.000403133720918551
0.00081375 0.000406883640542496
0.00082125 0.000410633561630119
0.00082875 0.00041438348414889
0.00083625 0.000418133408059059
0.00084375 0.000421883333317241
0.00085125 0.000425633259898156
0.00085875 0.000429383187762043
0.00086625 0.000433133116876377
0.00087375 0.000436883047205023
0.00088125 0.000440632978719045
0.00088875 0.000444382911385961
0.00089625 0.000448132845184048
0.00090375 0.00045188278008078
0.00091125 0.000455632716040056
0.00091875 0.000459382653058211
0.00092625 0.000463132591088314
0.00093375 0.000466882530108635
0.00094125 0.000470632470115586
0.00094875 0.000474382411065794
0.00095625 0.00047813235293758
0.00096375 0.000481882295720082
0.00097125 0.000485632239380795
0.00097875 0.000489382183905263
0.00098625 0.000493132129271773
0.00099375 0.000496882075458691
0.00100125 0.000500632022465974
0.00100875 0.000504381970253869
0.00101625 0.000508131918815176
0.00102375 0.000511881868128226
0.00103125 0.000515631818178474
0.00103875 0.000519381768947939
0.00104625 0.000523131720422135
0.00105375 0.000526881672590251
0.00106125 0.00053063162543774
0.00106875 0.000534381578943009
0.00107625 0.000538131533091586
0.00108375 0.000541881487883441
0.00109125 0.000545631443293276
0.00109875 0.000549381399310295
0.00110625 0.000553131355919996
0.00111375 0.000556881313122378
0.00112125 0.000560631270895806
0.00112875 0.000564381229222144
0.00113625 0.000568131188108685
0.00114375 0.00057188114752647
0.00115125 0.000575631107479111
0.00115875 0.000579381067944974
0.00116625 0.000583131028916765
0.00117375 0.000586880990390936
0.00118125 0.000590630952356579
0.00118875 0.000594380914806532
0.00119625 0.000598130877719062
0.00120375 0.000601880841105009
0.00121125 0.000605630804939128
0.00121875 0.00060938076920691
0.00122625 0.000613130733922811
0.00123375 0.000616880699068797
0.00124125 0.00062063066463043
0.00124875 0.000624380630611215
0.00125625 0.000628130596996806
0.00126375 0.000631880563776359
0.00127125 0.000635630530949767
0.00127875 0.000639380498513523
0.00128625 0.000643130466453137
0.00129375 0.000646880434761417
0.00130125 0.00065063040343825
0.00130875 0.000654380372469294
0.00131625 0.000658130341861776
0.00132375 0.000661880311590285
0.00133125 0.000665630281669391
0.00133875 0.000669380252077391
0.00134625 0.000673130222821474
0.00135375 0.000676880193894412
0.00136125 0.00068063016527458
0.00136875 0.000684380136969128
0.00137625 0.000688130108974519
0.00138375 0.000691880081290675
0.00139125 0.000695630053892378
0.00139875 0.00069938002679041
0.00140625 0.000703129999981156
0.00141375 0.000706879973457449
0.00142125 0.000710629947215593
0.00142875 0.000714379921248444
0.00143625 0.000718129895545096
0.00144375 0.000721879870109164
0.00145125 0.000725629844944324
0.00145875 0.000729379820043286
0.00146625 0.000733129795380751
0.00147375 0.00073687977098206
0.00148125 0.00074062974682555
0.00148875 0.000744379722907479
0.00149625 0.000748129699231589
0.00150375 0.000751879675794246
0.00151125 0.000755629652580949
0.00151875 0.000759379629609769
0.00152625 0.000763129606859065
0.00153375 0.000766879584325246
0.00154125 0.000770629562022635
0.00154875 0.000774379539926066
0.00155625 0.000778129518049974
0.00156375 0.000781879496387087
0.00157125 0.000785629474926561
0.00157875 0.000789379453672079
0.00158625 0.000793129432609117
0.00159375 0.000796879411752129
0.00160125 0.000800629391083094
0.00160875 0.00080437937062008
0.00161625 0.000808129350334129
0.00162375 0.000811879330243311
0.00163125 0.000815629310329626
0.00163875 0.000819379290611075
0.00164625 0.000823129271058744
0.00165375 0.000826879251683546
0.00166125 0.000830629232489002
0.00166875 0.000834379213464363
0.00167625 0.000838129194620401
0.00168375 0.000841879175935432
0.00169125 0.000845629157413141
0.00169875 0.00084937913905707
0.00170625 0.000853129120863604
0.00171375 0.00085687910282918
0.00172125 0.000860629084950183
0.00172875 0.000864379067222949
0.00173625 0.000868129049651092
0.00174375 0.000871879032234688
0.00175125 0.000875629014970048
0.00175875 0.000879378997846328
0.00176625 0.000883128980870807
0.00177375 0.000886878964036285
0.00178125 0.00089062894734622
0.00178875 0.000894378930797152
0.00179625 0.000898128914385469
0.00180375 0.000901878898103786
0.00181125 0.000905628881966715
0.00181875 0.000909378865956161
0.00182625 0.000913128850082913
0.00183375 0.000916878834336129
0.00184125 0.000920628818715862
0.00184875 0.000924378803222111
0.00185625 0.000928128787862052
0.00186375 0.000931878772617614
0.00187125 0.000935628757496107
0.00187875 0.000939378742497448
0.00188625 0.000943128727607183
0.00189375 0.000946878712847077
0.00190125 0.000950628698202564
0.00190875 0.000954378683673754
0.00191625 0.000958128669253337
0.00192375 0.000961878654944926
0.00193125 0.000965628640752219
0.00193875 0.000969378626660649
0.00194625 0.000973128612684783
0.00195375 0.000976878598813666
0.00196125 0.000980628585051055
0.00196875 0.000984378571393137
0.00197625 0.00098812855784731
0.00198375 0.000991878544399118
0.00199125 0.000995628531055617
0.00199875 0.00099937851779891
0.00200625 0.00100312850465068
0.00201375 0.00100687849160347
0.00202125 0.00101062847863962
0.00202875 0.00101437846578045
0.00203625 0.0010181284530079
0.00204375 0.00102187844034401
0.00205125 0.00102562842776674
0.00205875 0.00102937841528692
0.00206625 0.00103312840287963
0.00207375 0.00103687839057334
0.00208125 0.0010406283783647
0.00208875 0.00104437836622478
0.00209625 0.00104812835417503
0.00210375 0.0010518783422231
0.00211125 0.00105562833035056
0.00211875 0.00105937831857186
0.00212625 0.00106312830685846
0.00213375 0.00106687829523167
0.00214125 0.00107062828368788
0.00214875 0.00107437827222746
0.00215625 0.00107812826084274
0.00216375 0.0010818782495376
0.00217125 0.00108562823831564
0.00217875 0.00108937822717307
0.00218625 0.00109312821611006
0.00219375 0.00109687820511217
0.00220125 0.00110062819419367
0.00220875 0.00110437818334027
0.00221625 0.00110812817256645
0.00222375 0.00111187816185756
0.00223125 0.00111562815123546
0.00223875 0.00111937814067848
0.00224625 0.00112312813019004
0.00225375 0.00112687811977033
0.00226125 0.00113062810941929
0.00226875 0.00113437809913697
0.00227625 0.00113812808893042
0.00228375 0.00114187807878899
0.00229125 0.00114562806870906
0.00229875 0.00114937805869767
0.00230625 0.00115312804874416
0.00231375 0.00115687803887023
0.00232125 0.00116062802904677
0.00232875 0.00116437801929565
0.00233625 0.00116812800960958
0.00234375 0.00117187799997779
0.00235125 0.00117562799040369
0.00235875 0.00117937798089471
0.00236625 0.00118312797143994
0.00237375 0.00118687796205751
0.00238125 0.00119062795272194
0.00238875 0.00119437794345509
0.00239625 0.00119812793424614
0.00240375 0.00120187792508404
0.00241125 0.00120562791598344
0.00241875 0.00120937790694073
0.00242625 0.00121312789796294
0.00243375 0.0012168778890322
0.00244125 0.00122062788015936
0.00244875 0.00122437787133689
0.00245625 0.00122812786256893
0.00246375 0.00123187785385864
0.00247125 0.00123562784519881
0.00247875 0.00123937783658263
0.00248625 0.00124312782803136
0.00249375 0.00124687781952332
0.00250125 0.00125062781106615
0.00250875 0.00125437780266306
0.00251625 0.0012581277943068
0.00252375 0.00126187778600866
0.00253125 0.00126562777775012
0.00253875 0.00126937776954204
0.00254625 0.00127312776138846
0.00255375 0.00127687775327795
0.00256125 0.0012806277452111
0.00256875 0.00128437773720555
0.00257625 0.00128812772923599
0.00258375 0.00129187772130648
0.00259125 0.00129562771343464
0.00259875 0.00129937770560602
0.00260625 0.00130312769781746
0.00261375 0.00130687769007573
0.00262125 0.0013106276823736
0.00262875 0.00131437767472237
0.00263625 0.00131812766711435
0.00264375 0.00132187765954956
0.00265125 0.00132562765202482
0.00265875 0.00132937764454322
0.00266625 0.00133312763709784
0.00267375 0.00133687762971035
0.00268125 0.00134062762235163
0.00268875 0.00134437761503996
0.00269625 0.00134812760776452
0.00270375 0.00135187760053228
0.00271125 0.00135562759333627
0.00271875 0.00135937758617285
0.00272625 0.00136312757906711
0.00273375 0.00136687757198674
0.00274125 0.00137062756496058
0.00274875 0.00137437755795619
0.00275625 0.00137812755099862
0.00276375 0.00138187754407365
0.00277125 0.00138562753718121
0.00277875 0.00138937753033583
0.00278625 0.00139312752353005
0.00279375 0.00139687751675326
0.00280125 0.00140062751001991
0.00280875 0.00140437750331532
0.00281625 0.00140812749664695
0.00282375 0.00141187749000757
0.00283125 0.00141562748341501
0.00283875 0.00141937747685867
0.00284625 0.00142312747033486
0.00285375 0.00142687746384005
0.00286125 0.0014306274573812
0.00286875 0.00143437745094774
0.00287625 0.00143812744455773
0.00288375 0.0014418774382037
0.00289125 0.00144562743187504
0.00289875 0.00144937742558984
0.00290625 0.00145312741933338
0.00291375 0.00145687741310592
0.00292125 0.00146062740691106
0.00292875 0.00146437740074848
0.00293625 0.00146812739461516
0.00294375 0.00147187738851057
0.00295125 0.00147562738244195
0.00295875 0.00147937737640259
0.00296625 0.00148312737039558
0.00297375 0.00148687736441731
0.00298125 0.0014906273584683
0.00298875 0.00149437735254803
0.00299625 0.00149812734666011
0.00300375 0.00150187734080145
0.00301125 0.00150562733496783
0.00301875 0.00150937732917404
0.00302625 0.00151312732339842
0.00303375 0.00151687731765867
0.00304125 0.00152062731194096
0.00304875 0.0015243773062556
0.00305625 0.00152812730059175
0.00306375 0.00153187729496077
0.00307125 0.0015356272893513
0.00307875 0.0015393772837778
0.00308625 0.00154312727822995
0.00309375 0.00154687727270722
0.00310125 0.0015506272672096
0.00310875 0.00155437726173765
0.00311625 0.00155812725629433
0.00312375 0.00156187725088364
0.00313125 0.00156562724549833
0.00313875 0.00156937724013091
0.00314625 0.00157312723478888
0.00315375 0.00157687722947224
0.00316125 0.00158062722418432
0.00316875 0.0015843772189218
0.00317625 0.00158812721368105
0.00318375 0.00159187720846181
0.00319125 0.00159562720326795
0.00319875 0.0015993771981031
0.00320625 0.00160312719296688
0.00321375 0.00160687718784188
0.00322125 0.00161062718274551
0.00322875 0.00161437717768175
0.00323625 0.00161812717263616
0.00324375 0.00162187716760846
0.00325125 0.00162562716259892
0.00325875 0.00162937715762561
0.00326625 0.00163312715267018
0.00327375 0.00163687714774376
0.00328125 0.00164062714283912
0.00328875 0.00164437713795236
0.00329625 0.00164812713308376
0.00330375 0.00165187712824417
0.00331125 0.00165562712342246
0.00331875 0.00165937711862615
0.00332625 0.00166312711385152
0.00333375 0.00166687710909867
0.00334125 0.00167062710436731
0.00334875 0.00167437709964688
0.00335625 0.00167812709495547
0.00336375 0.00168187709028555
0.00337125 0.00168562708563379
0.00337875 0.00168937708100382
0.00338625 0.00169312707639895
0.00339375 0.00169687707180863
0.00340125 0.00170062706724371
0.00340875 0.00170437706269295
0.00341625 0.00170812705816788
0.00342375 0.00171187705365707
0.00343125 0.00171562704917136
0.00343875 0.00171937704469689
0.00344625 0.00172312704024742
0.00345375 0.00172687703581612
0.00346125 0.0017306270314066
0.00346875 0.00173437702700773
0.00347625 0.00173812702264148
0.00348375 0.00174187701828617
0.00349125 0.00174562701395235
0.00349875 0.00174937700962947
0.00350625 0.00175312700533199
0.00351375 0.00175687700104866
0.00352125 0.0017606269967838
0.00352875 0.00176437699254404
0.00353625 0.00176812698831492
0.00354375 0.00177187698411151
0.00355125 0.00177562697991873
0.00355875 0.00177937697575105
0.00356625 0.001783126971591
0.00357375 0.00178687696745244
0.00358125 0.00179062696333173
0.00358875 0.00179437695922951
0.00359625 0.00179812695514516
0.00360375 0.00180187695107866
0.00361125 0.00180562694702343
0.00361875 0.00180937694298234
0.00362625 0.00181312693896664
0.00363375 0.00181687693496552
0.00364125 0.00182062693097863
0.00364875 0.00182437692700631
0.00365625 0.00182812692305216
0.00366375 0.00183187691911938
0.00367125 0.00183562691519426
0.00367875 0.0018393769112906
0.00368625 0.00184312690739757
0.00369375 0.00184687690352666
0.00370125 0.00185062689966988
0.00370875 0.00185437689582404
0.00371625 0.00185812689199639
0.00372375 0.0018618768881902
0.00373125 0.00186562688439497
0.00373875 0.00186937688061791
0.00374625 0.00187312687685148
0.00375375 0.00187687687309961
0.00376125 0.00188062686936953
0.00376875 0.00188437686564647
0.00377625 0.00188812686194158
0.00378375 0.00189187685825126
0.00379125 0.0018956268545788
0.00379875 0.00189937685091005
0.00380625 0.00190312684725937
0.00381375 0.00190687684362688
0.00382125 0.001910626840005
0.00382875 0.00191437683640493
0.00383625 0.0019181268328158
0.00384375 0.00192187682924091
0.00385125 0.0019256268256842
0.00385875 0.00192937682213482
0.00386625 0.00193312681859968
0.00387375 0.00193687681507911
0.00388125 0.00194062681156938
0.00388875 0.00194437680807772
0.00389625 0.00194812680459341
0.00390375 0.00195187680112704
0.00391125 0.00195562679767491
0.00391875 0.00195937679423408
0.00392625 0.00196312679080386
0.00393375 0.00196687678739148
0.00394125 0.00197062678398678
0.00394875 0.00197437678060716
0.00395625 0.0019781267772273
0.00396375 0.00198187677386598
0.00397125 0.00198562677050804
0.00397875 0.00198937676716794
0.00398625 0.00199312676384998
0.00399375 0.00199687676053518
0.00400125 0.00200062675723168
0.00400875 0.00200437675394217
0.00401625 0.00200812675066781
0.00402375 0.00201187674740337
0.00403125 0.00201562674415024
0.00403875 0.00201937674090841
0.00404625 0.00202312673768734
0.00405375 0.00202687673447396
0.00406125 0.0020306267312755
0.00406875 0.00203437672807611
0.00407625 0.00203812672489886
0.00408375 0.00204187672172571
0.00409125 0.00204562671857329
0.00409875 0.00204937671542858
0.00410625 0.00205312671230241
0.00411375 0.00205687670917168
0.00412125 0.0020606267060631
0.00412875 0.00206437670296561
0.00413625 0.0020681266998751
0.00414375 0.00207187669679882
0.00415125 0.00207562669373023
0.00415875 0.00207937669067948
0.00416625 0.00208312668763572
0.00417375 0.00208687668460328
0.00418125 0.00209062668157783
0.00418875 0.00209437667856298
0.00419625 0.00209812667555921
0.00420375 0.00210187667256677
0.00421125 0.00210562666959143
0.00421875 0.0021093766666238
0.00422625 0.00211312666367111
0.00423375 0.00211687666072107
0.00424125 0.00212062665778235
0.00424875 0.00212437665485497
0.00425625 0.00212812665194106
0.00426375 0.00213187664903487
0.00427125 0.00213562664614363
0.00427875 0.00213937664325501
0.00428625 0.00214312664037773
0.00429375 0.00214687663750818
0.00430125 0.0021506266346557
0.00430875 0.00215437663181095
0.00431625 0.00215812662898091
0.00432375 0.00216187662616145
0.00433125 0.00216562662334175
0.00433875 0.00216937662054061
0.00434625 0.00217312661773923
0.00435375 0.00217687661495567
0.00436125 0.00218062661217622
0.00436875 0.00218437660941097
0.00437625 0.00218812660664909
0.00438375 0.00219187660390217
0.00439125 0.00219562660115861
0.00439875 0.00219937659843287
0.00440625 0.00220312659570763
0.00441375 0.00220687659300383
0.00442125 0.00221062659030338
0.00442875 0.00221437658760706
0.00443625 0.00221812658491771
0.00444375 0.00222187658224617
0.00445125 0.00222562657957876
0.00445875 0.00222937657692555
0.00446625 0.00223312657427209
0.00447375 0.0022368765716372
0.00448125 0.00224062656900568
0.00448875 0.00224437656638112
0.00449625 0.00224812656376793
0.00450375 0.00225187656116893
0.00451125 0.00225562655858051
0.00451875 0.002259376555989
0.00452625 0.00226312655340781
0.00453375 0.0022668765508416
0.00454125 0.00227062654828235
0.00454875 0.00227437654573369
0.00455625 0.00227812654319639
0.00456375 0.00228187654065521
0.00457125 0.00228562653812461
0.00457875 0.002289376535609
0.00458625 0.00229312653310397
0.00459375 0.00229687653059144
0.00460125 0.0023006265280939
0.00460875 0.00230437652560332
0.00461625 0.00230812652312331
0.00462375 0.00231187652065469
0.00463125 0.00231562651819663
0.00463875 0.00231937651574554
0.00464625 0.00232312651330221
0.00465375 0.00232687651086196
0.00466125 0.00233062650843309
0.00466875 0.00233437650601117
0.00467625 0.00233812650359622
0.00468375 0.00234187650118903
0.00469125 0.0023456264987888
0.00469875 0.00234937649639553
0.00470625 0.00235312649401003
0.00471375 0.00235687649163121
0.00472125 0.00236062648925294
0.00472875 0.00236437648688524
0.00473625 0.00236812648453172
0.00474375 0.00237187648218597
0.00475125 0.00237562647985079
0.00475875 0.00237937647752257
0.00476625 0.00238312647520212
0.00477375 0.0023868764728814
0.00478125 0.00239062647056763
0.00478875 0.00239437646826526
0.00479625 0.00239812646597707
0.00480375 0.00240187646368137
0.00481125 0.00240562646139345
0.00481875 0.0024093764591161
0.00482625 0.00241312645684569
0.00483375 0.00241687645458669
0.00484125 0.00242062645233825
0.00484875 0.00242437645010037
0.00485625 0.00242812644786305
0.00486375 0.00243187644562545
0.00487125 0.0024356264433948
0.00487875 0.00243937644118278
0.00488625 0.00244312643897048
0.00489375 0.00244687643676513
0.00490125 0.00245062643456005
0.00490875 0.00245437643237362
0.00491625 0.00245812643018966
0.00492375 0.0024618764280135
0.00493125 0.00246562642584152
0.00493875 0.00246937642366841
0.00494625 0.00247312642151393
0.00495375 0.00247687641936364
0.00496125 0.00248062641721582
0.00496875 0.0024843764150758
0.00497625 0.00248812641294358
0.00498375 0.00249187641081744
0.00499125 0.0024956264086991
0.00499875 0.00249937640658496
0.00500625 0.0025031264044805
0.00501375 0.00250687640238023
0.00502125 0.00251062640028777
0.00502875 0.00251437639819415
0.00503625 0.00251812639611919
0.00504375 0.00252187639403757
0.00505125 0.00252562639196563
0.00505875 0.00252937638990151
0.00506625 0.0025331263878452
0.00507375 0.00253687638579494
0.00508125 0.00254062638374888
0.00508875 0.00254437638170644
0.00509625 0.00254812637967543
0.00510375 0.00255187637764685
0.00511125 0.00255562637562971
0.00511875 0.00255937637361316
0.00512625 0.00256312637160265
0.00513375 0.00256687636959996
0.00514125 0.00257062636760509
0.00514875 0.00257437636561265
0.00515625 0.00257812636362442
0.00516375 0.0025818763616404
0.00517125 0.00258562635966964
0.00517875 0.00258937635769948
0.00518625 0.00259312635573353
0.00519375 0.00259687635377722
0.00520125 0.00260062635182874
0.00520875 0.00260437634988087
0.00521625 0.00260812634793901
0.00522375 0.00261187634600499
0.00523125 0.00261562634407157
0.00523875 0.00261937634214779
0.00524625 0.00262312634023184
0.00525375 0.00262687633832011
0.00526125 0.00263062633640716
0.00526875 0.00263437633450566
0.00527625 0.002638126332612
0.00528375 0.00264187633072074
0.00529125 0.0026456263288337
0.00529875 0.00264937632695419
0.00530625 0.00265312632507077
0.00531375 0.00265687632319788
0.00532125 0.00266062632132921
0.00532875 0.00266437631947109
0.00533625 0.00266812631762349
0.00534375 0.00267187631576929
0.00535125 0.00267562631392562
0.00535875 0.00267937631208525
0.00536625 0.00268312631025634
0.00537375 0.00268687630843074
0.00538125 0.00269062630660844
0.00538875 0.00269437630479038
0.00539625 0.00269812630297201
0.00540375 0.00270187630116055
0.00541125 0.00270562629934971
0.00541875 0.00270937629755664
0.00542625 0.00271312629576686
0.00543375 0.0027168762939741
0.00544125 0.00272062629218825
0.00544875 0.00272437629041293
0.00545625 0.00272812628864186
0.00546375 0.00273187628687769
0.00547125 0.00273562628511683
0.00547875 0.00273937628335298
0.00548625 0.00274312628159573
0.00549375 0.00274687627984995
0.00550125 0.00275062627811108
0.00550875 0.00275437627636829
0.00551625 0.00275812627463697
0.00552375 0.0027618762728981
0.00553125 0.0027656262711806
0.00553875 0.0027693762694529
0.00554625 0.00277312626773539
0.00555375 0.00277687626602215
0.00556125 0.00278062626431581
0.00556875 0.00278437626260915
0.00557625 0.0027881262609212
0.00558375 0.00279187625922932
0.00559125 0.00279562625754072
0.00559875 0.00279937625585278
0.00560625 0.00280312625417535
0.00561375 0.00280687625249398
0.00562125 0.00281062625082049
0.00562875 0.00281437624915391
0.00563625 0.00281812624749423
0.00564375 0.00282187624583519
0.00565125 0.00282562624417945
0.00565875 0.00282937624253061
0.00566625 0.00283312624089326
0.00567375 0.00283687623925526
0.00568125 0.0028406262376143
0.00568875 0.00284437623598024
0.00569625 0.00284812623434947
0.00570375 0.00285187623272658
0.00571125 0.0028556262311142
0.00571875 0.0028593762295015
0.00572625 0.00286312622788945
0.00573375 0.00286687622628431
0.00574125 0.00287062622467521
0.00574875 0.00287437622308124
0.00575625 0.00287812622148693
0.00576375 0.00288187621989952
0.00577125 0.00288562621831639
0.00577875 0.00288937621673293
0.00578625 0.00289312621515275
0.00579375 0.00289687621358046
0.00580125 0.00290062621201145
0.00580875 0.00290437621044934
0.00581625 0.00290812620888789
0.00582375 0.00291187620732611
0.00583125 0.00291562620577484
0.00583875 0.00291937620423147
0.00584625 0.00292312620268776
0.00585375 0.0029268762011401
0.00586125 0.00293062619960362
0.00586875 0.00293437619807504
0.00587625 0.00293812619654149
0.00588375 0.00294187619501586
0.00589125 0.00294562619349451
0.00589875 0.00294937619197903
0.00590625 0.00295312619046423
0.00591375 0.00295687618895735
0.00592125 0.00296062618744548
0.00592875 0.00296437618594514
0.00593625 0.00296812618444187
0.00594375 0.0029718761829553
0.00595125 0.0029756261814658
0.00595875 0.00297937617997338
0.00596625 0.00298312617849403
0.00597375 0.00298687617701537
0.00598125 0.00299062617553741
0.00598875 0.00299437617406528
0.00599625 0.00299812617259385
0.00600375 0.00300187617113361
0.00601125 0.00300562616967664
0.00601875 0.00300937616821932
0.00602625 0.00301312616676631
0.00603375 0.00301687616530934
0.00604125 0.00302062616386286
0.00604875 0.00302437616242034
0.00605625 0.00302812616097852
0.00606375 0.00303187615954615
0.00607125 0.00303562615811086
0.00607875 0.0030393761566835
0.00608625 0.00304312615525112
0.00609375 0.0030468761538339
0.00610125 0.00305062615241739
0.00610875 0.00305437615099946
0.00611625 0.00305812614959308
0.00612375 0.00306187614818019
0.00613125 0.00306562614677672
0.00613875 0.00306937614537757
0.00614625 0.00307312614397913
0.00615375 0.0030768761425865
0.00616125 0.00308062614119096
0.00616875 0.00308437613980337
0.00617625 0.00308812613842157
0.00618375 0.00309187613703688
0.00619125 0.00309562613566375
0.00619875 0.00309937613428918
0.00620625 0.00310312613291894
0.00621375 0.00310687613155304
0.00622125 0.00311062613018931
0.00622875 0.00311437612882991
0.00623625 0.00311812612746726
0.00624375 0.00312187612611871
0.00625125 0.0031256261247698
0.00625875 0.00312937612341799
0.00626625 0.00313312612207305
0.00627375 0.00313687612072775
0.00628125 0.00314062611939402
0.00628875 0.00314437611805992
0.00629625 0.00314812611672546
0.00630375 0.00315187611540257
0.00631125 0.00315562611407209
0.00631875 0.00315937611275208
0.00632625 0.00316312611142919
0.00633375 0.00316687611011678
0.00634125 0.00317062610880761
0.00634875 0.00317437610749557
0.00635625 0.00317812610618315
0.00636375 0.00318187610488122
0.00637125 0.00318562610358001
0.00637875 0.00318937610228567
0.00638625 0.00319312610098734
0.00639375 0.00319687609969699
0.00640125 0.00320062609840626
0.00640875 0.003204376097126
0.00641625 0.00320812609584611
0.00642375 0.00321187609455974
0.00643125 0.00321562609328995
0.00643875 0.00321937609201368
0.00644625 0.00322312609074139
0.00645375 0.00322687608947235
0.00646125 0.00323062608821016
0.00646875 0.00323437608694871
0.00647625 0.00323812608569051
0.00648375 0.00324187608442832
0.00649125 0.00324562608318134
0.00649875 0.00324937608193036
0.00650625 0.00325312608068262
0.00651375 0.00325687607944287
0.00652125 0.00326062607819551
0.00652875 0.00326437607695861
0.00653625 0.00326812607572247
0.00654375 0.00327187607449318
0.00655125 0.00327562607325628
0.00655875 0.0032793760720346
0.00656625 0.00328312607080892
0.00657375 0.00328687606957925
0.00658125 0.00329062606836118
0.00658875 0.00329437606715358
0.00659625 0.00329812606594197
0.00660375 0.00330187606473113
0.00661125 0.0033056260635163
0.00661875 0.00330937606231193
0.00662625 0.00331312606111193
0.00663375 0.00331687605991117
0.00664125 0.00332062605871479
0.00664875 0.00332437605751441
0.00665625 0.0033281260563281
0.00666375 0.00333187605514618
0.00667125 0.00333562605395664
0.00667875 0.00333937605277395
0.00668625 0.00334312605159564
0.00669375 0.00334687605041333
0.00670125 0.00335062604923786
0.00670875 0.00335437604805955
0.00671625 0.00335812604689532
0.00672375 0.00336187604572346
0.00673125 0.00336562604455961
0.00673875 0.00336937604339176
0.00674625 0.00337312604223797
0.00675375 0.00337687604108497
0.00676125 0.00338062603993157
0.00676875 0.00338437603877417
0.00677625 0.00338812603762839
0.00678375 0.00339187603647861
0.00679125 0.00339562603533205
0.00679875 0.00339937603418627
0.00680625 0.00340312603305095
0.00681375 0.003406876031908
0.00682125 0.0034106260307799
0.00682875 0.00341437602964536
0.00683625 0.00341812602851286
0.00684375 0.00342187602738837
0.00685125 0.00342562602625745
0.00685875 0.0034293760251394
0.00686625 0.00343312602402215
0.00687375 0.0034368760229089
0.00688125 0.00344062602179165
0.00688875 0.00344437602068122
0.00689625 0.00344812601957159
0.00690375 0.00345187601846156
0.00691125 0.00345562601735475
0.00691875 0.00345937601624873
0.00692625 0.00346312601514955
0.00693375 0.00346687601404996
0.00694125 0.0034706260129584
0.00694875 0.00347437601185922
0.00695625 0.00347812601077047
0.00696375 0.00348187600968976
0.00697125 0.00348562600860141
0.00697875 0.00348937600751628
0.00698625 0.00349312600643556
0.00699375 0.00349687600535806
0.00700125 0.00350062600427293
0.00700875 0.00350437600319904
0.00701625 0.00350812600212958
0.00702375 0.00351187600105849
0.00703125 0.00351562599999183
0.00703875 0.00351937599892598
0.00704625 0.00352312599785489
0.00705375 0.00352687599679907
0.00706125 0.00353062599573684
0.00706875 0.00353437599468021
0.00707625 0.003538125993628
0.00708375 0.00354187599257662
0.00709125 0.00354562599152721
0.00709875 0.00354937599047862
0.00710625 0.00355312598942724
0.00711375 0.00355687598838867
0.00712125 0.0035606259873473
0.00712875 0.00356437598631038
0.00713625 0.00356812598527542
0.00714375 0.00357187598423767
0.00715125 0.00357562598320436
0.00715875 0.00357937598217663
0.00716625 0.00358312598114972
0.00717375 0.00358687598012726
0.00718125 0.00359062597909952
0.00718875 0.00359437597807985
0.00719625 0.00359812597705739
0.00720375 0.0036018759760441
0.00721125 0.00360562597502804
0.00721875 0.00360937597401239
0.00722625 0.00361312597300717
0.00723375 0.00361687597199791
0.00724125 0.00362062597099672
0.00724875 0.00362437596998789
0.00725625 0.00362812596898586
0.00726375 0.00363187596798467
0.00727125 0.00363562596699029
0.00727875 0.00363937596599188
0.00728625 0.0036431259649943
0.00729375 0.00364687596399631
0.00730125 0.00365062596300874
0.00730875 0.00365437596202158
0.00731625 0.00365812596103166
0.00732375 0.00366187596004728
0.00733125 0.00366562595907097
0.00733875 0.00366937595808828
0.00734625 0.0036731259571075
0.00735375 0.00367687595613481
0.00736125 0.00368062595515935
0.00736875 0.0036843759541858
0.00737625 0.00368812595321672
0.00738375 0.00369187595224849
0.00739125 0.00369562595128217
0.00739875 0.00369937595032031
0.00740625 0.00370312594935166
0.00741375 0.00370687594838981
0.00742125 0.00371062594743114
0.00742875 0.00371437594647333
0.00743625 0.00371812594551147
0.00744375 0.00372187594456003
0.00745125 0.00372562594361306
0.00745875 0.00372937594266566
0.00746625 0.00373312594172145
0.00747375 0.0037368759407781
0.00748125 0.00374062593983431
0.00748875 0.00374437593889009
0.00749625 0.00374812593795036
0.00750375 0.00375187593701742
0.00751125 0.00375562593607681
0.00751875 0.00375937593514069
0.00752625 0.00376312593420775
0.00753375 0.00376687593327798
0.00754125 0.00377062593234548
0.00754875 0.00377437593142699
0.00755625 0.00377812593050446
0.00756375 0.00378187592958641
0.00757125 0.00378562592866069
0.00757875 0.00378937592774177
0.00758625 0.00379312592682372
0.00759375 0.0037968759259048
0.00760125 0.00380062592499398
0.00760875 0.0038043759240791
0.00761625 0.00380812592317102
0.00762375 0.00381187592226743
0.00763125 0.00381562592135979
0.00763875 0.00381937592045532
0.00764625 0.00382312591955173
0.00765375 0.0038268759186477
0.00766125 0.00383062591774684
0.00766875 0.00383437591685409
0.00767625 0.00383812591595729
0.00768375 0.00384187591506727
0.00769125 0.00384562591417453
0.00769875 0.00384937591327411
0.00770625 0.00385312591238409
0.00771375 0.00385687591150219
0.00772125 0.00386062591062346
0.00772875 0.00386437590973706
0.00773625 0.00386812590885877
0.00774375 0.00387187590798365
0.00775125 0.00387562590710086
0.00775875 0.00387937590622258
0.00776625 0.00388312590535062
0.00777375 0.00388687590447234
0.00778125 0.00389062590359677
0.00778875 0.00389437590272572
0.00779625 0.00389812590185783
0.00780375 0.00390187590098587
0.00781125 0.00390562590012611
0.00781875 0.00390937589926093
0.00782625 0.00391312589840027
0.00783375 0.0039168758975369
0.00784125 0.00392062589667895
0.00784875 0.00392437589582551
0.00785625 0.00392812589495853
0.00786375 0.00393187589410419
0.00787125 0.00393562589325437
0.00787875 0.00393937589240907
0.00788625 0.00394312589156196
0.00789375 0.00394687589071575
0.00790125 0.00395062588987407
0.00790875 0.00395437588902695
0.00791625 0.00395812588818436
0.00792375 0.00396187588733907
0.00793125 0.00396562588650279
0.00793875 0.00396937588566743
0.00794625 0.00397312588482214
0.00795375 0.00397687588398947
0.00796125 0.00398062588315411
0.00796875 0.00398437588232597
0.00797625 0.00398812588149875
0.00798375 0.00399187588067331
0.00799125 0.00399562587984879
0.00799875 0.00399937587902158
0.00800625 0.00400312587819974
0.00801375 0.00400687587738245
0.00802125 0.00401062587656154
0.00802875 0.00401437587574879
0.00803625 0.00401812587493511
0.00804375 0.0040218758741205
0.00805125 0.00402562587330321
0.00805875 0.00402937587249314
0.00806625 0.00403312587167946
0.00807375 0.00403687587087301
0.00808125 0.00404062587005758
0.00808875 0.00404437586925649
0.00809625 0.00404812586845004
0.00810375 0.0040518758676472
0.00811125 0.00405562586684798
0.00811875 0.00405937586604514
0.00812625 0.00406312586524056
0.00813375 0.00406687586444669
0.00814125 0.00407062586365108
0.00814875 0.00407437586285547
0.00815625 0.00407812586206347
0.00816375 0.00408187586127148
0.00817125 0.00408562586048137
0.00817875 0.0040893758596911
0.00818625 0.00409312585890633
0.00819375 0.00409687585811795
0.00820125 0.00410062585733318
0.00820875 0.00410437585654841
0.00821625 0.00410812585576916
0.00822375 0.00411187585498972
0.00823125 0.00411562585420856
0.00823875 0.00411937585343102
0.00824625 0.00412312585265348
0.00825375 0.00412687585187956
0.00826125 0.00413062585110297
0.00826875 0.00413437585032905
0.00827625 0.00413812584956139
0.00828375 0.0041418758487947
0.00829125 0.00414562584802438
0.00829875 0.0041493758472613
0.00830625 0.00415312584649556
0.00831375 0.00415687584572525
0.00832125 0.00416062584495759
0.00832875 0.00416437584419812
0.00833625 0.00416812584343865
0.00834375 0.0041718758426828
0.00835125 0.00417562584192429
0.00835875 0.00417937584116482
0.00836625 0.00418312584041523
0.00837375 0.00418687583966299
0.00838125 0.00419062583891074
0.00838875 0.0041943758381585
0.00839625 0.00419812583740987
0.00840375 0.0042018758366668
0.00841125 0.00420562583591985
0.00841875 0.00420937583517483
0.00842625 0.00421312583442982
0.00843375 0.00421687583368842
0.00844125 0.00422062583294702
0.00844875 0.00422437583220659
0.00845625 0.00422812583146158
0.00846375 0.00423187583072282
0.00847125 0.00423562582998503
0.00847875 0.00423937582925447
0.00848625 0.0042431258285203
0.00849375 0.00424687582779073
0.00850125 0.00425062582705294
0.00850875 0.00425437582633224
0.00851625 0.0042581258256053
0.00852375 0.00426187582487474
0.00853125 0.00426562582415141
0.00853875 0.00426937582342907
0.00854625 0.00427312582269851
0.00855375 0.00427687582197419
0.00856125 0.00428062582125448
0.00856875 0.00428437582053476
0.00857625 0.00428812581981504
0.00858375 0.00429187581909994
0.00859125 0.00429562581838022
0.00859875 0.00429937581767397
0.00860625 0.00430312581696148
0.00861375 0.00430687581624899
0.00862125 0.00431062581554012
0.00862875 0.00431437581482863
0.00863625 0.0043181258141296
0.00864375 0.00432187581342534
0.00865125 0.00432562581271908
0.00865875 0.00432937581201743
0.00866625 0.00433312581131217
0.00867375 0.00433687581061153
0.00868125 0.00434062580990527
0.00868875 0.00434437580920101
0.00869625 0.00434812580850559
0.00870375 0.00435187580780756
0.00871125 0.00435562580710952
0.00871875 0.00435937580641611
0.00872625 0.0043631258057243
0.00873375 0.00436687580503451
0.00874125 0.00437062580433908
0.00874875 0.00437437580364828
0.00875625 0.00437812580295747
0.00876375 0.00438187580226768
0.00877125 0.00438562580158309
0.00877875 0.00438937580090053
0.00878625 0.00439312580021594
0.00879375 0.00439687579953598
0.00880125 0.00440062579885602
0.00880875 0.00440437579817707
0.00881625 0.00440812579749609
0.00882375 0.00441187579682438
0.00883125 0.00441562579613978
0.00883875 0.00441937579546344
0.00884625 0.00442312579478709
0.00885375 0.00442687579411797
0.00886125 0.00443062579344626
0.00886875 0.00443437579276889
0.00887625 0.00443812579209718
0.00888375 0.00444187579142342
0.00889125 0.00444562579076153
0.00889875 0.00444937579009241
0.00890625 0.00445312578942793
0.00891375 0.00445687578876862
0.00892125 0.00446062578810776
0.00892875 0.00446437578744845
0.00893625 0.00446812578678656
0.00894375 0.00447187578612467
0.00895125 0.00447562578546743
0.00895875 0.00447937578480811
0.00896625 0.00448312578414365
0.00897375 0.00448687578348794
0.00898125 0.00449062578283689
0.00898875 0.00449437578217862
0.00899625 0.00449812578152499
0.00900375 0.00450187578087652
0.00901125 0.0045056257802229
0.00901875 0.00450937577957803
0.00902625 0.0045131257789306
0.00903375 0.00451687577828316
0.00904125 0.00452062577764038
0.00904875 0.00452437577699913
0.00905625 0.00452812577635531
0.00906375 0.00453187577571976
0.00907125 0.00453562577507489
0.00907875 0.0045393757744383
0.00908625 0.00454312577379191
0.00909375 0.00454687577315427
0.00910125 0.00455062577251768
0.00910875 0.00455437577187491
0.00911625 0.00455812577124449
0.00912375 0.00456187577060789
0.00913125 0.00456562576997958
0.00913875 0.00456937576934916
0.00914625 0.00457312576871618
0.00915375 0.00457687576809149
0.00916125 0.00458062576746468
0.00916875 0.00458437576683531
0.00917625 0.00458812576620701
0.00918375 0.00459187576557658
0.00919125 0.00459562576495444
0.00919875 0.00459937576432253
0.00920625 0.00460312576370294
0.00921375 0.00460687576308442
0.00922125 0.00461062576246335
0.00922875 0.00461437576184376
0.00923625 0.00461812576122523
0.00924375 0.00462187576060671
0.00925125 0.00462562575999287
0.00925875 0.0046293757593805
0.00926625 0.00463312575876305
0.00927375 0.00463687575814707
0.00928125 0.00464062575753577
0.00928875 0.00464437575692086
0.00929625 0.00464812575631426
0.00930375 0.00465187575570189
0.00931125 0.00465562575508698
0.00931875 0.00465937575448037
0.00932625 0.00466312575388245
0.00933375 0.00466687575327477
0.00934125 0.00467062575266817
0.00934875 0.00467437575207025
0.00935625 0.00467812575146618
0.00936375 0.00468187575086681
0.00937125 0.00468562575026166
0.00937875 0.00468937574965759
0.00938625 0.00469312574906184
0.00939375 0.00469687574845669
0.00940125 0.00470062574785985
0.00940875 0.0047043757472641
0.00941625 0.00470812574667701
0.00942375 0.00471187574608017
0.00943125 0.00471562574548694
0.00943875 0.0047193757448912
0.00944625 0.00472312574429688
0.00945375 0.00472687574371197
0.00946125 0.00473062574311404
0.00946875 0.00473437574252443
0.00947625 0.00473812574193843
0.00948375 0.00474187574135353
0.00949125 0.00474562574077005
0.00949875 0.00474937574018877
0.00950625 0.00475312573960528
0.00951375 0.00475687573901929
0.00952125 0.00476062573844052
0.00952875 0.00476437573785562
0.00953625 0.00476812573727575
0.00954375 0.00477187573669447
0.00955125 0.00477562573611098
0.00955875 0.00477937573553221
0.00956625 0.00478312573495706
0.00957375 0.00478687573438301
0.00958125 0.00479062573381036
0.00958875 0.00479437573323993
0.00959625 0.00479812573267089
0.00960375 0.00480187573209935
0.00961125 0.00480562573152781
0.00961875 0.00480937573095626
0.00962625 0.00481312573038584
0.00963375 0.00481687572982152
0.00964125 0.00482062572924887
0.00964875 0.00482437572868455
0.00965625 0.00482812572811663
0.00966375 0.00483187572755231
0.00967125 0.00483562572698189
0.00967875 0.00483937572641396
0.00968625 0.00484312572585214
0.00969375 0.00484687572529144
0.00970125 0.00485062572473074
0.00970875 0.00485437572417005
0.00971625 0.0048581257236177
0.00972375 0.004861875723057
0.00973125 0.00486562572249517
0.00973875 0.0048693757219417
0.00974625 0.00487312572138462
0.00975375 0.00487687572083115
0.00976125 0.00488062572027157
0.00976875 0.00488437571971697
0.00977625 0.00488812571916825
0.00978375 0.00489187571861003
0.00979125 0.00489562571806017
0.00979875 0.00489937571751032
0.00980625 0.00490312571696046
0.00981375 0.00490687571641535
0.00982125 0.00491062571587272
0.00982875 0.00491437571532896
0.00983625 0.00491812571478633
0.00984375 0.00492187571424008
0.00985125 0.00492562571369745
0.00985875 0.00492937571315235
0.00986625 0.00493312571261695
0.00987375 0.00493687571206956
0.00988125 0.00494062571153055
0.00988875 0.00494437571098792
0.00989625 0.0049481257104489
0.00990375 0.00495187570991103
0.00991125 0.00495562570937563
0.00991875 0.00495937570884631
0.00992625 0.00496312570831091
0.00993375 0.00496687570777551
0.00994125 0.00497062570724372
0.00994875 0.00497437570670947
0.00995625 0.0049781257061813
0.00996375 0.00498187570564474
0.00997125 0.00498562570511657
0.00997875 0.00498937570458478
0.00998625 0.00499312570405661
0.00999375 0.00499687570352844
0.01000125 0.00500062570299896
0.01000875 0.00500437570247209
0.01001625 0.00500812570194753
0.01002375 0.00501187570142297
0.01003125 0.00501562570089841
0.01003875 0.00501937570037385
0.01004625 0.005023125699848
0.01005375 0.00502687569933196
0.01006125 0.00503062569881101
0.01006875 0.00503437569829007
0.01007625 0.00503812569776912
0.01008375 0.00504187569725179
0.01009125 0.00504562569672957
0.01009875 0.00504937569621713
0.01010625 0.0050531256956998
0.01011375 0.00505687569518247
0.01012125 0.00506062569466875
0.01012875 0.00506437569415503
0.01013625 0.00506812569363643
0.01014375 0.00507187569312398
0.01015125 0.00507562569261388
0.01015875 0.00507937569210377
0.01016625 0.00508312569159367
0.01017375 0.00508687569108357
0.01018125 0.00509062569057346
0.01018875 0.00509437569006933
0.01019625 0.00509812568955687
0.01020375 0.00510187568905399
0.01021125 0.00510562568854389
0.01021875 0.00510937568804102
0.01022625 0.00511312568753453
0.01023375 0.00511687568703402
0.01024125 0.00512062568652877
0.01024875 0.0051243756860259
0.01025625 0.00512812568552664
0.01026375 0.00513187568502376
0.01027125 0.0051356256845245
0.01027875 0.005139375684024
0.01028625 0.00514312568352598
0.01029375 0.00514687568302672
0.01030125 0.00515062568253107
0.01030875 0.00515437568203181
0.01031625 0.00515812568153977
0.01032375 0.0051618756810429
0.01033125 0.00516562568054848
0.01033875 0.00516937568005283
0.01034625 0.0051731256795608
0.01035375 0.00517687567906876
0.01036125 0.00518062567857673
0.01036875 0.00518437567808951
0.01037625 0.00518812567759386
0.01038375 0.00519187567710063
0.01039125 0.00519562567661221
0.01039875 0.00519937567612018
0.01040625 0.00520312567563537
0.01041375 0.00520687567514816
0.01042125 0.00521062567465974
0.01042875 0.00521437567417734
0.01043625 0.00521812567369254
0.01044375 0.00522187567321135
0.01045125 0.00522562567272654
0.01045875 0.00522937567224656
0.01046625 0.00523312567175814
0.01047375 0.00523687567127212
0.01048125 0.00524062567079455
0.01048875 0.00524437567031335
0.01049625 0.00524812566983578
0.01050375 0.0052518756693558
0.01051125 0.00525562566887461
0.01051875 0.00525937566840304
0.01052625 0.00526312566792908
0.01053375 0.0052668756674515
0.01054125 0.00527062566697754
0.01054875 0.00527437566650118
0.01055625 0.00527812566602361
0.01056375 0.00528187566554842
0.01057125 0.00528562566507807
0.01057875 0.00528937566460411
0.01058625 0.00529312566413376
0.01059375 0.00529687566366463
0.01060125 0.00530062566319667
0.01060875 0.00530437566272755
0.01061625 0.00530812566225236
0.01062375 0.00531187566178924
0.01063125 0.0053156256613225
0.01063875 0.00531937566085577
0.01064625 0.00532312566039388
0.01065375 0.00532687565993437
0.01066125 0.0053306256594664
0.01066875 0.0053343756590069
0.01067625 0.00533812565854016
0.01068375 0.00534187565807704
0.01069125 0.00534562565761516
0.01069875 0.00534937565715565
0.01070625 0.0053531256566949
0.01071375 0.00535687565623901
0.01072125 0.00536062565577589
0.01072875 0.00536437565532
0.01073625 0.00536812565486534
0.01074375 0.00537187565441307
0.01075125 0.00537562565395593
0.01075875 0.00537937565350004
0.01076625 0.00538312565304414
0.01077375 0.00538687565259186
0.01078125 0.00539062565212999
0.01078875 0.00539437565168008
0.01079625 0.00539812565122905
0.01080375 0.0054018756507719
0.01081125 0.00540562565031601
0.01081875 0.00540937564986734
0.01082625 0.00541312564942354
0.01083375 0.00541687564897363
0.01084125 0.0054206256485226
0.01084875 0.0054243756480763
0.01085625 0.00542812564763125
0.01086375 0.00543187564718258
0.01087125 0.00543562564673156
0.01087875 0.00543937564628886
0.01088625 0.00544312564584146
0.01089375 0.00544687564539153
0.01090125 0.00545062564495009
0.01090875 0.00545437564450504
0.01091625 0.00545812564406848
0.01092375 0.00546187564362578
0.01093125 0.00546562564317838
0.01093875 0.00546937564273929
0.01094625 0.00547312564229786
0.01095375 0.00547687564186003
0.01096125 0.00548062564141986
0.01096875 0.00548437564097716
0.01097625 0.00548812564053934
0.01098375 0.00549187564010278
0.01099125 0.0054956256396673
0.01099875 0.00549937563923309
0.01100625 0.00550312563879654
0.01101375 0.00550687563836467
0.01102125 0.00551062563793046
0.01102875 0.00551437563749753
0.01103625 0.00551812563705843
0.01104375 0.00552187563663145
0.01105125 0.00552562563619491
0.01105875 0.00552937563575942
0.01106625 0.00553312563532882
0.01107375 0.00553687563490312
0.01108125 0.00554062563447486
0.01108875 0.00554437563404426
0.01109625 0.00554812563361728
0.01110375 0.00555187563318436
0.01111125 0.00555562563275971
0.01111875 0.0055593756323304
0.01112625 0.00556312563190213
0.01113375 0.00556687563147153
0.01114125 0.00557062563104817
0.01114875 0.00557437563062609
0.01115625 0.00557812563020505
0.01116375 0.00558187562978168
0.01117125 0.00558562562935599
0.01117875 0.00558937562893133
0.01118625 0.00559312562851158
0.01119375 0.0055968756280895
0.01120125 0.00560062562766484
0.01120875 0.00560437562724509
0.01121625 0.00560812562683025
0.01122375 0.00561187562641281
0.01123125 0.00561562562599306
0.01123875 0.00561937562557822
0.01124625 0.00562312562516439
0.01125375 0.00562687562474464
0.01126125 0.00563062562432257
0.01126875 0.00563437562390875
0.01127625 0.00563812562349261
0.01128375 0.00564187562307416
0.01129125 0.00564562562266394
0.01129875 0.0056493756222478
0.01130625 0.00565312562183658
0.01131375 0.00565687562142998
0.01132125 0.00566062562101384
0.01132875 0.00566437562060985
0.01133625 0.00566812562019602
0.01134375 0.00567187561978349
0.01135125 0.0056756256193782
0.01135875 0.0056793756189706
0.01136625 0.00568312561855676
0.01137375 0.00568687561814555
0.01138125 0.00569062561773532
0.01138875 0.00569437561733364
0.01139625 0.00569812561692473
0.01140375 0.00570187561652075
0.01141125 0.00570562561611775
0.01141875 0.00570937561570654
0.01142625 0.00571312561530354
0.01143375 0.00571687561490185
0.01144125 0.00572062561449656
0.01144875 0.00572437561409258
0.01145625 0.00572812561368958
0.01146375 0.00573187561328922
0.01147125 0.00573562561288621
0.01147875 0.00573937561248814
0.01148625 0.00574312561209369
0.01149375 0.00574687561168972
0.01150125 0.00575062561129393
0.01150875 0.00575437561089358
0.01151625 0.00575812561049057
0.01152375 0.00576187561009611
0.01153125 0.00576562560970166
0.01153875 0.0057693756093072
0.01154625 0.00577312560890685
0.01155375 0.00577687560851468
0.01156125 0.00578062560811433
0.01156875 0.00578437560771854
0.01157625 0.00578812560732408
0.01158375 0.00579187560692963
0.01159125 0.00579562560653651
0.01159875 0.00579937560614072
0.01160625 0.00580312560575483
0.01161375 0.00580687560536265
0.01162125 0.00581062560497542
0.01162875 0.00581437560458096
0.01163625 0.00581812560419508
0.01164375 0.00582187560380651
0.01165125 0.00582562560342063
0.01165875 0.00582937560302483
0.01166625 0.00583312560264121
0.01167375 0.00583687560225037
0.01168125 0.00584062560186088
0.01168875 0.00584437560147592
0.01169625 0.00584812560109366
0.01170375 0.00585187560070508
0.01171125 0.00585562560032146
0.01171875 0.00585937559994147
0.01172625 0.00586312559955424
0.01173375 0.00586687559917198
0.01174125 0.00587062559878837
0.01174875 0.0058743755984034
0.01175625 0.00587812559802701
0.01176375 0.00588187559763979
0.01177125 0.0058856255972634
0.01177875 0.00588937559688115
0.01178625 0.00589312559650476
0.01179375 0.00589687559613063
0.01180125 0.00590062559575425
0.01180875 0.00590437559537425
0.01181625 0.00590812559499786
0.01182375 0.00591187559461923
0.01183125 0.00591562559423923
0.01183875 0.00591937559386148
0.01184625 0.00592312559348871
0.01185375 0.00592687559311232
0.01186125 0.00593062559273955
0.01186875 0.00593437559236092
0.01187625 0.00593812559199177
0.01188375 0.00594187559161762
0.01189125 0.00594562559124846
0.01189875 0.00594937559087569
0.01190625 0.00595312559050654
0.01191375 0.00595687559012654
0.01192125 0.00596062558975652
0.01192875 0.00596437558938822
0.01193625 0.00596812558901545
0.01194375 0.00597187558864991
0.01195125 0.00597562558827714
0.01195875 0.00597937558791159
0.01196625 0.00598312558753798
0.01197375 0.00598687558717328
0.01198125 0.00599062558680412
0.01198875 0.00599437558643858
0.01199625 0.00599812558606942
0.01200375 0.00600187558570749
0.01201125 0.00600562558533972
0.01201875 0.00600937558497057
0.01202625 0.00601312558460363
0.01203375 0.0060168755842417
0.01204125 0.00602062558387616
0.01204875 0.00602437558351062
0.01205625 0.0060281255831537
0.01206375 0.00603187558278815
0.01207125 0.00603562558242483
0.01207875 0.0060393755820629
0.01208625 0.00604312558170459
0.01209375 0.00604687558134266
0.01210125 0.00605062558098434
0.01210875 0.0060543755806216
0.01211625 0.0060581255802641
0.01212375 0.00606187557990217
0.01213125 0.00606562557954385
0.01213875 0.00606937557918915
0.01214625 0.00607312557882722
0.01215375 0.00607687557847172
0.01216125 0.00608062557811782
0.01216875 0.00608437557776312
0.01217625 0.0060881255774048
0.01218375 0.00609187557704649
0.01219125 0.0060956255766954
0.01219875 0.00609937557633629
0.01220625 0.00610312557598238
0.01221375 0.0061068755756313
0.01222125 0.00611062557527298
0.01222875 0.00611437557492912
0.01223625 0.00611812557457081
0.01224375 0.00612187557421894
0.01225125 0.00612562557386863
0.01225875 0.00612937557351755
0.01226625 0.00613312557316284
0.01227375 0.00613687557281537
0.01228125 0.0061406255724679
0.01228875 0.00614437557211823
0.01229625 0.00614812557177076
0.01230375 0.00615187557141825
0.01231125 0.00615562557107078
0.01231875 0.0061593755707233
0.01232625 0.00616312557037222
0.01233375 0.00616687557002978
0.01234125 0.0061706255696787
0.01234875 0.00617437556933341
0.01235625 0.00617812556898955
0.01236375 0.00618187556863846
0.01237125 0.00618562556829461
0.01237875 0.00618937556795436
0.01238625 0.00619312556760614
0.01239375 0.00619687556726303
0.01240125 0.00620062556691917
0.01240875 0.00620437556658254
0.01241625 0.00620812556623868
0.01242375 0.00621187556589482
0.01243125 0.00621562556555745
0.01243875 0.00621937556521433
0.01244625 0.00622312556487408
0.01245375 0.00622687556453384
0.01246125 0.00623062556418998
0.01246875 0.00623437556384973
0.01247625 0.00623812556351455
0.01248375 0.0062418755631743
0.01249125 0.00624562556283984
0.01249875 0.0062493755624996
0.01250625 0.00625312556216296
0.01251375 0.00625687556182272
0.01252125 0.00626062556148754
0.01252875 0.00626437556115452
0.01253625 0.00626812556082005
0.01254375 0.00627187556048704
0.01255125 0.00627562556015402
0.01255875 0.00627937555981377
0.01256625 0.00628312555948582
0.01257375 0.00628687555914919
0.01258125 0.00629062555881834
0.01258875 0.0062943755584817
0.01259625 0.00629812555814869
0.01260375 0.00630187555781928
0.01261125 0.00630562555748773
0.01261875 0.00630937555716194
0.01262625 0.00631312555683107
0.01263375 0.00631687555649806
0.01264125 0.00632062555616865
0.01264875 0.00632437555584287
0.01265625 0.00632812555551131
0.01266375 0.00633187555518552
0.01267125 0.00633562555485466
0.01267875 0.00633937555452525
0.01268625 0.00634312555419946
0.01269375 0.00634687555387367
0.01270125 0.00635062555354213
0.01270875 0.00635437555321487
0.01271625 0.00635812555288694
0.01272375 0.00636187555255606
0.01273125 0.00636562555223027
0.01273875 0.0063693755519081
0.01274625 0.00637312555158378
0.01275375 0.00637687555125652
0.01276125 0.00638062555093221
0.01276875 0.00638437555060855
0.01277625 0.00638812555028638
0.01278375 0.0063918755499642
0.01279125 0.00639562554963989
0.01279875 0.00639937554931624
0.01280625 0.00640312554899193
0.01281375 0.00640687554867189
0.01282125 0.00641062554834971
0.01282875 0.00641437554803477
0.01283625 0.00641812554770898
0.01284375 0.0064218755473919
0.01285125 0.00642562554706973
0.01285875 0.00642937554674607
0.01286625 0.00643312554643112
0.01287375 0.00643687554611256
0.01288125 0.006440625545794
0.01288875 0.00644437554548054
0.01289625 0.0064481255451641
0.01290375 0.00645187554483981
0.01291125 0.00645562554452337
0.01291875 0.00645937554420842
0.01292625 0.00646312554389347
0.01293375 0.00646687554357641
0.01294125 0.00647062554325996
0.01294875 0.0064743755429429
0.01295625 0.00647812554263368
0.01296375 0.00648187554232235
0.01297125 0.00648562554200379
0.01297875 0.00648937554169396
0.01298625 0.00649312554138474
0.01299375 0.00649687554106768
0.01300125 0.00650062554075484
0.01300875 0.00650437554044351
0.01301625 0.00650812554012856
0.01302375 0.00651187553982235
0.01303125 0.0065156255395059
0.01303875 0.00651937553919246
0.01304625 0.00652312553889046
0.01305375 0.00652687553858274
0.01306125 0.00653062553827502
0.01306875 0.00653437553796881
0.01307625 0.00653812553765597
0.01308375 0.00654187553734825
0.01309125 0.00654562553704204
0.01309875 0.00654937553674004
0.01310625 0.00655312553642509
0.01311375 0.0065568755361225
0.01312125 0.00656062553581327
0.01312875 0.00656437553550555
0.01313625 0.00656812553519573
0.01314375 0.00657187553489011
0.01315125 0.00657562553458239
0.01315875 0.00657937553428342
0.01316625 0.00658312553397779
0.01317375 0.00658687553367369
0.01318125 0.00659062553337834
0.01318875 0.00659437553307271
0.01319625 0.0065981255327686
0.01320375 0.00660187553246602
0.01321125 0.00660562553216401
0.01321875 0.0066093755318599
0.01322625 0.00661312553155733
0.01323375 0.00661687553125169
0.01324125 0.00662062553095481
0.01324875 0.00662437553065585
0.01325625 0.00662812553035383
0.01326375 0.00663187553005695
0.01327125 0.00663562552975646
0.01327875 0.00663937552945751
0.01328625 0.00664312552916271
0.01329375 0.00664687552886222
0.01330125 0.00665062552856326
0.01330875 0.00665437552826485
0.01331625 0.00665812552796436
0.01332375 0.00666187552766902
0.01333125 0.0066656255273706
0.01333875 0.00666937552707373
0.01334625 0.00667312552678201
0.01335375 0.00667687552647997
0.01336125 0.00668062552618671
0.01336875 0.00668437552589499
0.01337625 0.00668812552560018
0.01338375 0.00669187552531053
0.01339125 0.00669562552501159
0.01339875 0.00669937552471678
0.01340625 0.0067031255244199
0.01341375 0.00670687552412819
0.01342125 0.00671062552382976
0.01342875 0.00671437552354011
0.01343625 0.0067181255232484
0.01344375 0.00672187552296082
0.01345125 0.00672562552266755
0.01345875 0.0067293755223779
0.01346625 0.0067331255220862
0.01347375 0.00673687552179138
0.01348125 0.00674062552149967
0.01348875 0.00674437552120846
0.01349625 0.00674812552092243
0.01350375 0.00675187552063278
0.01351125 0.00675562552034469
0.01351875 0.00675937552005348
0.01352625 0.0067631255197654
0.01353375 0.00676687551947418
0.01354125 0.00677062551918815
0.01354875 0.00677437551890211
0.01355625 0.00677812551861403
0.01356375 0.00678187551832643
0.01357125 0.00678562551804196
0.01357875 0.00678937551775436
0.01358625 0.00679312551746832
0.01359375 0.00679687551718229
0.01360125 0.00680062551689421
0.01360875 0.00680437551661745
0.01361625 0.00680812551632937
0.01362375 0.00681187551604538
0.01363125 0.00681562551575934
0.01363875 0.00681937551547692
0.01364625 0.00682312551519811
0.01365375 0.00682687551491366
0.01366125 0.00683062551463124
0.01366875 0.00683437551435085
0.01367625 0.00683812551407204
0.01368375 0.00684187551378962
0.01369125 0.0068456255135072
0.01369875 0.00684937551322275
0.01370625 0.00685312551294394
0.01371375 0.00685687551266355
0.01372125 0.00686062551238475
0.01372875 0.00686437551210232
0.01373625 0.00686812551182352
0.01374375 0.0068718755115463
0.01375125 0.0068756255112659
0.01375875 0.00687937551098869
0.01376625 0.0068831255107119
0.01377375 0.00688687551043671
0.01378125 0.0068906255101579
0.01378875 0.00689437550987708
0.01379625 0.0068981255096039
0.01380375 0.00690187550931946
0.01381125 0.00690562550904267
0.01381875 0.00690937550876748
0.01382625 0.00691312550849229
0.01383375 0.00691687550821348
0.01384125 0.0069206255079435
0.01384875 0.0069243755076647
0.01385625 0.0069281255073879
0.01386375 0.00693187550711632
0.01387125 0.00693562550684113
0.01387875 0.00693937550656594
0.01388625 0.00694312550629596
0.01389375 0.00694687550602077
0.01390125 0.00695062550574036
0.01390875 0.00695437550546878
0.01391625 0.0069581255051972
0.01392375 0.00696187550492923
0.01393125 0.00696562550465204
0.01393875 0.00696937550438046
0.01394625 0.00697312550411088
0.01395375 0.0069768755038393
0.01396125 0.00698062550356773
0.01396875 0.00698437550329976
0.01397625 0.0069881255030298
0.01398375 0.00699187550275822
0.01399125 0.00699562550248502
0.01399875 0.00699937550221706
0.01400625 0.00700312550194548
0.01401375 0.00700687550167751
0.01402125 0.00701062550141316
0.01402875 0.00701437550114121
0.01403625 0.00701812550087
0.01404375 0.00702187550060565
0.01405125 0.00702562550033769
0.01405875 0.00702937550007334
0.01406625 0.00703312549980537
0.01407375 0.00703687549954066
0.01408125 0.00704062549926944
0.01408875 0.00704437549900509
0.01409625 0.00704812549874074
0.01410375 0.00705187549847639
0.01411125 0.00705562549820842
0.01411875 0.00705937549794734
0.01412625 0.00706312549767972
0.01413375 0.00706687549741537
0.01414125 0.00707062549715102
0.01414875 0.00707437549688667
0.01415625 0.00707812549662593
0.01416375 0.00708187549636486
0.01417125 0.00708562549610084
0.01417875 0.00708937549584011
0.01418625 0.00709312549557576
0.01419375 0.00709687549531502
0.01420125 0.00710062549505428
0.01420875 0.00710437549478993
0.01421625 0.00710812549452525
0.01422375 0.00711187549426846
0.01423125 0.00711562549400772
0.01423875 0.00711937549374698
0.01424625 0.00712312549348986
0.01425375 0.00712687549322912
0.01426125 0.00713062549296807
0.01426875 0.00713437549271126
0.01427625 0.00713812549245053
0.01428375 0.00714187549219702
0.01429125 0.00714562549193267
0.01429875 0.00714937549167916
0.01430625 0.00715312549141811
0.01431375 0.0071568754911613
0.01432125 0.00716062549090417
0.01432875 0.00716437549064705
0.01433625 0.00716812549038993
0.01434375 0.0071718754901328
0.01435125 0.00717562548987539
0.01435875 0.00717937548962579
0.01436625 0.00718312548936866
0.01437375 0.00718687548910793
0.01438125 0.00719062548885803
0.01438875 0.00719437548860091
0.01439625 0.00719812548835073
0.01440375 0.00720187548809389
0.01441125 0.00720562548783677
0.01441875 0.00720937548758687
0.01442625 0.00721312548732975
0.01443375 0.00721687548707985
0.01444125 0.00722062548682802
0.01444875 0.00722437548657089
0.01445625 0.00722812548632655
0.01446375 0.00723187548607305
0.01447125 0.00723562548581954
0.01447875 0.00723937548556964
0.01448625 0.00724312548532142
0.01449375 0.00724687548507153
0.01450125 0.00725062548481996
0.01450875 0.00725437548456283
0.01451625 0.00725812548431294
0.01452375 0.00726187548406304
0.01453125 0.00726562548381122
0.01453875 0.00726937548356855
0.01454625 0.00727312548332059
0.01455375 0.00727687548307069
0.01456125 0.00728062548282441
0.01456875 0.00728437548257452
0.01457625 0.00728812548232269
0.01458375 0.00729187548208003
0.01459125 0.00729562548182844
0.01459875 0.00729937548158216
0.01460625 0.00730312548133588
0.01461375 0.00730687548108599
0.01462125 0.00731062548084332
0.01462875 0.00731437548059512
0.01463625 0.00731812548034161
0.01464375 0.00732187548009725
0.01465125 0.00732562547985458
0.01465875 0.0073293754796083
0.01466625 0.00733312547935841
0.01467375 0.00733687547911744
0.01468125 0.00734062547887116
0.01468875 0.00734437547862679
0.01469625 0.00734812547838412
0.01470375 0.00735187547814146
0.01471125 0.00735562547789518
0.01471875 0.0073593754776506
0.01472625 0.0073631254774007
0.01473375 0.00736687547715995
0.01474125 0.00737062547691728
0.01474875 0.00737437547667461
0.01475625 0.00737812547643195
0.01476375 0.00738187547619099
0.01477125 0.00738562547594832
0.01477875 0.00738937547570756
0.01478625 0.00739312547546851
0.01479375 0.00739687547522223
0.01480125 0.00740062547498679
0.01480875 0.00740437547474222
0.01481625 0.00740812547450145
0.01482375 0.00741187547426411
0.01483125 0.00741562547401973
0.01483875 0.00741937547378791
0.01484625 0.00742312547354524
0.01485375 0.00742687547330429
0.01486125 0.00743062547307075
0.01486875 0.00743437547282619
0.01487625 0.00743812547258903
0.01488375 0.00744187547234998
0.01489125 0.00744562547211092
0.01489875 0.00744937547187359
0.01490625 0.00745312547163643
0.01491375 0.00745687547140272
0.01492125 0.00746062547116555
0.01492875 0.00746437547093011
0.01493625 0.00746812547069106
0.01494375 0.00747187547045374
0.01495125 0.00747562547022018
0.01495875 0.00747937546998647
0.01496625 0.00748312546974569
0.01497375 0.00748687546951025
0.01498125 0.00749062546927843
0.01498875 0.00749437546904111
0.01499625 0.00749812546880393
0.0150175 0.0018771900490943
0.0150525 0.00188156504316714
0.0150875 0.00188594003726718
0.0151225 0.00189031503139492
0.0151575 0.00189469002554985
0.0151925 0.00189906501973189
0.0152275 0.00190344001394025
0.0152625 0.00190781500817495
0.0152975 0.00191219000243685
0.0153325 0.00191656499672411
0.0153675 0.0019209399910378
0.0154025 0.00192531498537705
0.0154375 0.00192968997974262
0.0154725 0.00193406497413298
0.0155075 0.00193843996854899
0.0155425 0.00194281496299114
0.0155775 0.00194718995745662
0.0156125 0.00195156495194775
0.0156475 0.00195593994646347
0.0156825 0.0019603149410033
0.0157175 0.0019646899355679
0.0157525 0.00196906493015729
0.0157875 0.00197343992476991
0.0158225 0.00197781491940499
0.0158575 0.00198218991406562
0.0158925 0.00198656490874949
0.0159275 0.00199093990345581
0.0159625 0.00199531489818615
0.0159975 0.00199968989293836
0.0160325 0.00200406488771496
0.0160675 0.00200843988251422
0.0161025 0.00201281487733516
0.0161375 0.00201718987217856
0.0161725 0.00202156486704597
0.0162075 0.00202593986193429
0.0162425 0.00203031485684506
0.0162775 0.00203468985177597
0.0163125 0.00203906484673012
0.0163475 0.00204343984170594
0.0163825 0.00204781483670443
0.0164175 0.00205218983172188
0.0164525 0.00205656482676276
0.0164875 0.00206093982182222
0.0165225 0.00206531481690415
0.0165575 0.00206968981200698
0.0165925 0.00207406480713072
0.0166275 0.00207843980227305
0.0166625 0.00208281479743707
0.0166975 0.00208718979262199
0.0167325 0.00209156478782628
0.0167675 0.0020959397830507
0.0168025 0.00210031477829546
0.0168375 0.00210468977355917
0.0168725 0.00210906476884322
0.0169075 0.00211343976414508
0.0169425 0.0021178147594694
0.0169775 0.00212218975481153
0.0170125 0.00212656475017148
0.0170475 0.00213093974555233
0.0170825 0.002135314740951
0.0171175 0.00213968973636903
0.0171525 0.00214406473180564
0.0171875 0.00214843972726183
0.0172225 0.00215281472273463
0.0172575 0.002157189718227
0.0172925 0.00216156471373718
0.0173275 0.00216593970926673
0.0173625 0.00217031470481254
0.0173975 0.00217468970037616
0.0174325 0.00217906469595836
0.0174675 0.00218343969155838
0.0175025 0.00218781468717621
0.0175375 0.00219218968281108
0.0175725 0.00219656467846376
0.0176075 0.00220093967413348
0.0176425 0.00220531466981967
0.0176775 0.00220968966552402
0.0177125 0.00221406466124485
0.0177475 0.00221843965698272
0.0177825 0.00222281465273762
0.0178175 0.00222718964850802
0.0178525 0.00223156464429622
0.0178875 0.00223593964010146
0.0179225 0.00224031463592142
0.0179575 0.00224468963175786
0.0179925 0.0022490646276109
0.0180275 0.00225343962347964
0.0180625 0.00225781461936542
0.0180975 0.0022621896152667
0.0181325 0.00226656461118346
0.0181675 0.00227093960711648
0.0182025 0.00227531460306422
0.0182375 0.00227968959902899
0.0182725 0.00228406459500771
0.0183075 0.00228843959100346
0.0183425 0.00229281458701315
0.0183775 0.00229718958303833
0.0184125 0.00230156457907923
0.0184475 0.00230593957513283
0.0184825 0.0023103145712037
0.0185175 0.00231468956728929
0.0185525 0.00231906456338882
0.0185875 0.00232343955950306
0.0186225 0.00232781455563356
0.0186575 0.00233218955177645
0.0186925 0.00233656454793484
0.0187275 0.00234093954410793
0.0187625 0.00234531454029288
0.0187975 0.0023496895364944
0.0188325 0.00235406453271009
0.0188675 0.00235843952893894
0.0189025 0.00236281452518174
0.0189375 0.00236718952143925
0.0189725 0.00237156451770992
0.0190075 0.00237593951399531
0.0190425 0.00238031451029309
0.0190775 0.00238468950660558
0.0191125 0.00238906450293124
0.0191475 0.00239343949927007
0.0191825 0.00239781449562128
0.0192175 0.00240218949198668
0.0192525 0.00240656448836553
0.0192875 0.00241093948475624
0.0193225 0.0024153144811609
0.0193575 0.00241968947757871
0.0193925 0.00242406447400969
0.0194275 0.00242843947045384
0.0194625 0.0024328144669096
0.0194975 0.00243718946337931
0.0195325 0.00244156445986063
0.0195675 0.00244593945635535
0.0196025 0.00245031445286199
0.0196375 0.00245468944938126
0.0196725 0.00245906444591369
0.0197075 0.00246343944245696
0.0197425 0.0024678144390134
0.0197775 0.00247218943558301
0.0198125 0.00247656443216268
0.0198475 0.00248093942875552
0.0198825 0.00248531442536074
0.0199175 0.00248968942197681
0.0199525 0.00249406441860605
0.0199875 0.00249843941524535
0.0200225 0.00250281441189782
0.0200575 0.00250718940856216
0.0200925 0.00251156440523761
0.0201275 0.0025159394019257
0.0201625 0.00252031439862386
0.0201975 0.00252468939533286
0.0202325 0.00252906439205426
0.0202675 0.00253343938878829
0.0203025 0.00253781438553267
0.0203375 0.00254218938228814
0.0203725 0.00254656437905367
0.0204075 0.00255093937583082
0.0204425 0.00255531437261959
0.0204775 0.00255968936941843
0.0205125 0.00256406436622966
0.0205475 0.00256843936305018
0.0205825 0.00257281435988154
0.0206175 0.00257718935672452
0.0206525 0.00258156435357834
0.0206875 0.00258593935044222
0.0207225 0.00259031434731618
0.0207575 0.00259468934420098
0.0207925 0.00259906434109817
0.0208275 0.00260343933800413
0.0208625 0.00260781433492042
0.0208975 0.00261218933184782
0.0209325 0.0026165643287845
0.0209675 0.00262093932573125
0.0210025 0.00262531432268962
0.0210375 0.00262968931965728
0.0210725 0.00263406431663424
0.0211075 0.00263843931362281
0.0211425 0.00264281431062016
0.0211775 0.00264718930762706
0.0212125 0.00265156430464506
0.0212475 0.00265593930167235
0.0212825 0.00266031429870894
0.0213175 0.00266468929575559
0.0213525 0.00266906429281154
0.0213875 0.00267343928987833
0.0214225 0.00267781428695363
0.0214575 0.00268218928403823
0.0214925 0.00268656428113368
0.0215275 0.00269093927823764
0.0215625 0.00269531427535167
0.0215975 0.00269968927247526
0.0216325 0.00270406426960761
0.0216675 0.00270843926674951
0.0217025 0.00271281426389994
0.0217375 0.00271718926105966
0.0217725 0.00272156425822868
0.0218075 0.00272593925540621
0.0218425 0.00273031425259381
0.0218775 0.00273468924978942
0.0219125 0.00273906424699456
0.0219475 0.00274343924420927
0.0219825 0.00274781424143172
0.0220175 0.00275218923866269
0.0220525 0.00275656423590372
0.0220875 0.00276093923315328
0.0221225 0.00276531423041135
0.0221575 0.00276968922767717
0.0221925 0.00277406422495305
0.0222275 0.00277843922223668
0.0222625 0.0027828142195296
0.0222975 0.00278718921683027
0.0223325 0.00279156421413946
0.0223675 0.00279593921145794
0.0224025 0.00280031420878338
0.0224375 0.00280468920611763
0.0224725 0.00280906420346139
0.0225075 0.00281343920081239
0.0225425 0.00281781419817114
0.0225775 0.00282218919553918
0.0226125 0.00282656419291497
0.0226475 0.0028309391902985
0.0226825 0.00283531418769055
0.0227175 0.00283968918509062
0.0227525 0.00284406418249711
0.0227875 0.00284843917991394
0.0228225 0.00285281417733696
0.0228575 0.00285718917476851
0.0228925 0.0028615641722078
0.0229275 0.00286593916965561
0.0229625 0.00287031416711039
0.0229975 0.00287468916457291
0.0230325 0.00287906416204318
0.0230675 0.00288343915952196
0.0231025 0.00288781415700849
0.0231375 0.00289218915450122
0.0231725 0.00289656415200246
0.0232075 0.00290093914951068
0.0232425 0.00290531414702663
0.0232775 0.00290968914454985
0.0233125 0.00291406414208024
0.0233475 0.00291843913961865
0.0233825 0.00292281413716443
0.0234175 0.00292718913471785
0.0234525 0.00293156413227843
0.0234875 0.00293593912984589
0.0235225 0.00294031412742071
0.0235575 0.00294468912500288
0.0235925 0.00294906412259241
0.0236275 0.00295343912018852
0.0236625 0.00295781411779238
0.0236975 0.00296218911540243
0.0237325 0.00296656411302061
0.0237675 0.00297093911064499
0.0238025 0.00297531410827672
0.0238375 0.00297968910591543
0.0238725 0.00298406410356111
0.0239075 0.00298843910121298
0.0239425 0.00299281409887259
0.0239775 0.00299718909653879
0.0240125 0.00300156409421196
0.0240475 0.00300593909189132
0.0240825 0.00301031408957843
0.0241175 0.00301468908727087
0.0241525 0.00301906408497123
0.0241875 0.00302343908267761
0.0242225 0.00302781408039152
0.0242575 0.00303218907811116
0.0242925 0.00303656407583776
0.0243275 0.00304093907356978
0.0243625 0.00304531407130994
0.0243975 0.00304968906905513
0.0244325 0.00305406406680806
0.0244675 0.00305843906456681
0.0245025 0.00306281406233213
0.0245375 0.00306718906010365
0.0245725 0.00307156405788098
0.0246075 0.00307593905566528
0.0246425 0.00308031405345577
0.0246775 0.00308468905125246
0.0247125 0.00308906404905535
0.0247475 0.00309343904686443
0.0247825 0.0030978140446797
0.0248175 0.00310218904250148
0.0248525 0.00310656404032884
0.0248875 0.0031109390381627
0.0249225 0.00311531403600237
0.0249575 0.00311968903384824
0.0249925 0.00312406403169991
0.0250275 0.00312843902955855
0.0250625 0.00313281402742223
0.0250975 0.00313718902529319
0.0251325 0.00314156402316856
0.0251675 0.00314593902105005
0.0252025 0.00315031401893851
0.0252375 0.00315468901683161
0.0252725 0.00315906401473092
0.0253075 0.00316343901263603
0.0253425 0.00316781401054694
0.0253775 0.00317218900846367
0.0254125 0.00317656400638582
0.0254475 0.00318093900431416
0.0254825 0.00318531400224792
0.0255175 0.00318968900018788
0.0255525 0.00319406399813242
0.0255875 0.00319843899608406
0.0256225 0.00320281399404028
0.0256575 0.00320718899200231
0.0256925 0.00321156398996976
0.0257275 0.00321593898794264
0.0257625 0.00322031398592093
0.0257975 0.00322468898390503
0.0258325 0.00322906398189533
0.0258675 0.00323343897988988
0.0259025 0.00323781397789018
0.0259375 0.00324218897589642
0.0259725 0.00324656397390763
0.0260075 0.00325093897192387
0.0260425 0.00325531396994592
0.0260775 0.003259688967973
0.0261125 0.00326406396600512
0.0261475 0.00326843896404265
0.0261825 0.003272813962086
0.0262175 0.0032771889601336
0.0262525 0.0032815639581874
0.0262875 0.00328593895624546
0.0263225 0.00329031395430972
0.0263575 0.00329468895237862
0.0263925 0.00329906395045255
0.0264275 0.00330343894853146
0.0264625 0.00330781394661475
0.0264975 0.00331218894470417
0.0265325 0.00331656394279863
0.0265675 0.00332093894089812
0.0266025 0.00332531393900187
0.0266375 0.00332968893711138
0.0266725 0.00333406393522525
0.0267075 0.00333843893334449
0.0267425 0.00334281393146838
0.0267775 0.00334718892959768
0.0268125 0.00335156392773125
0.0268475 0.00335593892586985
0.0268825 0.00336031392401387
0.0269175 0.00336468892216215
0.0269525 0.00336906392031508
0.0269875 0.00337343891847304
0.0270225 0.00337781391663642
0.0270575 0.00338218891480368
0.0270925 0.00338656391297519
0.0271275 0.0033909389111529
0.0271625 0.00339531390933448
0.0271975 0.00339968890752071
0.0272325 0.00340406390571197
0.0272675 0.00340843890390749
0.0273025 0.00341281390210722
0.0273375 0.00341718890031165
0.0273725 0.00342156389852116
0.0274075 0.00342593889673527
0.0274425 0.00343031389495363
0.0274775 0.00343468889317703
0.0275125 0.0034390638914043
0.0275475 0.00344343888963661
0.0275825 0.00344781388787356
0.0276175 0.00345218888611439
0.0276525 0.00345656388436025
0.0276875 0.00346093888261037
0.0277225 0.00346531388086474
0.0277575 0.00346968887912377
0.0277925 0.00347406387738666
0.0278275 0.00347843887565459
0.0278625 0.0034828138739264
0.0278975 0.00348718887220246
0.0279325 0.00349156387048355
0.0279675 0.00349593886876813
0.0280025 0.00350031386705736
0.0280375 0.00350468886535119
0.0280725 0.00350906386364898
0.0281075 0.00351343886195137
0.0281425 0.00351781386025764
0.0281775 0.003522188858567
0.0282125 0.00352656385688252
0.0282475 0.00353093885520121
0.0282825 0.00353531385352374
0.0283175 0.0035396888518513
0.0283525 0.00354406385018273
0.0283875 0.00354843884851804
0.0284225 0.0035528138468576
0.0284575 0.00355718884520065
0.0284925 0.00356156384354796
0.0285275 0.00356593884189992
0.0285625 0.00357031384025536
0.0285975 0.00357468883861506
0.0286325 0.00357906383697863
0.0286675 0.00358343883534685
0.0287025 0.00358781383371816
0.0287375 0.00359218883209413
0.0287725 0.00359656383047355
0.0288075 0.00360093882885651
0.0288425 0.00360531382724409
0.0288775 0.00360968882563554
0.0289125 0.00361406382403048
0.0289475 0.00361843882242967
0.0289825 0.00362281382083274
0.0290175 0.00362718881923929
0.0290525 0.00363156381765011
0.0290875 0.00363593881606479
0.0291225 0.00364031381448371
0.0291575 0.00364468881290461
0.0291925 0.00364906381133053
0.0292275 0.00365343880975993
0.0292625 0.00365781380819397
0.0292975 0.00366218880663073
0.0293325 0.00366656380507213
0.0293675 0.00367093880351663
0.0294025 0.003675313801965
0.0294375 0.00367968880041686
0.0294725 0.00368406379887259
0.0295075 0.00368843879733219
0.0295425 0.00369281379579528
0.0295775 0.00369718879426183
0.0296125 0.00370156379273152
0.0296475 0.00370593879120545
0.0296825 0.00371031378968286
0.0297175 0.00371468878816414
0.0297525 0.00371906378664853
0.0297875 0.00372343878513678
0.0298225 0.00372781378362891
0.0298575 0.00373218878212373
0.0298925 0.00373656378062246
0.0299275 0.00374093877912465
0.0299625 0.00374531377763111
0.0299975 0.00374968877614027
0.0300325 0.00375406377465292
0.0300675 0.00375843877316906
0.0301025 0.00376281377168907
0.0301375 0.00376718877021217
0.0301725 0.00377156376873837
0.0302075 0.00377593876726806
0.0302425 0.00378031376580201
0.0302775 0.00378468876433866
0.0303125 0.00378906376287881
0.0303475 0.00379343876142205
0.0303825 0.00379781375996916
0.0304175 0.00380218875851937
0.0304525 0.00380656375707267
0.0304875 0.00381093875562947
0.0305225 0.00381531375418975
0.0305575 0.00381968875275311
0.0305925 0.00382406375131998
0.0306275 0.00382843874988995
0.0306625 0.00383281374846377
0.0306975 0.00383718874704031
0.0307325 0.00384156374562033
0.0307675 0.00384593874420346
0.0308025 0.00385031374278968
0.0308375 0.00385468874137938
0.0308725 0.00385906373997219
0.0309075 0.0038634387385677
0.0309425 0.0038678137371667
0.0309775 0.0038721887357688
0.0310125 0.00387656373437399
0.0310475 0.00388093873298267
0.0310825 0.00388531373159406
0.0311175 0.00388968873020855
0.0311525 0.00389406372882652
0.0311875 0.00389843872744759
0.0312225 0.00390281372607176
0.0312575 0.00390718872469864
0.0312925 0.003911563723329
0.0313275 0.00391593872196169
0.0313625 0.00392031372059824
0.0313975 0.00392468871923791
0.0314325 0.00392906371788026
0.0314675 0.00393343871652613
0.0315025 0.00393781371517429
0.0315375 0.00394218871382596
0.0315725 0.00394656371247955
0.0316075 0.00395093871113741
0.0316425 0.00395531370979797
0.0316775 0.00395968870846086
0.0317125 0.00396406370712763
0.0317475 0.00396843870579671
0.0317825 0.00397281370446851
0.0318175 0.00397718870314379
0.0318525 0.00398156370182102
0.0318875 0.00398593870050246
0.0319225 0.00399031369918591
0.0319575 0.00399468869787238
0.0319925 0.00399906369656202
0.0320275 0.00400343869525353
0.0320625 0.0040078136939486
0.0320975 0.00401218869264668
0.0321325 0.00401656369134718
0.0321675 0.00402093869005068
0.0322025 0.00402531368875698
0.0322375 0.0040296886874659
0.0322725 0.0040340636861784
0.0323075 0.00403843868489313
0.0323425 0.00404281368361067
0.0323775 0.00404718868233042
0.0324125 0.00405156368105339
0.0324475 0.00405593867977972
0.0324825 0.00406031367850811
0.0325175 0.00406468867723954
0.0325525 0.00406906367597361
0.0325875 0.00407343867471052
0.0326225 0.00407781367344963
0.0326575 0.00408218867219158
0.0326925 0.00408656367093649
0.0327275 0.00409093866968464
0.0327625 0.00409531366843496
0.0327975 0.00409968866718776
0.0328325 0.00410406366594312
0.0328675 0.00410843866470134
0.0329025 0.00411281366346173
0.0329375 0.00411718866222538
0.0329725 0.00412156366099195
0.0330075 0.00412593865976025
0.0330425 0.00413031365853147
0.0330775 0.0041346886573052
0.0331125 0.00413906365608184
0.0331475 0.00414343865486098
0.0331825 0.00414781365364265
0.0332175 0.00415218865242684
0.0332525 0.00415656365121397
0.0332875 0.00416093865000348
0.0333225 0.0041653136487957
0.0333575 0.00416968864759024
0.0333925 0.00417406364638716
0.0334275 0.00417843864518702
0.0334625 0.00418281364398903
0.0334975 0.00418718864279391
0.0335325 0.00419156364160096
0.0335675 0.00419593864041049
0.0336025 0.00420031363922257
0.0336375 0.00420468863803752
0.0336725 0.00420906363685387
0.0337075 0.00421343863567346
0.0337425 0.00421781363449523
0.0337775 0.00422218863331946
0.0338125 0.00422656363214588
0.0338475 0.00423093863097514
0.0338825 0.00423531362980622
0.0339175 0.00423968862864051
0.0339525 0.00424406362747662
0.0339875 0.00424843862631601
0.0340225 0.00425281362515741
0.0340575 0.00425718862400074
0.0340925 0.00426156362284755
0.0341275 0.00426593862169553
0.0341625 0.00427031362054661
0.0341975 0.00427468861940001
0.0342325 0.00427906361825534
0.0342675 0.00428343861711346
0.0343025 0.00428781361597368
0.0343375 0.00429218861483614
0.0343725 0.00429656361370061
0.0344075 0.00430093861256733
0.0344425 0.00430531361143684
0.0344775 0.00430968861030898
0.0345125 0.00431406360918274
0.0345475 0.00431843860805876
0.0345825 0.00432281360693717
0.0346175 0.00432718860581784
0.0346525 0.00433156360470097
0.0346875 0.00433593860358651
0.0347225 0.00434031360247398
0.0347575 0.00434468860136378
0.0347925 0.00434906360025551
0.0348275 0.00435343859914996
0.0348625 0.00435781359804672
0.0348975 0.00436218859694543
0.0349325 0.00436656359584607
0.0349675 0.00437093859474942
0.0350025 0.00437531359365509
0.0350375 0.00437968859256231
0.0350725 0.00438406359147186
0.0351075 0.00438843859038334
0.0351425 0.00439281358929792
0.0351775 0.00439718858821405
0.0352125 0.00440156358713298
0.0352475 0.00440593858605356
0.0352825 0.00441031358497647
0.0353175 0.00441468858390092
0.0353525 0.00441906358282809
0.0353875 0.00442343858175728
0.0354225 0.00442781358068851
0.0354575 0.00443218857962245
0.0354925 0.00443656357855755
0.0355275 0.00444093857749536
0.0355625 0.0044453135764355
0.0355975 0.00444968857537757
0.0356325 0.00445406357432119
0.0356675 0.00445843857326752
0.0357025 0.00446281357221501
0.0357375 0.0044671885711656
0.0357725 0.00447156357011774
0.0358075 0.00447593856907182
0.0358425 0.00448031356802822
0.0358775 0.00448468856698578
0.0359125 0.00448906356594527
0.0359475 0.0044934385649067
0.0359825 0.00449781356387085
0.0360175 0.00450218856283654
0.0360525 0.00450656356180417
0.0360875 0.00451093856077462
0.0361225 0.00451531355974755
0.0361575 0.00451968855872176
0.0361925 0.00452406355769868
0.0362275 0.00452843855667754
0.0362625 0.00453281355565795
0.0362975 0.00453718855464068
0.0363325 0.00454156355362534
0.0363675 0.00454593855261155
0.0364025 0.0045503135515997
0.0364375 0.00455468855059018
0.0364725 0.00455906354958259
0.0365075 0.00456343854857693
0.0365425 0.00456781354757321
0.0365775 0.00457218854657066
0.0366125 0.00457656354557081
0.0366475 0.00458093854457251
0.0366825 0.00458531354357654
0.0367175 0.0045896885425825
0.0367525 0.00459406354158963
0.0367875 0.00459843854059907
0.0368225 0.00460281353961059
0.0368575 0.00460718853862286
0.0368925 0.00461156353763801
0.0369275 0.00461593853665414
0.0369625 0.00462031353567317
0.0369975 0.0046246885346937
0.0370325 0.00462906353371515
0.0370675 0.00463343853273893
0.0371025 0.00463781353176425
0.0371375 0.00464218853079151
0.0371725 0.00464656352982031
0.0372075 0.00465093852885106
0.0372425 0.00465531352788412
0.0372775 0.00465968852691835
0.0373125 0.00466406352595491
0.0373475 0.00466843852499301
0.0373825 0.00467281352403266
0.0374175 0.00467718852307463
0.0374525 0.00468156352211776
0.0374875 0.00468593852116322
0.0375225 0.00469031352021023
0.0375575 0.00469468851925971
0.0375925 0.00469906351831067
0.0376275 0.00470343851736302
0.0376625 0.00470781351641784
0.0376975 0.00471218851547369
0.0377325 0.00471656351453277
0.0377675 0.00472093851359171
0.0378025 0.00472531351265388
0.0378375 0.0047296885117167
0.0378725 0.00473406351078175
0.0379075 0.00473843850984889
0.0379425 0.00474281350891797
0.0379775 0.00474718850798859
0.0380125 0.00475156350706077
0.0380475 0.00475593850613488
0.0380825 0.00476031350521093
0.0381175 0.00476468850428814
0.0381525 0.0047690635033669
0.0381875 0.00477343850244759
0.0382225 0.00477781350153022
0.0382575 0.00478218850061401
0.0382925 0.00478656349969953
0.0383275 0.00479093849878646
0.0383625 0.00479531349787563
0.0383975 0.00479968849696604
0.0384325 0.00480406349605793
0.0384675 0.00480843849515182
0.0385025 0.00481281349424798
0.0385375 0.00481718849334419
0.0385725 0.00482156349244344
0.0386075 0.00482593849154314
0.0386425 0.00483031349064549
0.0386775 0.00483468848974905
0.0387125 0.00483906348885451
0.0387475 0.00484343848796135
0.0387825 0.00484781348706915
0.0388175 0.00485218848617888
0.0388525 0.00485656348529017
0.0388875 0.004860938484403
0.0389225 0.00486531348351777
0.0389575 0.00486968848263428
0.0389925 0.00487406348175215
0.0390275 0.00487843848087157
0.0390625 0.00488281347999292
0.0390975 0.00488718847911524
0.0391325 0.00489156347824007
0.0391675 0.0048959384773653
0.0392025 0.00490031347649304
0.0392375 0.00490468847562195
0.0392725 0.00490906347475239
0.0393075 0.00491343847388479
0.0393425 0.00491781347301794
0.0393775 0.00492218847215286
0.0394125 0.00492656347129026
0.0394475 0.0049309384704279
0.0394825 0.00493531346956762
0.0395175 0.00493968846870874
0.0395525 0.00494406346785176
0.0395875 0.00494843846699578
0.0396225 0.0049528134661421
0.0396575 0.00495718846528978
0.0396925 0.00496156346443864
0.0397275 0.00496593846358939
0.0397625 0.00497031346274098
0.0397975 0.00497468846189424
0.0398325 0.00497906346104932
0.0398675 0.00498343846020548
0.0399025 0.00498781345936346
0.0399375 0.00499218845852253
0.0399725 0.00499656345768323
0.0400075 0.00500093845684558
0.0400425 0.00500531345600938
0.0400775 0.00500968845517424
0.0401125 0.00501406345434114
0.0401475 0.0050184384535091
0.0401825 0.00502281345267871
0.0402175 0.00502718845184996
0.0402525 0.00503156345102229
0.0402875 0.00503593845019605
0.0403225 0.00504031344937109
0.0403575 0.00504468844854795
0.0403925 0.0050490634477257
0.0404275 0.00505343844690491
0.0404625 0.00505781344608589
0.0404975 0.00506218844526843
0.0405325 0.00506656344445212
0.0405675 0.00507093844363721
0.0406025 0.00507531344282373
0.0406375 0.00507968844201176
0.0406725 0.00508406344120099
0.0407075 0.00508843844039193
0.0407425 0.00509281343958386
0.0407775 0.00509718843877732
0.0408125 0.00510156343797235
0.0408475 0.00510593843716872
0.0408825 0.00511031343636626
0.0409175 0.00511468843556515
0.0409525 0.00511906343476559
0.0409875 0.00512343843396739
0.0410225 0.00512781343317015
0.0410575 0.00513218843237466
0.0410925 0.00513656343158076
0.0411275 0.00514093843078769
0.0411625 0.00514531342999616
0.0411975 0.00514968842920561
0.0412325 0.0051540634284166
0.0412675 0.00515843842762895
0.0413025 0.00516281342684246
0.0413375 0.00516718842605751
0.0413725 0.00517156342527373
0.0414075 0.00517593842449131
0.0414425 0.00518031342371068
0.0414775 0.00518468842293104
0.0415125 0.005189063422153
0.0415475 0.00519343842137645
0.0415825 0.00519781342060074
0.0416175 0.00520218841982651
0.0416525 0.0052065634190537
0.0416875 0.00521093841828237
0.0417225 0.0052153134175117
0.0417575 0.00521968841674289
0.0417925 0.00522406341597511
0.0418275 0.0052284384152083
0.0418625 0.0052328134144435
0.0418975 0.00523718841367966
0.0419325 0.00524156341291737
0.0419675 0.00524593841215643
0.0420025 0.00525031341139647
0.0420375 0.00525468841063805
0.0420725 0.0052590634098806
0.0421075 0.0052634384091247
0.0421425 0.00526781340836957
0.0421775 0.00527218840761638
0.0422125 0.00527656340686397
0.0422475 0.00528093840611291
0.0422825 0.00528531340536301
0.0423175 0.00528968840461435
0.0423525 0.00529406340386642
0.0423875 0.00529843840312036
0.0424225 0.00530281340237494
0.0424575 0.00530718840163141
0.0424925 0.0053115634008885
0.0425275 0.0053159384001471
0.0425625 0.0053203133994066
0.0425975 0.00532468839866755
0.0426325 0.00532906339792926
0.0426675 0.00533343839719253
0.0427025 0.00533781339645696
0.0427375 0.00534218839572274
0.0427725 0.00534656339498949
0.0428075 0.00535093839425741
0.0428425 0.00535531339352667
0.0428775 0.0053596883927971
0.0429125 0.00536406339206869
0.0429475 0.00536843839134145
0.0429825 0.00537281339061556
0.0430175 0.00537718838989063
0.0430525 0.00538156338916687
0.0430875 0.00538593838844446
0.0431225 0.00539031338772303
0.0431575 0.00539468838700314
0.0431925 0.00539906338628402
0.0432275 0.00540343838556656
0.0432625 0.00540781338484986
0.0432975 0.00541218838413481
0.0433325 0.00541656338342092
0.0433675 0.00542093838270819
0.0434025 0.00542531338199663
0.0434375 0.00542968838128622
0.0434725 0.00543406338057679
0.0435075 0.00543843837986871
0.0435425 0.0054428133791616
0.0435775 0.00544718837845584
0.0436125 0.00545156337775086
0.0436475 0.00545593837704723
0.0436825 0.00546031337634477
0.0437175 0.00546468837564327
0.0437525 0.00546906337494293
0.0437875 0.00547343837424376
0.0438225 0.00547781337354594
0.0438575 0.0054821883728489
0.0438925 0.00548656337215321
0.0439275 0.00549093837145829
0.0439625 0.00549531337076474
0.0439975 0.00549968837007207
0.0440325 0.0055040633693802
0.0440675 0.00550843836868999
0.0441025 0.00551281336800044
0.0441375 0.00551718836731217
0.0441725 0.00552156336662487
0.0442075 0.00552593836593886
0.0442425 0.00553031336525363
0.0442775 0.00553468836456936
0.0443125 0.00553906336388626
0.0443475 0.00554343836320432
0.0443825 0.00554781336252353
0.0444175 0.00555218836184353
0.0444525 0.00555656336116488
0.0444875 0.00556093836048719
0.0445225 0.00556531335981067
0.0445575 0.00556968835913492
0.0445925 0.00557406335846073
0.0446275 0.0055784383577873
0.0446625 0.00558281335711485
0.0446975 0.00558718835644355
0.0447325 0.00559156335577356
0.0447675 0.0055959383551045
0.0448025 0.00560031335443639
0.0448375 0.00560468835376956
0.0448725 0.00560906335310339
0.0449075 0.00561343835243868
0.0449425 0.00561781335177474
0.0449775 0.00562218835111187
0.0450125 0.00562656335044997
0.0450475 0.00563093834978937
0.0450825 0.00563531334912969
0.0451175 0.00563968834847108
0.0451525 0.00564406334781372
0.0451875 0.00564843834715705
0.0452225 0.00565281334650143
0.0452575 0.00565718834584698
0.0452925 0.0056615633451936
0.0453275 0.00566593834454099
0.0453625 0.00567031334388944
0.0453975 0.00567468834323873
0.0454325 0.00567906334258909
0.0454675 0.00568343834194067
0.0455025 0.00568781334129297
0.0455375 0.00569218834064639
0.0455725 0.00569656334000081
0.0456075 0.00570093833935627
0.0456425 0.00570531333871243
0.0456775 0.00570968833806993
0.0457125 0.00571406333742841
0.0457475 0.00571843833678755
0.0457825 0.00572281333614787
0.0458175 0.00572718833550924
0.0458525 0.0057315633348714
0.0458875 0.00573593833423471
0.0459225 0.00574031333359877
0.0459575 0.00574468833296388
0.0459925 0.00574906333232985
0.0460275 0.00575343833169679
0.0460625 0.00575781333106471
0.0460975 0.00576218833043358
0.0461325 0.00576656332980361
0.0461675 0.00577093832917446
0.0462025 0.0057753133285463
0.0462375 0.00577968832791909
0.0462725 0.00578406332729279
0.0463075 0.00578843832666748
0.0463425 0.00579281332604304
0.0463775 0.00579718832541947
0.0464125 0.00580156332479687
0.0464475 0.00580593832417533
0.0464825 0.00581031332355475
0.0465175 0.00581468832293506
0.0465525 0.00581906332231633
0.0465875 0.00582343832169847
0.0466225 0.00582781332108178
0.0466575 0.00583218832046576
0.0466925 0.0058365633198508
0.0467275 0.00584093831923672
0.0467625 0.00584531331862351
0.0467975 0.00584968831801126
0.0468325 0.00585406331739989
0.0468675 0.00585843831678958
0.0469025 0.00586281331618005
0.0469375 0.00586718831557139
0.0469725 0.00587156331496369
0.0470075 0.00587593831435687
0.0470425 0.00588031331375101
0.0470775 0.00588468831314603
0.0471125 0.00588906331254192
0.0471475 0.00589343831193868
0.0471825 0.00589781331133651
0.0472175 0.00590218831073509
0.0472525 0.00590656331013458
0.0472875 0.00591093830953501
0.0473225 0.00591531330893641
0.0473575 0.00591968830833859
0.0473925 0.00592406330774174
0.0474275 0.00592843830714566
0.0474625 0.00593281330655045
0.0474975 0.00593718830595626
0.0475325 0.00594156330536294
0.0475675 0.00594593830477035
0.0476025 0.00595031330417878
0.0476375 0.00595468830358793
0.0476725 0.00595906330299804
0.0477075 0.00596343830240898
0.0477425 0.00596781330182079
0.0477775 0.00597218830123353
0.0478125 0.00597656330064708
0.0478475 0.00598093830006151
0.0478825 0.00598531329947671
0.0479175 0.00598968829889275
0.0479525 0.0059940632983096
0.0479875 0.00599843829772732
0.0480225 0.006002813297146
0.0480575 0.00600718829656542
0.0480925 0.00601156329598569
0.0481275 0.00601593829540685
0.0481625 0.0060203132948288
0.0481975 0.00602468829425155
0.0482325 0.00602906329367522
0.0482675 0.00603343829309961
0.0483025 0.00603781329252488
0.0483375 0.00604218829195097
0.0483725 0.00604656329137793
0.0484075 0.00605093829080567
0.0484425 0.00605531329023428
0.0484775 0.00605968828966371
0.0485125 0.00606406328909396
0.0485475 0.00606843828852504
0.0485825 0.00607281328795689
0.0486175 0.00607718828738961
0.0486525 0.00608156328682315
0.0486875 0.00608593828625757
0.0487225 0.00609031328569266
0.0487575 0.00609468828512877
0.0487925 0.00609906328456553
0.0488275 0.00610343828400317
0.0488625 0.0061078132834416
0.0488975 0.0061121882828808
0.0489325 0.00611656328232081
0.0489675 0.00612093828176169
0.0490025 0.00612531328120327
0.0490375 0.00612968828064572
0.0490725 0.00613406328008892
0.0491075 0.00613843827953299
0.0491425 0.00614281327897781
0.0491775 0.00614718827842343
0.0492125 0.00615156327786983
0.0492475 0.00615593827731704
0.0492825 0.00616031327676501
0.0493175 0.00616468827621377
0.0493525 0.00616906327566323
0.0493875 0.00617343827511354
0.0494225 0.00617781327456463
0.0494575 0.0061821882740165
0.0494925 0.00618656327346912
0.0495275 0.00619093827292254
0.0495625 0.00619531327237669
0.0495975 0.00619968827183166
0.0496325 0.00620406327128736
0.0496675 0.00620843827074385
0.0497025 0.0062128132702011
0.0497375 0.00621718826965912
0.0497725 0.00622156326911789
0.0498075 0.00622593826857743
0.0498425 0.00623031326803771
0.0498775 0.00623468826749877
0.0499125 0.00623906326696059
0.0499475 0.00624343826642315
0.0499825 0.00624781326588646
