0 0.000198437613338549
7.5e-06 0.000198437585213549
1.5e-05 0.000198437538338549
2.25e-05 0.000198437465213549
3e-05 0.000198437364767121
3.75e-05 0.000198437236642121
4.5e-05 0.000198437080676211
5.25e-05 0.000198436896781981
6e-05 0.000198436684906981
6.75e-05 0.000198436445017275
7.5e-05 0.000198436177089643
8.25e-05 0.0001984358811075
9e-05 0.000198435557058587
9.75e-05 0.000198435204933587
0.000105 0.000198434824725254
0.0001125 0.00019843441642784
0.00012 0.000198433980036711
0.0001275 0.000198433515548074
0.000135 0.000198433022958789
0.0001425 0.000198432502266221
0.00015 0.000198431953468144
0.0001575 0.000198431376562657
0.000165 0.000198430771548122
0.0001725 0.000198430138423122
0.00018 0.00019842947718642
0.0001875 0.00019842878783693
0.000195 0.000198428070373695
0.0002025 0.000198427324795865
0.00021 0.000198426551102683
0.0002175 0.000198425749293473
0.000225 0.000198424919367625
0.0002325 0.000198424061324593
0.00024 0.000198423175163878
0.0002475 0.000198422260885032
0.000255 0.000198421318487644
0.0002625 0.00019842034797134
0.00027 0.000198419349335777
0.0002775 0.00019841832258064
0.000285 0.00019841726770564
0.0002925 0.00019841618471051
0.0003 0.000198415073595004
0.0003075 0.000198413934358893
0.000315 0.000198412767001966
0.0003225 0.000198411571524025
0.00033 0.000198410347924887
0.0003375 0.000198409096204382
0.000345 0.000198407816362349
0.0003525 0.000198406508398639
0.00036 0.000198405172313113
0.0003675 0.000198403808105639
0.000375 0.000198402415776094
0.0003825 0.000198400995324361
0.00039 0.000198399546750332
0.0003975 0.000198398070053904
0.000405 0.000198396565234979
0.0004125 0.000198395032293465
0.00042 0.000198393471229276
0.0004275 0.000198391882042329
0.000435 0.000198390264732547
0.0004425 0.000198388619299855
0.00045 0.000198386945744183
0.0004575 0.000198385244065464
0.000465 0.000198383514263635
0.0004725 0.000198381756338635
0.00048 0.000198379970290406
0.0004875 0.000198378156118895
0.000495 0.000198376313824048
0.0005025 0.000198374443405815
0.00051 0.000198372544864148
0.0005175 0.000198370618199003
0.000525 0.000198368663410334
0.0005325 0.0001983666804981
0.00054 0.000198364669462261
0.0005475 0.000198362630302778
0.000555 0.000198360563019615
0.0005625 0.000198358467612736
0.00057 0.000198356344082107
0.0005775 0.000198354192427696
0.000585 0.00019835201264947
0.0005925 0.0001983498047474
0.0006 0.000198347568721457
0.0006075 0.000198345304571613
0.000615 0.00019834301229784
0.0006225 0.000198340691900113
0.00063 0.000198338343378407
0.0006375 0.000198335966732697
0.000645 0.00019833356196296
0.0006525 0.000198331129069174
0.00066 0.000198328668051318
0.0006675 0.000198326178909369
0.000675 0.000198323661643307
0.0006825 0.000198321116253114
0.00069 0.00019831854273877
0.0006975 0.000198315941100257
0.000705 0.000198313311337556
0.0007125 0.000198310653450652
0.00072 0.000198307967439526
0.0007275 0.000198305253304163
0.000735 0.000198302511044548
0.0007425 0.000198299740660665
0.00075 0.000198296942152499
0.0007575 0.000198294115520036
0.000765 0.000198291260763263
0.0007725 0.000198288377882166
0.00078 0.000198285466876731
0.0007875 0.000198282527746946
0.000795 0.000198279560492799
0.0008025 0.000198276565114278
0.00081 0.000198273541611371
0.0008175 0.000198270489984067
0.000825 0.000198267410232355
0.0008325 0.000198264302356224
0.00084 0.000198261166355664
0.0008475 0.000198258002230664
0.000855 0.000198254809981214
0.0008625 0.000198251589607306
0.00087 0.00019824834110893
0.0008775 0.000198245064486076
0.000885 0.000198241759738735
0.0008925 0.0001982384268669
0.0009 0.000198235065870561
0.0009075 0.00019823167674971
0.000915 0.00019822825950434
0.0009225 0.000198224814134442
0.00093 0.000198221340640009
0.0009375 0.000198217839021033
0.000945 0.000198214309277507
0.0009525 0.000198210751409424
0.00096 0.000198207165416777
0.0009675 0.000198203551299559
0.000975 0.000198199909057764
0.0009825 0.000198196238691385
0.00099 0.000198192540200415
0.0009975 0.000198188813584849
0.001005 0.000198185058844681
0.0010125 0.000198181275979904
0.00102 0.000198177464990513
0.0010275 0.000198173625876502
0.001035 0.000198169758637865
0.0010425 0.000198165863274598
0.00105 0.000198161939786695
0.0010575 0.000198157988174151
0.001065 0.00019815400843696
0.0010725 0.000198150000575118
0.00108 0.00019814596458862
0.0010875 0.000198141900477461
0.001095 0.000198137808241636
0.0011025 0.000198133687881141
0.00111 0.000198129539395972
0.0011175 0.000198125362786123
0.001125 0.000198121158051591
0.0011325 0.000198116925192372
0.00114 0.000198112664208461
0.0011475 0.000198108375099855
0.001155 0.000198104057866549
0.0011625 0.000198099712508539
0.00117 0.000198095339025822
0.0011775 0.000198090937418395
0.001185 0.000198086507686252
0.0011925 0.000198082049829391
0.0012 0.000198077563847808
0.0012075 0.0001980730497415
0.001215 0.000198068507510463
0.0012225 0.000198063937154694
0.00123 0.000198059338674189
0.0012375 0.000198054712068946
0.001245 0.000198050057338961
0.0012525 0.000198045374484232
0.00126 0.000198040663504754
0.0012675 0.000198035924400526
0.001275 0.000198031157171544
0.0012825 0.000198026361817805
0.00129 0.000198021538339307
0.0012975 0.000198016686736046
0.001305 0.00019801180700802
0.0013125 0.000198006899155227
0.00132 0.000198001963177663
0.0013275 0.000197996999075326
0.001335 0.000197992006848213
0.0013425 0.000197986986496323
0.00135 0.000197981938019651
0.0013575 0.000197976861418197
0.001365 0.000197971756691958
0.0013725 0.00019796662384093
0.00138 0.000197961462865113
0.0013875 0.000197956273764503
0.001395 0.000197951056539099
0.0014025 0.000197945811188898
0.00141 0.000197940537713898
0.0014175 0.000197935236114098
0.001425 0.000197929906389493
0.0014325 0.000197924548540084
0.00144 0.000197919162565867
0.0014475 0.000197913748466842
0.001455 0.000197908306243005
0.0014625 0.000197902835894354
0.00147 0.000197897337420889
0.0014775 0.000197891810822606
0.001485 0.000197886256099505
0.0014925 0.000197880673251583
0.0015 0.000197875062278839
0.0015075 0.000197869423181271
0.001515 0.000197863755958876
0.0015225 0.000197858060611654
0.00153 0.000197852337139603
0.0015375 0.00019784658554272
0.001545 0.000197840805821005
0.0015525 0.000197834997974456
0.00156 0.00019782916200307
0.0015675 0.000197823297906848
0.001575 0.000197817405685786
0.0015825 0.000197811485339883
0.00159 0.000197805536869139
0.0015975 0.00019779956027355
0.001605 0.000197793555553117
0.0016125 0.000197787522707838
0.00162 0.00019778146173771
0.0016275 0.000197775372642733
0.001635 0.000197769255422906
0.0016425 0.000197763110078226
0.00165 0.000197756936608693
0.0016575 0.000197750735014306
0.001665 0.000197744505295062
0.0016725 0.000197738247450961
0.00168 0.000197731961482001
0.0016875 0.000197725647388182
0.001695 0.000197719305169501
0.0017025 0.000197712934825958
0.00171 0.000197706536357552
0.0017175 0.000197700109764281
0.001725 0.000197693655046143
0.0017325 0.000197687172203139
0.00174 0.000197680661235267
0.0017475 0.000197674122142525
0.001755 0.000197667554924913
0.0017625 0.000197660959582429
0.00177 0.000197654336115073
0.0017775 0.000197647684522842
0.001785 0.000197641004805737
0.0017925 0.000197634296963756
0.0018 0.000197627560996898
0.0018075 0.000197620796905163
0.001815 0.000197614004688548
0.0018225 0.000197607184347053
0.00183 0.000197600335880677
0.0018375 0.00019759345928942
0.001845 0.00019758655457328
0.0018525 0.000197579621732255
0.00186 0.000197572660766346
0.0018675 0.000197565671675552
0.001875 0.000197558654459871
0.0018825 0.000197551609119302
0.00189 0.000197544535653845
0.0018975 0.000197537434063498
0.001905 0.000197530304348262
0.0019125 0.000197523146508134
0.00192 0.000197515960543115
0.0019275 0.000197508746453203
0.001935 0.000197501504238397
0.0019425 0.000197494233898697
0.00195 0.000197486935434102
0.0019575 0.000197479608844611
0.001965 0.000197472254130223
0.0019725 0.000197464871290938
0.00198 0.000197457460326754
0.0019875 0.000197450021237671
0.001995 0.000197442554023688
0.0020025 0.000197435058684804
0.00201 0.00019742753522102
0.0020175 0.000197419983632333
0.002025 0.000197412403918743
0.0020325 0.000197404796080249
0.00204 0.000197397160116852
0.0020475 0.000197389496028549
0.002055 0.000197381803815341
0.0020625 0.000197374083477226
0.00207 0.000197366335014205
0.0020775 0.000197358558426275
0.002085 0.000197350753713438
0.0020925 0.000197342920875691
0.0021 0.000197335059913035
0.0021075 0.000197327170825468
0.002115 0.00019731925361299
0.0021225 0.000197311308275601
0.00213 0.0001973033348133
0.0021375 0.000197295333226085
0.002145 0.000197287303513958
0.0021525 0.000197279245676916
0.00216 0.00019727115971496
0.0021675 0.000197263045628088
0.002175 0.000197254903416301
0.0021825 0.000197246733079597
0.00219 0.000197238534617976
0.0021975 0.000197230308031438
0.002205 0.000197222053319981
0.0022125 0.000197213770483606
0.00222 0.000197205459522312
0.0022275 0.000197197120436098
0.002235 0.000197188753224964
0.0022425 0.000197180357888909
0.00225 0.000197171934427932
0.0022575 0.000197163482842034
0.002265 0.000197155003131214
0.0022725 0.00019714649529547
0.00228 0.000197137959334803
0.0022875 0.000197129395249212
0.002295 0.000197120803038697
0.0023025 0.000197112182703257
0.00231 0.000197103534242891
0.0023175 0.000197094857657599
0.002325 0.000197086152947382
0.0023325 0.000197077420112237
0.00234 0.000197068659152165
0.0023475 0.000197059870067165
0.002355 0.000197051052857237
0.0023625 0.00019704220752238
0.00237 0.000197033334062594
0.0023775 0.000197024432477879
0.002385 0.000197015502768234
0.0023925 0.000197006544933658
0.0024 0.000196997558974151
0.0024075 0.000196988544889713
0.002415 0.000196979502680343
0.0024225 0.000196970432346041
0.00243 0.000196961333886806
0.0024375 0.000196952207302638
0.002445 0.000196943052593537
0.0024525 0.000196933869759502
0.00246 0.000196924658800533
0.0024675 0.000196915419716629
0.002475 0.00019690615250779
0.0024825 0.000196896857174016
0.00249 0.000196887533715305
0.0024975 0.000196878182131659
0.002505 0.000196868802423076
0.0025125 0.000196859394589556
0.00252 0.000196849958631099
0.0025275 0.000196840494547704
0.002535 0.00019683100233937
0.0025425 0.000196821482006099
0.00255 0.000196811933547888
0.0025575 0.000196802356964739
0.002565 0.00019679275225665
0.0025725 0.000196783119423621
0.00258 0.000196773458465651
0.0025875 0.000196763769382742
0.002595 0.000196754052174891
0.0026025 0.000196744306842099
0.00261 0.000196734533384365
0.0026175 0.00019672473180169
0.002625 0.000196714902094072
0.0026325 0.000196705044261511
0.00264 0.000196695158304008
0.0026475 0.000196685244221561
0.002655 0.000196675302014171
0.0026625 0.000196665331681837
0.00267 0.000196655333224559
0.0026775 0.000196645306642336
0.002685 0.000196635251935168
0.0026925 0.000196625169103056
0.0027 0.000196615058145997
0.0027075 0.000196604919063993
0.002715 0.000196594751857043
0.0027225 0.000196584556525147
0.00273 0.000196574333068304
0.0027375 0.000196564081486514
0.002745 0.000196553801779777
0.0027525 0.000196543493948092
0.00276 0.00019653315799146
0.0027675 0.000196522793909879
0.002775 0.00019651240170335
0.0027825 0.000196501981371873
0.00279 0.000196491532915446
0.0027975 0.000196481056334071
0.002805 0.000196470551627746
0.0028125 0.000196460018796471
0.00282 0.000196449457840246
0.0028275 0.000196438868759071
0.002835 0.000196428251552945
0.0028425 0.000196417606221869
0.00285 0.000196406932765841
0.0028575 0.000196396231184863
0.002865 0.000196385501478932
0.0028725 0.00019637474364805
0.00288 0.000196363957692216
0.0028875 0.000196353143611429
0.002895 0.00019634230140569
0.0029025 0.000196331431074998
0.00291 0.000196320532619353
0.0029175 0.000196309606038755
0.002925 0.000196298651333203
0.0029325 0.000196287668502698
0.00294 0.000196276657547238
0.0029475 0.000196265618466824
0.002955 0.000196254551261456
0.0029625 0.000196243455931133
0.00297 0.000196232332475855
0.0029775 0.000196221180895622
0.002985 0.000196210001190433
0.0029925 0.000196198793360289
0.003 0.000196187557405189
0.0030075 0.000196176293325133
0.003015 0.000196165001120121
0.0030225 0.000196153680790152
0.00303 0.000196142332335227
0.0030375 0.000196130955755344
0.003045 0.000196119551050505
0.0030525 0.000196108118220708
0.00306 0.000196096657265953
0.0030675 0.000196085168186241
0.003075 0.000196073650981571
0.0030825 0.000196062105651943
0.00309 0.000196050532197356
0.0030975 0.000196038930617811
0.003105 0.000196027300913306
0.0031125 0.000196015643083843
0.00312 0.000196003957129421
0.0031275 0.00019599224305004
0.003135 0.000195980500845698
0.0031425 0.000195968730516397
0.00315 0.000195956932062136
0.0031575 0.000195945105482915
0.003165 0.000195933250778734
0.0031725 0.000195921367949592
0.00318 0.00019590945699549
0.0031875 0.000195897517916426
0.003195 0.000195885550712402
0.0032025 0.000195873555383416
0.00321 0.000195861531929469
0.0032175 0.00019584948035056
0.003225 0.000195837400646689
0.0032325 0.000195825292817857
0.00324 0.000195813156864062
0.0032475 0.000195800992785305
0.003255 0.000195788800581585
0.0032625 0.000195776580252903
0.00327 0.000195764331799258
0.0032775 0.00019575205522065
0.003285 0.000195739750517079
0.0032925 0.000195727417688544
0.0033 0.000195715056735046
0.0033075 0.000195702667656584
0.003315 0.000195690250453158
0.0033225 0.000195677805124769
0.00333 0.000195665331671415
0.0033375 0.000195652830093097
0.003345 0.000195640300389814
0.0033525 0.000195627742561566
0.00336 0.000195615156608354
0.0033675 0.000195602542530177
0.003375 0.000195589900327035
0.0033825 0.000195577229998927
0.00339 0.000195564531545854
0.0033975 0.000195551804967816
0.003405 0.000195539050264811
0.0034125 0.000195526267436841
0.00342 0.000195513456483905
0.0034275 0.000195500617406003
0.003435 0.000195487750203134
0.0034425 0.000195474854875299
0.00345 0.000195461931422497
0.0034575 0.000195448979844728
0.003465 0.000195436000141993
0.0034725 0.00019542299231429
0.00348 0.00019540995636162
0.0034875 0.000195396892283983
0.003495 0.000195383800081378
0.0035025 0.000195370679753806
0.00351 0.000195357531301266
0.0035175 0.000195344354723758
0.003525 0.000195331150021282
0.0035325 0.000195317917193838
0.00354 0.000195304656241426
0.0035475 0.000195291367164045
0.003555 0.000195278049961696
0.0035625 0.000195264704634378
0.00357 0.000195251331182091
0.0035775 0.000195237929604835
0.003585 0.00019522449990261
0.0035925 0.000195211042075416
0.0036 0.000195197556123252
0.0036075 0.000195184042046119
0.003615 0.000195170499844016
0.0036225 0.000195156929516944
0.00363 0.000195143331064902
0.0036375 0.000195129704487889
0.003645 0.000195116049785907
0.0036525 0.000195102366958954
0.00366 0.000195088656007032
0.0036675 0.000195074916930138
0.003675 0.000195061149728274
0.0036825 0.00019504735440144
0.00369 0.000195033530949634
0.0036975 0.000195019679372858
0.003705 0.00019500579967111
0.0037125 0.000194991891844391
0.00372 0.000194977955892701
0.0037275 0.00019496399181604
0.003735 0.000194949999614407
0.0037425 0.000194935979287802
0.00375 0.000194921930836226
0.0037575 0.000194907854259678
0.003765 0.000194893749558158
0.0037725 0.000194879616731665
0.00378 0.000194865455780201
0.0037875 0.000194851266703764
0.003795 0.000194837049502354
0.0038025 0.000194822804175973
0.00381 0.000194808530724618
0.0038175 0.000194794229148291
0.003825 0.000194779899446991
0.0038325 0.000194765541620718
0.00384 0.000194751155669472
0.0038475 0.000194736741593252
0.003855 0.00019472229939206
0.0038625 0.000194707829065894
0.00387 0.000194693330614754
0.0038775 0.000194678804038641
0.003885 0.000194664249337554
0.0038925 0.000194649666511494
0.0039 0.000194635055560459
0.0039075 0.000194620416484451
0.003915 0.000194605749283468
0.0039225 0.000194591053957512
0.00393 0.000194576330506581
0.0039375 0.000194561578930675
0.003945 0.000194546799229795
0.0039525 0.000194531991403941
0.00396 0.000194517155453111
0.0039675 0.000194502291377307
0.003975 0.000194487399176529
0.0039825 0.000194472478850775
0.00399 0.000194457530400046
0.0039975 0.000194442553824342
0.004005 0.000194427549123663
0.0040125 0.000194412516298008
0.00402 0.000194397455347378
0.0040275 0.000194382366271773
0.004035 0.000194367249071192
0.0040425 0.000194352103745635
0.00405 0.000194336930295102
0.0040575 0.000194321728719594
0.004065 0.000194306499019109
0.0040725 0.000194291241193648
0.00408 0.000194275955243212
0.0040875 0.000194260641167799
0.004095 0.000194245298967409
0.0041025 0.000194229928642044
0.00411 0.000194214530191701
0.0041175 0.000194199103616383
0.004125 0.000194183648916087
0.0041325 0.000194168166090815
0.00414 0.000194152655140566
0.0041475 0.00019413711606534
0.004155 0.000194121548865137
0.0041625 0.000194105953539957
0.00417 0.0001940903300898
0.0041775 0.000194074678514665
0.004185 0.000194058998814553
0.0041925 0.000194043290989464
0.0042 0.000194027555039397
0.0042075 0.000194011790964353
0.004215 0.000193995998764331
0.0042225 0.000193980178439331
0.00423 0.000193964329989354
0.0042375 0.000193948453414398
0.004245 0.000193932548714465
0.0042525 0.000193916615889554
0.00426 0.000193900654939664
0.0042675 0.000193884665864796
0.004275 0.00019386864866495
0.0042825 0.000193852603340126
0.00429 0.000193836529890323
0.0042975 0.000193820428315542
0.004305 0.000193804298615782
0.0043125 0.000193788140791043
0.00432 0.000193771954841326
0.0043275 0.00019375574076663
0.004335 0.000193739498566955
0.0043425 0.000193723228242301
0.00435 0.000193706929792667
0.0043575 0.000193690603218055
0.004365 0.000193674248518464
0.0043725 0.000193657865693893
0.00438 0.000193641454744344
0.0043875 0.000193625015669814
0.004395 0.000193608548470306
0.0044025 0.000193592053145817
0.00441 0.00019357552969635
0.0044175 0.000193558978121902
0.004425 0.000193542398422475
0.0044325 0.000193525790598068
0.00444 0.000193509154648681
0.0044475 0.000193492490574314
0.004455 0.000193475798374967
0.0044625 0.00019345907805064
0.00447 0.000193442329601333
0.0044775 0.000193425553027046
0.004485 0.000193408748327778
0.0044925 0.00019339191550353
0.0045 0.000193375054554302
0.0045075 0.000193358165480093
0.004515 0.000193341248280904
0.0045225 0.000193324302956734
0.00453 0.000193307329507584
0.0045375 0.000193290327933452
0.004545 0.00019327329823434
0.0045525 0.000193256240410247
0.00456 0.000193239154461173
0.0045675 0.000193222040387118
0.004575 0.000193204898188082
0.0045825 0.000193187727864065
0.00459 0.000193170529415067
0.0045975 0.000193153302841088
0.004605 0.000193136048142127
0.0046125 0.000193118765318185
0.00462 0.000193101454369261
0.0046275 0.000193084115295356
0.004635 0.00019306674809647
0.0046425 0.000193049352772602
0.00465 0.000193031929323752
0.0046575 0.000193014477749921
0.004665 0.000192996998051107
0.0046725 0.000192979490227312
0.00468 0.000192961954278535
0.0046875 0.000192944390204776
0.004695 0.000192926798006036
0.0047025 0.000192909177682313
0.00471 0.000192891529233608
0.0047175 0.00019287385265992
0.004725 0.000192856147961251
0.0047325 0.000192838415137599
0.00474 0.000192820654188965
0.0047475 0.000192802865115349
0.004755 0.00019278504791675
0.0047625 0.000192767202593169
0.00477 0.000192749329144605
0.0047775 0.000192731427571058
0.004785 0.000192713497872529
0.0047925 0.000192695540049017
0.0048 0.000192677554100522
0.0048075 0.000192659540027044
0.004815 0.000192641497828584
0.0048225 0.00019262342750514
0.00483 0.000192605329056714
0.0048375 0.000192587202483305
0.004845 0.000192569047784912
0.0048525 0.000192550864961536
0.00486 0.000192532654013177
0.0048675 0.000192514414939835
0.004875 0.00019249614774151
0.0048825 0.000192477852418201
0.00489 0.000192459528969909
0.0048975 0.000192441177396633
0.004905 0.000192422797698374
0.0049125 0.000192404389875131
0.00492 0.000192385953926904
0.0049275 0.000192367489853694
0.004935 0.000192348997655501
0.0049425 0.000192330477332323
0.00495 0.000192311928884162
0.0049575 0.000192293352311016
0.004965 0.000192274747612887
0.0049725 0.000192256114789774
0.00498 0.000192237453841677
0.0049875 0.000192218764768596
0.004995 0.000192200047570531
0.0050025 0.000192181302247481
0.00501 0.000192162528799448
0.0050175 0.00019214372722643
0.005025 0.000192124897528428
0.0050325 0.000192106039705441
0.00504 0.00019208715375747
0.0050475 0.000192068239684515
0.005055 0.000192049297486575
0.0050625 0.000192030327163651
0.00507 0.000192011328715742
0.0050775 0.000191992302142849
0.005085 0.000191973247444971
0.0050925 0.000191954164622108
0.0051 0.00019193505367426
0.0051075 0.000191915914601428
0.005115 0.000191896747403611
0.0051225 0.000191877552080809
0.00513 0.000191858328633022
0.0051375 0.00019183907706025
0.005145 0.000191819797362493
0.0051525 0.000191800489539751
0.00516 0.000191781153592023
0.0051675 0.000191761789519311
0.005175 0.000191742397321614
0.0051825 0.000191722976998931
0.00519 0.000191703528551263
0.0051975 0.000191684051978609
0.005205 0.000191664547280971
0.0052125 0.000191645014458347
0.00522 0.000191625453510737
0.0052275 0.000191605864438142
0.005235 0.000191586247240562
0.0052425 0.000191566601917995
0.00525 0.000191546928470444
0.0052575 0.000191527226897906
0.005265 0.000191507497200383
0.0052725 0.000191487739377874
0.00528 0.00019146795343038
0.0052875 0.000191448139357899
0.005295 0.000191428297160433
0.0053025 0.000191408426837981
0.00531 0.000191388528390543
0.0053175 0.000191368601818119
0.005325 0.000191348647120709
0.0053325 0.000191328664298313
0.00534 0.000191308653350931
0.0053475 0.000191288614278563
0.005355 0.000191268547081208
0.0053625 0.000191248451758867
0.00537 0.000191228328311541
0.0053775 0.000191208176739227
0.005385 0.000191187997041928
0.0053925 0.000191167789219642
0.0054 0.00019114755327237
0.0054075 0.000191127289200111
0.005415 0.000191106997002866
0.0054225 0.000191086676680634
0.00543 0.000191066328233416
0.0054375 0.000191045951661211
0.005445 0.00019102554696402
0.0054525 0.000191005114141841
0.00546 0.000190984653194677
0.0054675 0.000190964164122525
0.005475 0.000190943646925387
0.0054825 0.000190923101603262
0.00549 0.00019090252815615
0.0054975 0.000190881926584051
0.005505 0.000190861296886965
0.0055125 0.000190840639064892
0.00552 0.000190819953117832
0.0055275 0.000190799239045786
0.005535 0.000190778496848752
0.0055425 0.000190757726526731
0.00555 0.000190736928079723
0.0055575 0.000190716101507728
0.005565 0.000190695246810745
0.0055725 0.000190674363988776
0.00558 0.000190653453041819
0.0055875 0.000190632513969875
0.005595 0.000190611546772943
0.0056025 0.000190590551451024
0.00561 0.000190569528004118
0.0056175 0.000190548476432224
0.005625 0.000190527396735343
0.0056325 0.000190506288913474
0.00564 0.000190485152966618
0.0056475 0.000190463988894774
0.005655 0.000190442796697943
0.0056625 0.000190421576376124
0.00567 0.000190400327929317
0.0056775 0.000190379051357523
0.005685 0.000190357746660741
0.0056925 0.000190336413838971
0.0057 0.000190315052892213
0.0057075 0.000190293663820468
0.005715 0.000190272246623735
0.0057225 0.000190250801302013
0.00573 0.000190229327855304
0.0057375 0.000190207826283607
0.005745 0.000190186296586922
0.0057525 0.000190164738765249
0.00576 0.000190143152818588
0.0057675 0.000190121538746938
0.005775 0.000190099896550301
0.0057825 0.000190078226228676
0.00579 0.000190056527782062
0.0057975 0.00019003480121046
0.005805 0.00019001304651387
0.0058125 0.000189991263692292
0.00582 0.000189969452745725
0.0058275 0.00018994761367417
0.005835 0.000189925746477627
0.0058425 0.000189903851156095
0.00585 0.000189881927709575
0.0058575 0.000189859976138066
0.005865 0.000189837996441569
0.0058725 0.000189815988620084
0.00588 0.00018979395267361
0.0058875 0.000189771888602147
0.005895 0.000189749796405696
0.0059025 0.000189727676084256
0.00591 0.000189705527637827
0.0059175 0.00018968335106641
0.005925 0.000189661146370004
0.0059325 0.00018963891354861
0.00594 0.000189616652602226
0.0059475 0.000189594363530854
0.005955 0.000189572046334493
0.0059625 0.000189549701013144
0.00597 0.000189527327566805
0.0059775 0.000189504925995477
0.005985 0.000189482496299161
0.0059925 0.000189460038477855
0.006 0.000189437552531561
0.0060075 0.000189415038460277
0.006015 0.000189392496264005
0.0060225 0.000189369925942743
0.00603 0.000189347327496492
0.0060375 0.000189324700925252
0.006045 0.000189302046229023
0.0060525 0.000189279363407805
0.00606 0.000189256652461598
0.0060675 0.000189233913390401
0.006075 0.000189211146194216
0.0060825 0.00018918835087304
0.00609 0.000189165527426876
0.0060975 0.000189142675855722
0.006105 0.000189119796159579
0.0061125 0.000189096888338447
0.00612 0.000189073952392325
0.0061275 0.000189050988321213
0.006135 0.000189027996125113
0.0061425 0.000189004975804022
0.00615 0.000188981927357942
0.0061575 0.000188958850786873
0.006165 0.000188935746090814
0.0061725 0.000188912613269766
0.00618 0.000188889452323727
0.0061875 0.0001888662632527
0.006195 0.000188843046056682
0.0062025 0.000188819800735675
0.00621 0.000188796527289678
0.0062175 0.000188773225718691
0.006225 0.000188749896022715
0.0062325 0.000188726538201749
0.00624 0.000188703152255793
0.0062475 0.000188679738184847
0.006255 0.000188656295988911
0.0062625 0.000188632825667985
0.00627 0.00018860932722207
0.0062775 0.000188585800651164
0.006285 0.000188562245955269
0.0062925 0.000188538663134384
0.0063 0.000188515052188508
0.0063075 0.000188491413117643
0.006315 0.000188467745921787
0.0063225 0.000188444050600941
0.00633 0.000188420327155106
0.0063375 0.00018839657558428
0.006345 0.000188372795888464
0.0063525 0.000188348988067658
0.00636 0.000188325152121861
0.0063675 0.000188301288051075
0.006375 0.000188277395855298
0.0063825 0.000188253475534531
0.00639 0.000188229527088773
0.0063975 0.000188205550518025
0.006405 0.000188181545822287
0.0064125 0.000188157513001559
0.00642 0.00018813345205584
0.0064275 0.000188109362985131
0.006435 0.000188085245789431
0.0064425 0.000188061100468741
0.00645 0.000188036927023061
0.0064575 0.00018801272545239
0.006465 0.000187988495756728
0.0064725 0.000187964237936076
0.00648 0.000187939951990433
0.0064875 0.0001879156379198
0.006495 0.000187891295724176
0.0065025 0.000187866925403562
0.00651 0.000187842526957956
0.0065175 0.000187818100387361
0.006525 0.000187793645691774
0.0065325 0.000187769162871197
0.00654 0.000187744651925629
0.0065475 0.00018772011285507
0.006555 0.000187695545659521
0.0065625 0.000187670950338981
0.00657 0.00018764632689345
0.0065775 0.000187621675322928
0.006585 0.000187596995627415
0.0065925 0.000187572287806911
0.0066 0.000187547551861417
0.0066075 0.000187522787790931
0.006615 0.000187497995595455
0.0066225 0.000187473175274988
0.00663 0.000187448326829529
0.0066375 0.00018742345025908
0.006645 0.00018739854556364
0.0066525 0.000187373612743208
0.00666 0.000187348651797786
0.0066675 0.000187323662727372
0.006675 0.000187298645531968
0.0066825 0.000187273600211572
0.00669 0.000187248526766185
0.0066975 0.000187223425195807
0.006705 0.000187198295500437
0.0067125 0.000187173137680077
0.00672 0.000187147951734725
0.0067275 0.000187122737664382
0.006735 0.000187097495469048
0.0067425 0.000187072225148723
0.00675 0.000187046926703406
0.0067575 0.000187021600133098
0.006765 0.000186996245437798
0.0067725 0.000186970862617507
0.00678 0.000186945451672225
0.0067875 0.000186920012601952
0.006795 0.000186894545406687
0.0068025 0.00018686905008643
0.00681 0.000186843526641182
0.0068175 0.000186817975070943
0.006825 0.000186792395375712
0.0068325 0.00018676678755549
0.00684 0.000186741151610276
0.0068475 0.000186715487540071
0.006855 0.000186689795344874
0.0068625 0.000186664075024685
0.00687 0.000186638326579505
0.0068775 0.000186612550009333
0.006885 0.00018658674531417
0.0068925 0.000186560912494015
0.0069 0.000186535051548868
0.0069075 0.000186509162478729
0.006915 0.000186483245283599
0.0069225 0.000186457299963477
0.00693 0.000186431326518364
0.0069375 0.000186405324948258
0.006945 0.000186379295253161
0.0069525 0.000186353237433072
0.00696 0.000186327151487991
0.0069675 0.000186301037417919
0.006975 0.000186274895222854
0.0069825 0.000186248724902798
0.00699 0.00018622252645775
0.0069975 0.000186196299887709
0.007005 0.000186170045192677
0.0070125 0.000186143762372653
0.00702 0.000186117451427637
0.0070275 0.000186091112357629
0.007035 0.00018606474516263
0.0070425 0.000186038349842638
0.00705 0.000186011926397654
0.0070575 0.000185985474827678
0.007065 0.00018595899513271
0.0070725 0.00018593248731275
0.00708 0.000185905951367797
0.0070875 0.000185879387297853
0.007095 0.000185852795102917
0.0071025 0.000185826174782988
0.00711 0.000185799526338067
0.0071175 0.000185772849768154
0.007125 0.000185746145073249
0.0071325 0.000185719412253352
0.00714 0.000185692651308462
0.0071475 0.000185665862238581
0.007155 0.000185639045043707
0.0071625 0.00018561219972384
0.00717 0.000185585326278982
0.0071775 0.000185558424709131
0.007185 0.000185531495014287
0.0071925 0.000185504537194452
0.0072 0.000185477551249624
0.0072075 0.000185450537179804
0.007215 0.000185423494984991
0.0072225 0.000185396424665186
0.00723 0.000185369326220388
0.0072375 0.000185342199650598
0.007245 0.000185315044955816
0.0072525 0.000185287862136041
0.00726 0.000185260651191273
0.0072675 0.000185233412121514
0.007275 0.000185206144926761
0.0072825 0.000185178849607016
0.00729 0.000185151526162279
0.0072975 0.000185124174592549
0.007305 0.000185096794897826
0.0073125 0.000185069387078111
0.00732 0.000185041951133403
0.0073275 0.000185014487063703
0.007335 0.00018498699486901
0.0073425 0.000184959474549324
0.00735 0.000184931926104646
0.0073575 0.000184904349534975
0.007365 0.000184876744840311
0.0073725 0.000184849112020655
0.00738 0.000184821451076006
0.0073875 0.000184793762006364
0.007395 0.000184766044811729
0.0074025 0.000184738299492102
0.00741 0.000184710526047482
0.0074175 0.000184682724477869
0.007425 0.000184654894783263
0.0074325 0.000184627036963664
0.00744 0.000184599151019073
0.0074475 0.000184571236949489
0.007455 0.000184543294754912
0.0074625 0.000184515324435342
0.00747 0.000184487325990779
0.0074775 0.000184459299421223
0.007485 0.000184431244726674
0.0074925 0.000184403161907133
0.0075 0.000184375050962598
0.0075075 0.00018434691189307
0.007515 0.00018431874469855
0.0075225 0.000184290549379036
0.00753 0.00018426232593453
0.0075375 0.00018423407436503
0.007545 0.000184205794670538
0.0075525 0.000184177486851052
0.00756 0.000184149150906573
0.0075675 0.000184120786837101
0.007575 0.000184092394642636
0.0075825 0.000184063974323178
0.00759 0.000184035525878727
0.0075975 0.000184007049309283
0.007605 0.000183978544614845
0.0076125 0.000183950011795415
0.00762 0.000183921450850991
0.0076275 0.000183892861781574
0.007635 0.000183864244587164
0.0076425 0.00018383559926776
0.00765 0.000183806925823364
0.0076575 0.000183778224253974
0.007665 0.000183749494559591
0.0076725 0.000183720736740214
0.00768 0.000183691950795845
0.0076875 0.000183663136726482
0.007695 0.000183634294532125
0.0077025 0.000183605424212776
0.00771 0.000183576525768433
0.0077175 0.000183547599199097
0.007725 0.000183518644504767
0.0077325 0.000183489661685444
0.00774 0.000183460650741127
0.0077475 0.000183431611671817
0.007755 0.000183402544477514
0.0077625 0.000183373449158218
0.00777 0.000183344325713927
0.0077775 0.000183315174144644
0.007785 0.000183285994450367
0.0077925 0.000183256786631096
0.0078 0.000183227550686833
0.0078075 0.000183198286617575
0.007815 0.000183168994423324
0.0078225 0.00018313967410408
0.00783 0.000183110325659842
0.0078375 0.00018308094909061
0.007845 0.000183051544396385
0.0078525 0.000183022111577166
0.00786 0.000182992650632954
0.0078675 0.000182963161563748
0.007875 0.000182933644369549
0.0078825 0.000182904099050356
0.00789 0.000182874525606169
0.0078975 0.000182844924036989
0.007905 0.000182815294342815
0.0079125 0.000182785636523647
0.00792 0.000182755950579486
0.0079275 0.000182726236510331
0.007935 0.000182696494316182
0.0079425 0.000182666723997039
0.00795 0.000182636925552903
0.0079575 0.000182607098983773
0.007965 0.00018257724428965
0.0079725 0.000182547361470532
0.00798 0.000182517450526421
0.0079875 0.000182487511457316
0.007995 0.000182457544263217
0.0080025 0.000182427548944124
0.00801 0.000182397525500038
0.0080175 0.000182367473930958
0.008025 0.000182337394236883
0.0080325 0.000182307286417815
0.00804 0.000182277150473753
0.0080475 0.000182246986404697
0.008055 0.000182216794210648
0.0080625 0.000182186573891604
0.00807 0.000182156325447566
0.0080775 0.000182126048878535
0.008085 0.000182095744184509
0.0080925 0.00018206541136549
0.0081 0.000182035050421476
0.0081075 0.000182004661352469
0.008115 0.000181974244158468
0.0081225 0.000181943798839472
0.00813 0.000181913325395483
0.0081375 0.0001818828238265
0.008145 0.000181852294132522
0.0081525 0.000181821736313551
0.00816 0.000181791150369585
0.0081675 0.000181760536300626
0.008175 0.000181729894106672
0.0081825 0.000181699223787725
0.00819 0.000181668525343783
0.0081975 0.000181637798774847
0.008205 0.000181607044080917
0.0082125 0.000181576261261993
0.00822 0.000181545450318075
0.0082275 0.000181514611249162
0.008235 0.000181483744055256
0.0082425 0.000181452848736355
0.00825 0.00018142192529246
0.0082575 0.000181390973723571
0.008265 0.000181359994029688
0.0082725 0.00018132898621081
0.00828 0.000181297950266938
0.0082875 0.000181266886198072
0.008295 0.000181235794004212
0.0083025 0.000181204673685358
0.00831 0.000181173525241509
0.0083175 0.000181142348672666
0.008325 0.000181111143978829
0.0083325 0.000181079911159998
0.00834 0.000181048650216172
0.0083475 0.000181017361147352
0.008355 0.000180986043953537
0.0083625 0.000180954698634728
0.00837 0.000180923325190925
0.0083775 0.000180891923622128
0.008385 0.000180860493928336
0.0083925 0.00018082903610955
0.0084 0.000180797550165769
0.0084075 0.000180766036096994
0.008415 0.000180734493903225
0.0084225 0.000180702923584461
0.00843 0.000180671325140703
0.0084375 0.00018063969857195
0.008445 0.000180608043878203
0.0084525 0.000180576361059461
0.00846 0.000180544650115726
0.0084675 0.000180512911046995
0.008475 0.00018048114385327
0.0084825 0.000180449348534551
0.00849 0.000180417525090837
0.0084975 0.000180385673522128
0.008505 0.000180353793828426
0.0085125 0.000180321886009728
0.00852 0.000180289950066036
0.0085275 0.000180257985997349
0.008535 0.000180225993803668
0.0085425 0.000180193973484993
0.00855 0.000180161925041322
0.0085575 0.000180129848472658
0.008565 0.000180097743778998
0.0085725 0.000180065610960344
0.00858 0.000180033450016696
0.0085875 0.000180001260948052
0.008595 0.000179969043754414
0.0086025 0.000179936798435782
0.00861 0.000179904524992155
0.0086175 0.000179872223423533
0.008625 0.000179839893729916
0.0086325 0.000179807535911305
0.00864 0.000179775149967699
0.0086475 0.000179742735899098
0.008655 0.000179710293705503
0.0086625 0.000179677823386913
0.00867 0.000179645324943328
0.0086775 0.000179612798374748
0.008685 0.000179580243681174
0.0086925 0.000179547660862605
0.0087 0.000179515049919041
0.0087075 0.000179482410850483
0.008715 0.000179449743656929
0.0087225 0.000179417048338381
0.00873 0.000179384324894838
0.0087375 0.000179351573326301
0.008745 0.000179318793632768
0.0087525 0.000179285985814241
0.00876 0.000179253149870719
0.0087675 0.000179220285802202
0.008775 0.00017918739360869
0.0087825 0.000179154473290183
0.00879 0.000179121524846681
0.0087975 0.000179088548278185
0.008805 0.000179055543584693
0.0088125 0.000179022510766207
0.00882 0.000178989449822726
0.0088275 0.00017895636075425
0.008835 0.000178923243560779
0.0088425 0.000178890098242313
0.00885 0.000178856924798852
0.0088575 0.000178823723230396
0.008865 0.000178790493536945
0.0088725 0.000178757235718499
0.00888 0.000178723949775059
0.0088875 0.000178690635706623
0.008895 0.000178657293513192
0.0089025 0.000178623923194766
0.00891 0.000178590524751346
0.0089175 0.00017855709818293
0.008925 0.000178523643489519
0.0089325 0.000178490160671113
0.00894 0.000178456649727712
0.0089475 0.000178423110659316
0.008955 0.000178389543465925
0.0089625 0.000178355948147539
0.00897 0.000178322324704158
0.0089775 0.000178288673135782
0.008985 0.000178254993442411
0.0089925 0.000178221285624045
0.009 0.000178187549680683
0.0090075 0.000178153785612327
0.009015 0.000178119993418975
0.0090225 0.000178086173100628
0.00903 0.000178052324657286
0.0090375 0.000178018448088949
0.009045 0.000177984543395617
0.0090525 0.000177950610577289
0.00906 0.000177916649633966
0.0090675 0.000177882660565649
0.009075 0.000177848643372335
0.0090825 0.000177814598054027
0.00909 0.000177780524610724
0.0090975 0.000177746423042425
0.009105 0.000177712293349131
0.0091125 0.000177678135530842
0.00912 0.000177643949587558
0.0091275 0.000177609735519278
0.009135 0.000177575493326003
0.0091425 0.000177541223007733
0.00915 0.000177506924564468
0.0091575 0.000177472597996207
0.009165 0.000177438243302951
0.0091725 0.0001774038604847
0.00918 0.000177369449541453
0.0091875 0.000177335010473212
0.009195 0.000177300543279974
0.0092025 0.000177266047961742
0.00921 0.000177231524518514
0.0092175 0.000177196972950291
0.009225 0.000177162393257073
0.0092325 0.000177127785438859
0.00924 0.00017709314949565
0.0092475 0.000177058485427445
0.009255 0.000177023793234245
0.0092625 0.00017698907291605
0.00927 0.000176954324472859
0.0092775 0.000176919547904673
0.009285 0.000176884743211491
0.0092925 0.000176849910393315
0.0093 0.000176815049450142
0.0093075 0.000176780160381974
0.009315 0.000176745243188811
0.0093225 0.000176710297870653
0.00933 0.000176675324427499
0.0093375 0.000176640322859349
0.009345 0.000176605293166204
0.0093525 0.000176570235348063
0.00936 0.000176535149404927
0.0093675 0.000176500035336796
0.009375 0.000176464893143669
0.0093825 0.000176429722825547
0.00939 0.000176394524382429
0.0093975 0.000176359297814315
0.009405 0.000176324043121206
0.0094125 0.000176288760303102
0.00942 0.000176253449360002
0.0094275 0.000176218110291906
0.009435 0.000176182743098815
0.0094425 0.000176147347780728
0.00945 0.000176111924337646
0.0094575 0.000176076472769568
0.009465 0.000176040993076495
0.0094725 0.000176005485258426
0.00948 0.000175969949315361
0.0094875 0.000175934385247301
0.009495 0.000175898793054245
0.0095025 0.000175863172736194
0.00951 0.000175827524293147
0.0095175 0.000175791847725104
0.009525 0.000175756143032066
0.0095325 0.000175720410214032
0.00954 0.000175684649271003
0.0095475 0.000175648860202977
0.009555 0.000175613043009956
0.0095625 0.00017557719769194
0.00957 0.000175541324248928
0.0095775 0.00017550542268092
0.009585 0.000175469492987916
0.0095925 0.000175433535169917
0.0096 0.000175397549226922
0.0096075 0.000175361535158931
0.009615 0.000175325492965945
0.0096225 0.000175289422647963
0.00963 0.000175253324204985
0.0096375 0.000175217197637011
0.009645 0.000175181042944042
0.0096525 0.000175144860126077
0.00966 0.000175108649183116
0.0096675 0.000175072410115159
0.009675 0.000175036142922207
0.0096825 0.000174999847604259
0.00969 0.000174963524161315
0.0096975 0.000174927172593375
0.009705 0.00017489079290044
0.0097125 0.000174854385082508
0.00972 0.000174817949139581
0.0097275 0.000174781485071658
0.009735 0.000174744992878739
0.0097425 0.000174708472560825
0.00975 0.000174671924117915
0.0097575 0.000174635347550008
0.009765 0.000174598742857106
0.0097725 0.000174562110039208
0.00978 0.000174525449096315
0.0097875 0.000174488760028425
0.009795 0.00017445204283554
0.0098025 0.000174415297517658
0.00981 0.000174378524074781
0.0098175 0.000174341722506908
0.009825 0.000174304892814039
0.0098325 0.000174268034996174
0.00984 0.000174231149053313
0.0098475 0.000174194234985456
0.009855 0.000174157292792604
0.0098625 0.000174120322474755
0.00987 0.00017408332403191
0.0098775 0.00017404629746407
0.009885 0.000174009242771233
0.0098925 0.000173972159953401
0.0099 0.000173935049010572
0.0099075 0.000173897909942748
0.009915 0.000173860742749928
0.0099225 0.000173823547432111
0.00993 0.000173786323989299
0.0099375 0.000173749072421491
0.009945 0.000173711792728686
0.0099525 0.000173674484910886
0.00996 0.00017363714896809
0.0099675 0.000173599784900297
0.009975 0.000173562392707509
0.0099825 0.000173524972389725
0.00999 0.000173487523946944
0.0099975 0.000173450047379168
0.010005 0.000173412542686395
0.0100125 0.000173375009868627
0.01002 0.000173337448925862
0.0100275 0.000173299859858102
0.010035 0.000173262242665345
0.0100425 0.000173224597347592
0.01005 0.000173186923904843
0.0100575 0.000173149222337098
0.010065 0.000173111492644357
0.0100725 0.00017307373482662
0.01008 0.000173035948883887
0.0100875 0.000172998134816157
0.010095 0.000172960292623432
0.0101025 0.00017292242230571
0.01011 0.000172884523862992
0.0101175 0.000172846597295278
0.010125 0.000172808642602568
0.0101325 0.000172770659784862
0.01014 0.00017273264884216
0.0101475 0.000172694609774462
0.010155 0.000172656542581767
0.0101625 0.000172618447264076
0.01017 0.000172580323821389
0.0101775 0.000172542172253706
0.010185 0.000172503992561027
0.0101925 0.000172465784743351
0.0102 0.00017242754880068
0.0102075 0.000172389284733012
0.010215 0.000172350992540348
0.0102225 0.000172312672222687
0.01023 0.000172274323780031
0.0102375 0.000172235947212378
0.010245 0.000172197542519729
0.0102525 0.000172159109702084
0.01026 0.000172120648759442
0.0102675 0.000172082159691805
0.010275 0.000172043642499171
0.0102825 0.000172005097181541
0.01029 0.000171966523738914
0.0102975 0.000171927922171292
0.010305 0.000171889292478673
0.0103125 0.000171850634661057
0.01032 0.000171811948718446
0.0103275 0.000171773234650838
0.010335 0.000171734492458234
0.0103425 0.000171695722140633
0.01035 0.000171656923698037
0.0103575 0.000171618097130444
0.010365 0.000171579242437854
0.0103725 0.000171540359620269
0.01038 0.000171501448677687
0.0103875 0.000171462509610109
0.010395 0.000171423542417534
0.0104025 0.000171384547099963
0.01041 0.000171345523657396
0.0104175 0.000171306472089832
0.010425 0.000171267392397272
0.0104325 0.000171228284579716
0.01044 0.000171189148637163
0.0104475 0.000171149984569614
0.010455 0.000171110792377069
0.0104625 0.000171071572059527
0.01047 0.000171032323616989
0.0104775 0.000170993047049454
0.010485 0.000170953742356923
0.0104925 0.000170914409539396
0.0105 0.000170875048596872
0.0105075 0.000170835659529352
0.010515 0.000170796242336835
0.0105225 0.000170756797019322
0.01053 0.000170717323576813
0.0105375 0.000170677822009307
0.010545 0.000170638292316805
0.0105525 0.000170598734499306
0.01056 0.000170559148556811
0.0105675 0.000170519534489319
0.010575 0.000170479892296831
0.0105825 0.000170440221979346
0.01059 0.000170400523536865
0.0105975 0.000170360796969388
0.010605 0.000170321042276914
0.0106125 0.000170281259459443
0.01062 0.000170241448516977
0.0106275 0.000170201609449513
0.010635 0.000170161742257053
0.0106425 0.000170121846939597
0.01065 0.000170081923497144
0.0106575 0.000170041971929694
0.010665 0.000170001992237248
0.0106725 0.000169961984419806
0.01068 0.000169921948477367
0.0106875 0.000169881884409931
0.010695 0.000169841792217499
0.0107025 0.00016980167190007
0.01071 0.000169761523457645
0.0107175 0.000169721346890223
0.010725 0.000169681142197805
0.0107325 0.00016964090938039
0.01074 0.000169600648437979
0.0107475 0.000169560359370571
0.010755 0.000169520042178166
0.0107625 0.000169479696860765
0.01077 0.000169439323418367
0.0107775 0.000169398921850972
0.010785 0.000169358492158581
0.0107925 0.000169318034341194
0.0108 0.00016927754839881
0.0108075 0.000169237034331429
0.010815 0.000169196492139051
0.0108225 0.000169155921821677
0.01083 0.000169115323379307
0.0108375 0.000169074696811939
0.010845 0.000169034042119576
0.0108525 0.000168993359302215
0.01086 0.000168952648359858
0.0108675 0.000168911909292504
0.010875 0.000168871142100153
0.0108825 0.000168830346782806
0.01089 0.000168789523340462
0.0108975 0.000168748671773122
0.010905 0.000168707792080785
0.0109125 0.000168666884263451
0.01092 0.000168625948321121
0.0109275 0.000168584984253793
0.010935 0.00016854399206147
0.0109425 0.000168502971744149
0.01095 0.000168461923301832
0.0109575 0.000168420846734518
0.010965 0.000168379742042207
0.0109725 0.0001683386092249
0.01098 0.000168297448282596
0.0109875 0.000168256259215295
0.010995 0.000168215042022997
0.0110025 0.000168173796705703
0.01101 0.000168132523263412
0.0110175 0.000168091221696125
0.011025 0.00016804989200384
0.0110325 0.000168008534186559
0.01104 0.000167967148244281
0.0110475 0.000167925734177006
0.011055 0.000167884291984735
0.0110625 0.000167842821667466
0.01107 0.000167801323225202
0.0110775 0.00016775979665794
0.011085 0.000167718241965681
0.0110925 0.000167676659148426
0.0111 0.000167635048206174
0.0111075 0.000167593409138925
0.011115 0.000167551741946679
0.0111225 0.000167510046629437
0.01113 0.000167468323187197
0.0111375 0.000167426571619961
0.011145 0.000167384791927728
0.0111525 0.000167342984110499
0.01116 0.000167301148168272
0.0111675 0.000167259284101049
0.011175 0.000167217391908829
0.0111825 0.000167175471591612
0.01119 0.000167133523149398
0.0111975 0.000167091546582187
0.011205 0.00016704954188998
0.0112125 0.000167007509072775
0.01122 0.000166965448130574
0.0112275 0.000166923359063376
0.011235 0.000166881241871181
0.0112425 0.000166839096553989
0.01125 0.000166796923111801
0.0112575 0.000166754721544615
0.011265 0.000166712491852433
0.0112725 0.000166670234035253
0.01128 0.000166627948093077
0.0112875 0.000166585634025904
0.011295 0.000166543291833734
0.0113025 0.000166500921516567
0.01131 0.000166458523074403
0.0113175 0.000166416096507243
0.011325 0.000166373641815085
0.0113325 0.00016633115899793
0.01134 0.000166288648055779
0.0113475 0.000166246108988631
0.011355 0.000166203541796485
0.0113625 0.000166160946479343
0.01137 0.000166118323037204
0.0113775 0.000166075671470068
0.011385 0.000166032991777935
0.0113925 0.000165990283960805
0.0114 0.000165947548018678
0.0114075 0.000165904783951554
0.011415 0.000165861991759433
0.0114225 0.000165819171442315
0.01143 0.0001657763230002
0.0114375 0.000165733446433089
0.011445 0.00016569054174098
0.0114525 0.000165647608923874
0.01146 0.000165604647981772
0.0114675 0.000165561658914672
0.011475 0.000165518641722575
0.0114825 0.000165475596405482
0.01149 0.000165432522963391
0.0114975 0.000165389421396303
0.011505 0.000165346291704219
0.0115125 0.000165303133887137
0.01152 0.000165259947945058
0.0115275 0.000165216733877982
0.011535 0.00016517349168591
0.0115425 0.00016513022136884
0.01155 0.000165086922926773
0.0115575 0.000165043596359709
0.011565 0.000165000241667648
0.0115725 0.00016495685885059
0.01158 0.000164913447908536
0.0115875 0.000164870008841484
0.011595 0.000164826541649435
0.0116025 0.000164783046332388
0.01161 0.000164739522890345
0.0116175 0.000164695971323305
0.011625 0.000164652391631268
0.0116325 0.000164608783814233
0.01164 0.000164565147872202
0.0116475 0.000164521483805173
0.011655 0.000164477791613148
0.0116625 0.000164434071296125
0.01167 0.000164390322854105
0.0116775 0.000164346546287088
0.011685 0.000164302741595074
0.0116925 0.000164258908778063
0.0117 0.000164215047836055
0.0117075 0.00016417115876905
0.011715 0.000164127241577047
0.0117225 0.000164083296260048
0.01173 0.000164039322818051
0.0117375 0.000163995321251057
0.011745 0.000163951291559067
0.0117525 0.000163907233742079
0.01176 0.000163863147800093
0.0117675 0.000163819033733111
0.011775 0.000163774891541132
0.0117825 0.000163730721224155
0.01179 0.000163686522782181
0.0117975 0.00016364229621521
0.011805 0.000163598041523242
0.0118125 0.000163553758706277
0.01182 0.000163509447764314
0.0118275 0.000163465108697355
0.011835 0.000163420741505398
0.0118425 0.000163376346188444
0.01185 0.000163331922746493
0.0118575 0.000163287471179544
0.011865 0.000163242991487599
0.0118725 0.000163198483670656
0.01188 0.000163153947728716
0.0118875 0.000163109383661779
0.011895 0.000163064791469845
0.0119025 0.000163020171152913
0.01191 0.000162975522710984
0.0119175 0.000162930846144058
0.011925 0.000162886141452135
0.0119325 0.000162841408635215
0.01194 0.000162796647693297
0.0119475 0.000162751858626382
0.011955 0.00016270704143447
0.0119625 0.000162662196117561
0.01197 0.000162617322675654
0.0119775 0.00016257242110875
0.011985 0.000162527491416849
0.0119925 0.000162482533599951
0.012 0.000162437547658056
0.0120075 0.000162392533591163
0.012015 0.000162347491399273
0.0120225 0.000162302421082386
0.01203 0.000162257322640501
0.0120375 0.000162212196073619
0.012045 0.00016216704138174
0.0120525 0.000162121858564864
0.01206 0.00016207664762299
0.0120675 0.000162031408556119
0.012075 0.000161986141364251
0.0120825 0.000161940846047386
0.01209 0.000161895522605523
0.0120975 0.000161850171038663
0.012105 0.000161804791346805
0.0121125 0.000161759383529951
0.01212 0.000161713947588099
0.0121275 0.000161668483521249
0.012135 0.000161622991329403
0.0121425 0.000161577471012559
0.01215 0.000161531922570718
0.0121575 0.000161486346003879
0.012165 0.000161440741312043
0.0121725 0.00016139510849521
0.01218 0.00016134944755338
0.0121875 0.000161303758486552
0.012195 0.000161258041294726
0.0122025 0.000161212295977904
0.01221 0.000161166522536084
0.0122175 0.000161120720969267
0.012225 0.000161074891277452
0.0122325 0.00016102903346064
0.01224 0.000160983147518831
0.0122475 0.000160937233452024
0.012255 0.00016089129126022
0.0122625 0.000160845320943419
0.01227 0.00016079932250162
0.0122775 0.000160753295934824
0.012285 0.000160707241243031
0.0122925 0.00016066115842624
0.0123 0.000160615047484451
0.0123075 0.000160568908417666
0.012315 0.000160522741225883
0.0123225 0.000160476545909102
0.01233 0.000160430322467325
0.0123375 0.000160384070900549
0.012345 0.000160337791208777
0.0123525 0.000160291483392007
0.01236 0.000160245147450239
0.0123675 0.000160198783383475
0.012375 0.000160152391191712
0.0123825 0.000160105970874953
0.01239 0.000160059522433196
0.0123975 0.000160013045866441
0.012405 0.000159966541174689
0.0124125 0.00015992000835794
0.01242 0.000159873447416193
0.0124275 0.000159826858349449
0.012435 0.000159780241157707
0.0124425 0.000159733595840968
0.01245 0.000159686922399232
0.0124575 0.000159640220832498
0.012465 0.000159593491140766
0.0124725 0.000159546733324037
0.01248 0.000159499947382311
0.0124875 0.000159453133315587
0.012495 0.000159406291123866
0.0125025 0.000159359420807147
0.01251 0.000159312522365431
0.0125175 0.000159265595798717
0.012525 0.000159218641107006
0.0125325 0.000159171658290297
0.01254 0.000159124647348591
0.0125475 0.000159077608281888
0.012555 0.000159030541090186
0.0125625 0.000158983445773488
0.01257 0.000158936322331792
0.0125775 0.000158889170765098
0.012585 0.000158841991073407
0.0125925 0.000158794783256718
0.0126 0.000158747547315032
0.0126075 0.000158700283248349
0.012615 0.000158652991056667
0.0126225 0.000158605670739989
0.01263 0.000158558322298312
0.0126375 0.000158510945731639
0.012645 0.000158463541039967
0.0126525 0.000158416108223299
0.01266 0.000158368647281632
0.0126675 0.000158321158214968
0.012675 0.000158273641023307
0.0126825 0.000158226095706648
0.01269 0.000158178522264992
0.0126975 0.000158130920698337
0.012705 0.000158083291006686
0.0127125 0.000158035633190037
0.01272 0.00015798794724839
0.0127275 0.000157940233181746
0.012735 0.000157892490990104
0.0127425 0.000157844720673465
0.01275 0.000157796922231828
0.0127575 0.000157749095665194
0.012765 0.000157701240973562
0.0127725 0.000157653358156932
0.01278 0.000157605447215305
0.0127875 0.00015755750814868
0.012795 0.000157509540957058
0.0128025 0.000157461545640438
0.01281 0.000157413522198821
0.0128175 0.000157365470632206
0.012825 0.000157317390940593
0.0128325 0.000157269283123983
0.01284 0.000157221147182375
0.0128475 0.000157172983115769
0.012855 0.000157124790924166
0.0128625 0.000157076570607566
0.01287 0.000157028322165968
0.0128775 0.000156980045599372
0.012885 0.000156931740907778
0.0128925 0.000156883408091187
0.0129 0.000156835047149598
0.0129075 0.000156786658083012
0.012915 0.000156738240891428
0.0129225 0.000156689795574847
0.01293 0.000156641322133267
0.0129375 0.000156592820566691
0.012945 0.000156544290875116
0.0129525 0.000156495733058544
0.01296 0.000156447147116974
0.0129675 0.000156398533050407
0.012975 0.000156349890858842
0.0129825 0.000156301220542279
0.01299 0.000156252522100719
0.0129975 0.000156203795534161
0.013005 0.000156155040842605
0.0130125 0.000156106258026052
0.01302 0.000156057447084501
0.0130275 0.000156008608017952
0.013035 0.000155959740826406
0.0130425 0.000155910845509862
0.01305 0.00015586192206832
0.0130575 0.000155812970501781
0.013065 0.000155763990810244
0.0130725 0.000155714982993709
0.01308 0.000155665947052177
0.0130875 0.000155616882985647
0.013095 0.000155567790794119
0.0131025 0.000155518670477593
0.01311 0.00015546952203607
0.0131175 0.000155420345469549
0.013125 0.00015537114077803
0.0131325 0.000155321907961514
0.01314 0.00015527264702
0.0131475 0.000155223357953489
0.013155 0.000155174040761979
0.0131625 0.000155124695445472
0.01317 0.000155075322003967
0.0131775 0.000155025920437465
0.013185 0.000154976490745964
0.0131925 0.000154927032929466
0.0132 0.00015487754698797
0.0132075 0.000154828032921477
0.013215 0.000154778490729986
0.0132225 0.000154728920413497
0.01323 0.00015467932197201
0.0132375 0.000154629695405526
0.013245 0.000154580040714044
0.0132525 0.000154530357897564
0.01326 0.000154480646956086
0.0132675 0.000154430907889611
0.013275 0.000154381140698137
0.0132825 0.000154331345381666
0.01329 0.000154281521940198
0.0132975 0.000154231670373731
0.013305 0.000154181790682267
0.0133125 0.000154131882865805
0.01332 0.000154081946924345
0.0133275 0.000154031982857888
0.013335 0.000153981990666433
0.0133425 0.000153931970349979
0.01335 0.000153881921908529
0.0133575 0.00015383184534208
0.013365 0.000153781740650634
0.0133725 0.000153731607834189
0.01338 0.000153681446892747
0.0133875 0.000153631257826308
0.013395 0.00015358104063487
0.0134025 0.000153530795318435
0.01341 0.000153480521877001
0.0134175 0.000153430220310571
0.013425 0.000153379890619142
0.0134325 0.000153329532802715
0.01344 0.000153279146861291
0.0134475 0.000153228732794869
0.013455 0.000153178290603449
0.0134625 0.000153127820287031
0.01347 0.000153077321845615
0.0134775 0.000153026795279202
0.013485 0.000152976240587791
0.0134925 0.000152925657771381
0.0135 0.000152875046829975
0.0135075 0.00015282440776357
0.013515 0.000152773740572167
0.0135225 0.000152723045255767
0.01353 0.000152672321814369
0.0135375 0.000152621570247972
0.013545 0.000152570790556579
0.0135525 0.000152519982740187
0.01356 0.000152469146798797
0.0135675 0.00015241828273241
0.013575 0.000152367390541024
0.0135825 0.000152316470224641
0.01359 0.00015226552178326
0.0135975 0.000152214545216881
0.013605 0.000152163540525505
0.0136125 0.00015211250770913
0.01362 0.000152061446767758
0.0136275 0.000152010357701387
0.013635 0.000151959240510019
0.0136425 0.000151908095193653
0.01365 0.000151856921752289
0.0136575 0.000151805720185927
0.013665 0.000151754490494567
0.0136725 0.00015170323267821
0.01368 0.000151651946736854
0.0136875 0.000151600632670501
0.013695 0.00015154929047915
0.0137025 0.0001514979201628
0.01371 0.000151446521721453
0.0137175 0.000151395095155108
0.013725 0.000151343640463765
0.0137325 0.000151292157647425
0.01374 0.000151240646706086
0.0137475 0.000151189107639749
0.013755 0.000151137540448415
0.0137625 0.000151085945132082
0.01377 0.000151034321690752
0.0137775 0.000150982670124424
0.013785 0.000150930990433098
0.0137925 0.000150879282616774
0.0138 0.000150827546675452
0.0138075 0.000150775782609132
0.013815 0.000150723990417814
0.0138225 0.000150672170101498
0.01383 0.000150620321660184
0.0138375 0.000150568445093873
0.013845 0.000150516540402563
0.0138525 0.000150464607586256
0.01386 0.00015041264664495
0.0138675 0.000150360657578647
0.013875 0.000150308640387346
0.0138825 0.000150256595071046
0.01389 0.000150204521629749
0.0138975 0.000150152420063454
0.013905 0.000150100290372161
0.0139125 0.00015004813255587
0.01392 0.000149995946614581
0.0139275 0.000149943732548294
0.013935 0.000149891490357009
0.0139425 0.000149839220040726
0.01395 0.000149786921599445
0.0139575 0.000149734595033167
0.013965 0.00014968224034189
0.0139725 0.000149629857525615
0.01398 0.000149577446584342
0.0139875 0.000149525007518072
0.013995 0.000149472540326803
0.0140025 0.000149420045010536
0.01401 0.000149367521569272
0.0140175 0.000149314970003009
0.014025 0.000149262390311749
0.0140325 0.00014920978249549
0.01404 0.000149157146554234
0.0140475 0.000149104482487979
0.014055 0.000149051790296727
0.0140625 0.000148999069980476
0.01407 0.000148946321539227
0.0140775 0.000148893544972981
0.014085 0.000148840740281736
0.0140925 0.000148787907465494
0.0141 0.000148735046524253
0.0141075 0.000148682157458015
0.014115 0.000148629240266778
0.0141225 0.000148576294950544
0.01413 0.000148523321509311
0.0141375 0.00014847031994308
0.014145 0.000148417290251852
0.0141525 0.000148364232435625
0.01416 0.0001483111464944
0.0141675 0.000148258032428178
0.014175 0.000148204890236957
0.0141825 0.000148151719920738
0.01419 0.000148098521479521
0.0141975 0.000148045294913306
0.014205 0.000147992040222093
0.0142125 0.000147938757405882
0.01422 0.000147885446464674
0.0142275 0.000147832107398467
0.014235 0.000147778740207261
0.0142425 0.000147725344891058
0.01425 0.000147671921449857
0.0142575 0.000147618469883658
0.014265 0.000147564990192461
0.0142725 0.000147511482376265
0.01428 0.000147457946435072
0.0142875 0.000147404382368881
0.014295 0.000147350790177691
0.0143025 0.000147297169861503
0.01431 0.000147243521420318
0.0143175 0.000147189844854134
0.014325 0.000147136140162952
0.0143325 0.000147082407346772
0.01434 0.000147028646405595
0.0143475 0.000146974857339419
0.014355 0.000146921040148245
0.0143625 0.000146867194832072
0.01437 0.000146813321390902
0.0143775 0.000146759419824734
0.014385 0.000146705490133567
0.0143925 0.000146651532317403
0.0144 0.00014659754637624
0.0144075 0.000146543532310079
0.014415 0.000146489490118921
0.0144225 0.000146435419802764
0.01443 0.000146381321361609
0.0144375 0.000146327194795456
0.014445 0.000146273040104304
0.0144525 0.000146218857288155
0.01446 0.000146164646347008
0.0144675 0.000146110407280862
0.014475 0.000146056140089719
0.0144825 0.000146001844773577
0.01449 0.000145947521332437
0.0144975 0.000145893169766299
0.014505 0.000145838790075163
0.0145125 0.000145784382259028
0.01452 0.000145729946317896
0.0145275 0.000145675482251766
0.014535 0.000145620990060637
0.0145425 0.00014556646974451
0.01455 0.000145511921303385
0.0145575 0.000145457344737262
0.014565 0.000145402740046141
0.0145725 0.000145348107230022
0.01458 0.000145293446288904
0.0145875 0.000145238757222789
0.014595 0.000145184040031675
0.0146025 0.000145129294715563
0.01461 0.000145074521274453
0.0146175 0.000145019719708345
0.014625 0.000144964890017239
0.0146325 0.000144910032201134
0.01464 0.000144855146260032
0.0146475 0.000144800232193931
0.014655 0.000144745290002832
0.0146625 0.000144690319686735
0.01467 0.00014463532124564
0.0146775 0.000144580294679546
0.014685 0.000144525239988455
0.0146925 0.000144470157172365
0.0147 0.000144415046231277
0.0147075 0.000144359907165191
0.014715 0.000144304739974107
0.0147225 0.000144249544658025
0.01473 0.000144194321216944
0.0147375 0.000144139069650866
0.014745 0.000144083789959789
0.0147525 0.000144028482143714
0.01476 0.00014397314620264
0.0147675 0.000143917782136569
0.014775 0.000143862389945499
0.0147825 0.000143806969629432
0.01479 0.000143751521188365
0.0147975 0.000143696044622301
0.014805 0.000143640539931239
0.0148125 0.000143585007115178
0.01482 0.00014352944617412
0.0148275 0.000143473857108063
0.014835 0.000143418239917007
0.0148425 0.000143362594600954
0.01485 0.000143306921159902
0.0148575 0.000143251219593853
0.014865 0.000143195489902805
0.0148725 0.000143139732086758
0.01488 0.000143083946145714
0.0148875 0.000143028132079671
0.014895 0.000142972289888631
0.0149025 0.000142916419572592
0.01491 0.000142860521131554
0.0149175 0.000142804594565519
0.014925 0.000142748639874485
0.0149325 0.000142692657058453
0.01494 0.000142636646117423
0.0149475 0.000142580607051394
0.014955 0.000142524539860368
0.0149625 0.000142468444544343
0.01497 0.00014241232110332
0.0149775 0.000142356169537298
0.014985 0.000142299989846279
0.0149925 0.000142243782030261
0.015 0.000142187546089245
0.015035 0.000142121844437527
0.01507 0.000142055989661016
0.015105 0.000141989981759712
0.01514 0.000141923820733613
0.015175 0.000141857506582718
0.01521 0.000141791039307028
0.015245 0.00014172441890654
0.01528 0.000141657645381254
0.015315 0.000141590718731169
0.01535 0.000141523638956283
0.015385 0.000141456406056597
0.01542 0.000141389020032109
0.015455 0.000141321480882818
0.01549 0.000141253788608723
0.015525 0.000141185943209824
0.01556 0.000141117944686119
0.015595 0.000141049793037608
0.01563 0.00014098148826429
0.015665 0.000140913030366164
0.0157 0.000140844419343229
0.015735 0.000140775655195484
0.01577 0.000140706737922928
0.015805 0.000140637667525561
0.01584 0.000140568444003382
0.015875 0.00014049906735639
0.01591 0.000140429537584584
0.015945 0.000140359854687963
0.01598 0.000140290018666526
0.016015 0.000140220029520273
0.01605 0.000140149887249203
0.016085 0.000140079591853315
0.01612 0.000140009143332609
0.016155 0.000139938541687082
0.01619 0.000139867786916736
0.016225 0.000139796879021568
0.01626 0.000139725818001578
0.016295 0.000139654603856766
0.01633 0.000139583236587131
0.016365 0.000139511716192671
0.0164 0.000139440042673386
0.016435 0.000139368216029276
0.01647 0.000139296236260339
0.016505 0.000139224103366576
0.01654 0.000139151817347984
0.016575 0.000139079378204564
0.01661 0.000139006785936314
0.016645 0.000138934040543235
0.01668 0.000138861142025324
0.016715 0.000138788090382582
0.01675 0.000138714885615009
0.016785 0.000138641527722602
0.01682 0.000138568016705361
0.016855 0.000138494352563287
0.01689 0.000138420535296377
0.016925 0.000138346564904632
0.01696 0.000138272441388051
0.016995 0.000138198164746632
0.01703 0.000138123734980376
0.017065 0.000138049152089282
0.0171 0.000137974416073349
0.017135 0.000137899526932576
0.01717 0.000137824484666963
0.017205 0.000137749289276509
0.01724 0.000137673940761213
0.017275 0.000137598439121075
0.01731 0.000137522784356094
0.017345 0.00013744697646627
0.01738 0.000137371015451601
0.017415 0.000137294901312088
0.01745 0.00013721863404773
0.017485 0.000137142213658525
0.01752 0.000137065640144474
0.017555 0.000136988913505576
0.01759 0.000136912033741829
0.017625 0.000136835000853235
0.01766 0.000136757814839791
0.017695 0.000136680475701498
0.01773 0.000136602983438354
0.017765 0.00013652533805036
0.0178 0.000136447539537514
0.017835 0.000136369587899816
0.01787 0.000136291483137266
0.017905 0.000136213225249862
0.01794 0.000136134814237605
0.017975 0.000136056250100493
0.01801 0.000135977532838527
0.018045 0.000135898662451705
0.01808 0.000135819638940027
0.018115 0.000135740462303493
0.01815 0.000135661132542102
0.018185 0.000135581649655853
0.01822 0.000135502013644745
0.018255 0.000135422224508779
0.01829 0.000135342282247954
0.018325 0.000135262186862269
0.01836 0.000135181938351723
0.018395 0.000135101536716317
0.01843 0.000135020981956049
0.018465 0.00013494027407092
0.0185 0.000134859413060928
0.018535 0.000134778398926072
0.01857 0.000134697231666354
0.018605 0.000134615911281771
0.01864 0.000134534437772324
0.018675 0.000134452811138012
0.01871 0.000134371031378834
0.018745 0.00013428909849479
0.01878 0.00013420701248588
0.018815 0.000134124773352103
0.01885 0.000134042381093458
0.018885 0.000133959835709945
0.01892 0.000133877137201564
0.018955 0.000133794285568313
0.01899 0.000133711280810193
0.019025 0.000133628122927204
0.01906 0.000133544811919343
0.019095 0.000133461347786612
0.01913 0.00013337773052901
0.019165 0.000133293960146535
0.0192 0.000133210036639188
0.019235 0.000133125960006969
0.01927 0.000133041730249876
0.019305 0.00013295734736791
0.01934 0.000132872811361069
0.019375 0.000132788122229354
0.01941 0.000132703279972763
0.019445 0.000132618284591298
0.01948 0.000132533136084956
0.019515 0.000132447834453737
0.01955 0.000132362379697642
0.019585 0.00013227677181667
0.01962 0.00013219101081082
0.019655 0.000132105096680091
0.01969 0.000132019029424484
0.019725 0.000131932809043998
0.01976 0.000131846435538633
0.019795 0.000131759908908387
0.01983 0.000131673229153262
0.019865 0.000131586396273255
0.0199 0.000131499410268368
0.019935 0.000131412271138599
0.01997 0.000131324978883947
0.020005 0.000131237533504414
0.02004 0.000131149934999997
0.020075 0.000131062183370698
0.02011 0.000130974278616514
0.020145 0.000130886220737447
0.02018 0.000130798009733495
0.020215 0.000130709645604658
0.02025 0.000130621128350937
0.020285 0.000130532457972329
0.02032 0.000130443634468835
0.020355 0.000130354657840455
0.02039 0.000130265528087188
0.020425 0.000130176245209034
0.02046 0.000130086809205993
0.020495 0.000129997220078063
0.02053 0.000129907477825245
0.020565 0.000129817582447538
0.0206 0.000129727533944942
0.020635 0.000129637332317457
0.02067 0.000129546977565082
0.020705 0.000129456469687816
0.02074 0.00012936580868566
0.020775 0.000129274994558613
0.02081 0.000129184027306675
0.020845 0.000129092906929845
0.02088 0.000129001633428122
0.020915 0.000128910206801508
0.02095 0.00012881862705
0.020985 0.0001287268941736
0.02102 0.000128635008172305
0.021055 0.000128542969046117
0.02109 0.000128450776795035
0.021125 0.000128358431419058
0.02116 0.000128265932918187
0.021195 0.00012817328129242
0.02123 0.000128080476541757
0.021265 0.000127987518666199
0.0213 0.000127894407665744
0.021335 0.000127801143540392
0.02137 0.000127707726290144
0.021405 0.000127614155914998
0.02144 0.000127520432414955
0.021475 0.000127426555790014
0.02151 0.000127332526040174
0.021545 0.000127238343165436
0.02158 0.000127144007165798
0.021615 0.000127049518041262
0.02165 0.000126954875791825
0.021685 0.000126860080417489
0.02172 0.000126765131918253
0.021755 0.000126670030294116
0.02179 0.000126574775545078
0.021825 0.000126479367671138
0.02186 0.000126383806672298
0.021895 0.000126288092548555
0.02193 0.00012619222529991
0.021965 0.000126096204926363
0.022 0.000126000031427913
0.022035 0.000125903704804559
0.02207 0.000125807225056303
0.022105 0.000125710592183142
0.02214 0.000125613806185078
0.022175 0.000125516867062109
0.02221 0.000125419774814236
0.022245 0.000125322529441458
0.02228 0.000125225130943774
0.022315 0.000125127579321185
0.02235 0.00012502987457369
0.022385 0.000124932016701289
0.02242 0.000124834005703982
0.022455 0.000124735841581768
0.02249 0.000124637524334647
0.022525 0.000124539053962618
0.02256 0.000124440430465682
0.022595 0.000124341653843838
0.02263 0.000124242724097086
0.022665 0.000124143641225426
0.0227 0.000124044405228857
0.022735 0.000123945016107378
0.02277 0.000123845473860991
0.022805 0.000123745778489694
0.02284 0.000123645929993487
0.022875 0.00012354592837237
0.02291 0.000123445773626343
0.022945 0.000123345465755405
0.02298 0.000123245004759556
0.023015 0.000123144390638796
0.02305 0.000123043623393125
0.023085 0.000122942703022541
0.02312 0.000122841629527046
0.023155 0.000122740402906639
0.02319 0.000122639023161319
0.023225 0.000122537490291086
0.02326 0.00012243580429594
0.023295 0.00012233396517588
0.02333 0.000122231972930908
0.023365 0.000122129827561021
0.0234 0.00012202752906622
0.023435 0.000121925077446505
0.02347 0.000121822472701875
0.023505 0.000121719714832331
0.02354 0.000121616803837871
0.023575 0.000121513739718496
0.02361 0.000121410522474205
0.023645 0.000121307152104999
0.02368 0.000121203628610876
0.023715 0.000121099951991837
0.02375 0.000120996122247881
0.023785 0.000120892139379008
0.02382 0.000120788003385219
0.023855 0.000120683714266512
0.02389 0.000120579272022887
0.023925 0.000120474676654345
0.02396 0.000120369928160884
0.023995 0.000120265026542505
0.02403 0.000120159971799208
0.024065 0.000120054763930992
0.0241 0.000119949402937856
0.024135 0.000119843888819802
0.02417 0.000119738221576828
0.024205 0.000119632401208934
0.02424 0.000119526427716121
0.024275 0.000119420301098387
0.02431 0.000119314021355732
0.024345 0.000119207588488157
0.02438 0.000119101002495662
0.024415 0.000118994263378245
0.02445 0.000118887371135906
0.024485 0.000118780325768646
0.02452 0.000118673127276465
0.024555 0.000118565775659361
0.02459 0.000118458270917335
0.024625 0.000118350613050387
0.02466 0.000118242802058516
0.024695 0.000118134837941722
0.02473 0.000118026720700005
0.024765 0.000117918450333365
0.0248 0.000117810026841801
0.024835 0.000117701450225314
0.02487 0.000117592720483902
0.024905 0.000117483837617567
0.02494 0.000117374801626306
0.024975 0.000117265612510122
0.02501 0.000117156270269012
0.025045 0.000117046774902978
0.02508 0.000116937126412018
0.025115 0.000116827324796133
0.02515 0.000116717370055322
0.025185 0.000116607262189585
0.02522 0.000116497001198922
0.025255 0.000116386587083333
0.02529 0.000116276019842818
0.025325 0.000116165299477375
0.02536 0.000116054425987006
0.025395 0.00011594339937171
0.02543 0.000115832219631486
0.025465 0.000115720886766335
0.0255 0.000115609400776257
0.025535 0.00011549776166125
0.02557 0.000115385969421316
0.025605 0.000115274024056453
0.02564 0.000115161925566661
0.025675 0.000115049673951941
0.02571 0.000114937269212292
0.025745 0.000114824711347714
0.02578 0.000114712000358207
0.025815 0.00011459913624377
0.02585 0.000114486119004404
0.025885 0.000114372948640108
0.02592 0.000114259625150882
0.025955 0.000114146148536725
0.02599 0.000114032518797638
0.026025 0.000113918735933621
0.02606 0.000113804799944673
0.026095 0.000113690710830794
0.02613 0.000113576468591984
0.026165 0.000113462073228242
0.0262 0.000113347524739569
0.026235 0.000113232823125965
0.02627 0.000113117968387428
0.026305 0.000113002960523959
0.02634 0.000112887799535559
0.026375 0.000112772485422225
0.02641 0.00011265701818396
0.026445 0.000112541397820761
0.02648 0.000112425624332629
0.026515 0.000112309697719565
0.02655 0.000112193617981567
0.026585 0.000112077385118635
0.02662 0.00011196099913077
0.026655 0.000111844460017971
0.02669 0.000111727767780239
0.026725 0.000111610922417571
0.02676 0.00011149392392997
0.026795 0.000111376772317434
0.02683 0.000111259467579964
0.026865 0.000111142009717558
0.0269 0.000111024398730218
0.026935 0.000110906634617942
0.02697 0.000110788717380731
0.027005 0.000110670647018584
0.02704 0.000110552423531502
0.027075 0.000110434046919484
0.02711 0.00011031551718253
0.027145 0.000110196834320639
0.02718 0.000110077998333813
0.027215 0.00010995900922205
0.02725 0.00010983986698535
0.027285 0.000109720571623713
0.02732 0.000109601123137139
0.027355 0.000109481521525628
0.02739 0.00010936176678918
0.027425 0.000109241858927794
0.02746 0.000109121797941471
0.027495 0.00010900158383021
0.02753 0.000108881216594011
0.027565 0.000108760696232873
0.0276 0.000108640022746798
0.027635 0.000108519196135784
0.02767 0.000108398216399831
0.027705 0.00010827708353894
0.02774 0.000108155797553109
0.027775 0.00010803435844234
0.02781 0.000107912766206632
0.027845 0.000107791020845984
0.02788 0.000107669122360396
0.027915 0.000107547070749869
0.02795 0.000107424866014402
0.027985 0.000107302508153995
0.02802 0.000107179997168648
0.028055 0.000107057333058361
0.02809 0.000106934515823133
0.028125 0.000106811545462965
0.02816 0.000106688421977856
0.028195 0.000106565145367806
0.02823 0.000106441715632815
0.028265 0.000106318132772883
0.0283 0.00010619439678801
0.028335 0.000106070507678195
0.02837 0.000105946465443439
0.028405 0.000105822270083741
0.02844 0.000105697921599101
0.028475 0.000105573419989519
0.02851 0.000105448765254994
0.028545 0.000105323957395528
0.02858 0.000105198996411119
0.028615 0.000105073882301767
0.02865 0.000104948615067473
0.028685 0.000104823194708236
0.02872 0.000104697621224056
0.028755 0.000104571894614933
0.02879 0.000104446014880866
0.028825 0.000104319982021856
0.02886 0.000104193796037902
0.028895 0.000104067456929005
0.02893 0.000103940964695164
0.028965 0.000103814319336379
0.029 0.00010368752085265
0.029035 0.000103560569243977
0.02907 0.000103433464510359
0.029105 0.000103306206651797
0.02914 0.00010317879566829
0.029175 0.000103051231559838
0.02921 0.000102923514326441
0.029245 0.0001027956439681
0.02928 0.000102667620484813
0.029315 0.000102539443876581
0.02935 0.000102411114143403
0.029385 0.00010228263128528
0.02942 0.000102153995302212
0.029455 0.000102025206194197
0.02949 0.000101896263961236
0.029525 0.00010176716860333
0.02956 0.000101637920120477
0.029595 0.000101508518512678
0.02963 0.000101378963779932
0.029665 0.00010124925592224
0.0297 0.000101119394939601
0.029735 0.000100989380832015
0.02977 0.000100859213599483
0.029805 0.000100728893242003
0.02984 0.000100598419759576
0.029875 0.000100467793152202
0.02991 0.00010033701341988
0.029945 0.00010020608056261
0.02998 0.000100074994580393
0.030015 9.99437554732284e-05
0.03005 9.98123632411155e-05
0.030085 9.96808178840546e-05
0.03012 9.95491194020455e-05
0.030155 9.94172677950881e-05
0.03019 9.92852630631822e-05
0.030225 9.91531052063279e-05
0.03026 9.90207942245248e-05
0.030295 9.88883301177729e-05
0.03033 9.87557128860722e-05
0.030365 9.86229425294224e-05
0.0304 9.84900190478235e-05
0.030435 9.83569424412753e-05
0.03047 9.82237127097778e-05
0.030505 9.80903298533307e-05
0.03054 9.79567938719341e-05
0.030575 9.78231047655877e-05
0.03061 9.76892625342915e-05
0.030645 9.75552671780454e-05
0.03068 9.74211186968491e-05
0.030715 9.72868170907027e-05
0.03075 9.7152362359606e-05
0.030785 9.70177545035589e-05
0.03082 9.68829935225613e-05
0.030855 9.6748079416613e-05
0.03089 9.6613012185714e-05
0.030925 9.64777918298641e-05
0.03096 9.63424183490633e-05
0.030995 9.62068917433113e-05
0.03103 9.60712120126083e-05
0.031065 9.59353791569539e-05
0.0311 9.57993931763481e-05
0.031135 9.56632540707908e-05
0.03117 9.55269618402819e-05
0.031205 9.53905164848212e-05
0.03124 9.52539180044087e-05
0.031275 9.51171663990442e-05
0.03131 9.49802616687277e-05
0.031345 9.48432038134591e-05
0.03138 9.47059928332381e-05
0.031415 9.45686287280648e-05
0.03145 9.4431111497939e-05
0.031485 9.42934411428606e-05
0.03152 9.41556176628294e-05
0.031555 9.40176410578456e-05
0.03159 9.38795113279088e-05
0.031625 9.3741228473019e-05
0.03166 9.3602792493176e-05
0.031695 9.34642033883799e-05
0.03173 9.33254611586304e-05
0.031765 9.31865658039275e-05
0.0318 9.30475173242711e-05
0.031835 9.29083157196611e-05
0.03187 9.27689609900974e-05
0.031905 9.26294531355798e-05
0.03194 9.24897921561083e-05
0.031975 9.23499780516827e-05
0.03201 9.22100108223031e-05
0.032045 9.20698904679692e-05
0.03208 9.1929616988681e-05
0.032115 9.17891903844384e-05
0.03215 9.16486106552412e-05
0.032185 9.15078778010894e-05
0.03222 9.1366991821983e-05
0.032255 9.12259527179216e-05
0.03229 9.10847604889054e-05
0.032325 9.09434151349341e-05
0.03236 9.08019166560078e-05
0.032395 9.06602650521262e-05
0.03243 9.05184603232893e-05
0.032465 9.0376502469497e-05
0.0325 9.02343914907493e-05
0.032535 9.00921273870459e-05
0.03257 8.99497101583868e-05
0.032605 8.9807139804772e-05
0.03264 8.96644163262012e-05
0.032675 8.95215397226745e-05
0.03271 8.93785099941917e-05
0.032745 8.92353271407528e-05
0.03278 8.90919911623575e-05
0.032815 8.8948502059006e-05
0.03285 8.88048598306979e-05
0.032885 8.86610644774334e-05
0.03292 8.85171159992122e-05
0.032955 8.83730143960344e-05
0.03299 8.82287596678996e-05
0.033025 8.8084351814808e-05
0.03306 8.79397908367594e-05
0.033095 8.77950767337537e-05
0.03313 8.76502095057909e-05
0.033165 8.75051891528707e-05
0.0332 8.73600156749932e-05
0.033235 8.72146890721583e-05
0.03327 8.70692093443658e-05
0.033305 8.69235764916157e-05
0.03334 8.67777905139078e-05
0.033375 8.66318514112422e-05
0.03341 8.64857591836187e-05
0.033445 8.63395138310371e-05
0.03348 8.61931153534975e-05
0.033515 8.60465637509997e-05
0.03355 8.58998590235437e-05
0.033585 8.57530011711293e-05
0.03362 8.56059901937565e-05
0.033655 8.54588260914252e-05
0.03369 8.53115088641353e-05
0.033725 8.51640385118867e-05
0.03376 8.50164150346794e-05
0.033795 8.48686384325132e-05
0.03383 8.47207087053881e-05
0.033865 8.4572625853304e-05
0.0339 8.44243898762608e-05
0.033935 8.42760007742583e-05
0.03397 8.41274585472967e-05
0.034005 8.39787631953756e-05
0.03404 8.38299147184951e-05
0.034075 8.36809131166551e-05
0.03411 8.35317583898554e-05
0.034145 8.33824505380961e-05
0.03418 8.32329895613769e-05
0.034215 8.30833754596979e-05
0.03425 8.2933608233059e-05
0.034285 8.278368788146e-05
0.03432 8.26336144049009e-05
0.034355 8.24833878033817e-05
0.03439 8.23330080769021e-05
0.034425 8.21824752254623e-05
0.03446 8.2031789249062e-05
0.034495 8.18809501477012e-05
0.03453 8.17299579213798e-05
0.034565 8.15788125700978e-05
0.0346 8.14275140938549e-05
0.034635 8.12760624926513e-05
0.03467 8.11244577664868e-05
0.034705 8.09726999153613e-05
0.03474 8.08207889392747e-05
0.034775 8.06687248382269e-05
0.03481 8.0516507612218e-05
0.034845 8.03641372612477e-05
0.03488 8.02116137853161e-05
0.034915 8.0058937184423e-05
0.03495 7.99061074585684e-05
0.034985 7.97531246077522e-05
0.03502 7.95999886319742e-05
0.035055 7.94466995312346e-05
0.03509 7.9293257305533e-05
0.035125 7.91396619548696e-05
0.03516 7.89859134792442e-05
0.035195 7.88320118786567e-05
0.03523 7.86779571531071e-05
0.035265 7.85237493025952e-05
0.0353 7.8369388327121e-05
0.035335 7.82148742266845e-05
0.03537 7.80602070012855e-05
0.035405 7.7905386650924e-05
0.03544 7.77504131755999e-05
0.035475 7.75952865753131e-05
0.03551 7.74400068500636e-05
0.035545 7.72845739998513e-05
0.03558 7.7128988024676e-05
0.035615 7.69732489245378e-05
0.03565 7.68173566994366e-05
0.035685 7.66613113493722e-05
0.03572 7.65051128743447e-05
0.035755 7.63487612743539e-05
0.03579 7.61922565493997e-05
0.035825 7.60355986994822e-05
0.03586 7.58787877246012e-05
0.035895 7.57218236247567e-05
0.03593 7.55647063999487e-05
0.035965 7.54074360501769e-05
0.036 7.52500125754414e-05
0.036035 7.50924359757422e-05
0.03607 7.4934706251079e-05
0.036105 7.47768234014519e-05
0.03614 7.46187874268608e-05
0.036175 7.44605983273055e-05
0.03621 7.4302256102786e-05
0.036245 7.41437607533023e-05
0.03628 7.39851122788543e-05
0.036315 7.38263106794419e-05
0.03635 7.3667355955065e-05
0.036385 7.35082481057236e-05
0.03642 7.33489871314176e-05
0.036455 7.31895730321469e-05
0.03649 7.30300058079115e-05
0.036525 7.28702854587113e-05
0.03656 7.27104119845463e-05
0.036595 7.25503853854163e-05
0.03663 7.23902056613213e-05
0.036665 7.22298728122613e-05
0.0367 7.20693868382361e-05
0.036735 7.19087477392457e-05
0.03677 7.17479555152901e-05
0.036805 7.15870101663691e-05
0.03684 7.14259116924828e-05
0.036875 7.12646600936309e-05
0.03691 7.11032553698136e-05
0.036945 7.09416975210307e-05
0.03698 7.07799865472822e-05
0.037015 7.06181224485679e-05
0.03705 7.04561052248879e-05
0.037085 7.0293934876242e-05
0.03712 7.01316114026302e-05
0.037155 6.99691348040525e-05
0.03719 6.98065050805088e-05
0.037225 6.9643722231999e-05
0.03726 6.94807862585231e-05
0.037295 6.9317697160081e-05
0.03733 6.91544549366725e-05
0.037365 6.89910595882978e-05
0.0374 6.88275111149566e-05
0.037435 6.8663809516649e-05
0.03747 6.84999547933749e-05
0.037505 6.83359469451342e-05
0.03754 6.81717859719268e-05
0.037575 6.80074718737528e-05
0.03761 6.78430046506119e-05
0.037645 6.76783843025042e-05
0.03768 6.75136108294295e-05
0.037715 6.7348684231388e-05
0.03775 6.71836045083793e-05
0.037785 6.70183716604036e-05
0.03782 6.68529856874607e-05
0.037855 6.66874465895506e-05
0.03789 6.65217543666733e-05
0.037925 6.63559090188286e-05
0.03796 6.61899105460164e-05
0.037995 6.60237589482368e-05
0.03803 6.58574542254897e-05
0.038065 6.5690996377775e-05
0.0381 6.55243854050926e-05
0.038135 6.53576213074425e-05
0.03817 6.51907040848247e-05
0.038205 6.5023633737239e-05
0.03824 6.48564102646854e-05
0.038275 6.46890336671639e-05
0.03831 6.45215039446745e-05
0.038345 6.43538210972169e-05
0.03838 6.41859851247913e-05
0.038415 6.40179960273975e-05
0.03845 6.38498538050355e-05
0.038485 6.36815584577051e-05
0.03852 6.35131099854065e-05
0.038555 6.33445083881394e-05
0.03859 6.31757536659039e-05
0.038625 6.30068458186999e-05
0.03866 6.28377848465273e-05
0.038695 6.26685707493861e-05
0.03873 6.24992035272762e-05
0.038765 6.23296831801975e-05
0.0388 6.21600097081501e-05
0.038835 6.19901831111338e-05
0.03887 6.18202033891487e-05
0.038905 6.16500705421946e-05
0.03894 6.14797845702715e-05
0.038975 6.13093454733793e-05
0.03901 6.11387532515179e-05
0.039045 6.09680079046875e-05
0.03908 6.07971094328877e-05
0.039115 6.06260578361187e-05
0.03915 6.04548531143802e-05
0.039185 6.02834952676725e-05
0.03922 6.01119842959952e-05
0.039255 5.99403201993485e-05
0.03929 5.97685029777321e-05
0.039325 5.95965326311461e-05
0.03936 5.94244091595905e-05
0.039395 5.92521325630652e-05
0.03943 5.907970284157e-05
0.039465 5.8907119995105e-05
0.0395 5.87343840236701e-05
0.039535 5.85614949272654e-05
0.03957 5.83884527058905e-05
0.039605 5.82152573595457e-05
0.03964 5.80419088882307e-05
0.039675 5.78684072919456e-05
0.03971 5.76947525706902e-05
0.039745 5.75209447244646e-05
0.03978 5.73469837532687e-05
0.039815 5.71728696571023e-05
0.03985 5.69986024359657e-05
0.039885 5.68241820898584e-05
0.03992 5.66496086187807e-05
0.039955 5.64748820227324e-05
0.03999 5.63000023017135e-05
0.040025 5.61249694557239e-05
0.04006 5.59497834847636e-05
0.040095 5.57744443888325e-05
0.04013 5.55989521679306e-05
0.040165 5.54233068220577e-05
0.0402 5.5247508351214e-05
0.040235 5.50715567553992e-05
0.04027 5.48954520346135e-05
0.040305 5.47191941888566e-05
0.04034 5.45427832181286e-05
0.040375 5.43662191224294e-05
0.04041 5.4189501901759e-05
0.040445 5.40126315561174e-05
0.04048 5.38356080855043e-05
0.040515 5.36584314899199e-05
0.04055 5.34811017693641e-05
0.040585 5.33036189238369e-05
0.04062 5.3125982953338e-05
0.040655 5.29481938578676e-05
0.04069 5.27702516374255e-05
0.040725 5.25921562920119e-05
0.04076 5.24139078216264e-05
0.040795 5.22355062262692e-05
0.04083 5.20569515059401e-05
0.040865 5.18782436606393e-05
0.0409 5.16993826903664e-05
0.040935 5.15203685951217e-05
0.04097 5.13412013749048e-05
0.041005 5.1161881029716e-05
0.04104 5.0982407559555e-05
0.041075 5.08027809644219e-05
0.04111 5.06230012443166e-05
0.041145 5.0443068399239e-05
0.04118 5.02629824291892e-05
0.041215 5.0082743334167e-05
0.04125 4.99023511141724e-05
0.041285 4.97218057692054e-05
0.04132 4.95411072992659e-05
0.041355 4.93602557043539e-05
0.04139 4.91792509844693e-05
0.041425 4.89980931396121e-05
0.04146 4.88167821697823e-05
0.041495 4.86353180749796e-05
0.04153 4.84537008552043e-05
0.041565 4.82719305104561e-05
0.0416 4.80900070407351e-05
0.041635 4.79079304460411e-05
0.04167 4.77257007263743e-05
0.041705 4.75433178817344e-05
0.04174 4.73607819121215e-05
0.041775 4.71780928175355e-05
0.04181 4.69952505979764e-05
0.041845 4.68122552534441e-05
0.04188 4.66291067839385e-05
0.041915 4.64458051894598e-05
0.04195 4.62623504700076e-05
0.041985 4.60787426255822e-05
0.04202 4.58949816561833e-05
0.042055 4.5711067561811e-05
0.04209 4.55270003424651e-05
0.042125 4.53427799981458e-05
0.04216 4.51584065288528e-05
0.042195 4.49738799345863e-05
0.04223 4.4789200215346e-05
0.042265 4.46043673711321e-05
0.0423 4.44193814019444e-05
0.042335 4.42342423077829e-05
0.04237 4.40489500886475e-05
0.042405 4.38635047445384e-05
0.04244 4.36779062754552e-05
0.042475 4.34921546813981e-05
0.04251 4.3306249962367e-05
0.042545 4.31201921183619e-05
0.04258 4.29339811493826e-05
0.042615 4.27476170554293e-05
0.04265 4.25610998365018e-05
0.042685 4.23744294926e-05
0.04272 4.2187606023724e-05
0.042755 4.20006294298737e-05
0.04279 4.18134997110491e-05
0.042825 4.16262168672501e-05
0.04286 4.14387808984766e-05
0.042895 4.12511918047287e-05
0.04293 4.10634495860063e-05
0.042965 4.08755542423094e-05
0.043 4.06875057736378e-05
0.043035 4.04993041799917e-05
0.04307 4.03109494613708e-05
0.043105 4.01224416177753e-05
0.04314 3.9933780649205e-05
0.043175 3.97449665556598e-05
0.04321 3.95559993371399e-05
0.043245 3.93668789936451e-05
0.04328 3.91776055251754e-05
0.043315 3.89881789317306e-05
0.04335 3.87985992133109e-05
0.043385 3.86088663699161e-05
0.04342 3.84189804015462e-05
0.043455 3.82289413082012e-05
0.04349 3.8038749089881e-05
0.043525 3.78484037465856e-05
0.04356 3.7657905278315e-05
0.043595 3.7467253685069e-05
0.04363 3.72764489668477e-05
0.043665 3.70854911236511e-05
0.0437 3.6894380155479e-05
0.043735 3.67031160623315e-05
0.04377 3.65116988442085e-05
0.043805 3.63201285011099e-05
0.04384 3.61284050330358e-05
0.043875 3.59365284399861e-05
0.04391 3.57444987219608e-05
0.043945 3.55523158789597e-05
0.04398 3.53599799109829e-05
0.044015 3.51674908180305e-05
0.04405 3.49748486001021e-05
0.044085 3.4782053257198e-05
0.04412 3.45891047893179e-05
0.044155 3.43960031964621e-05
0.04419 3.42027484786302e-05
0.044225 3.40093406358223e-05
0.04426 3.38157796680384e-05
0.044295 3.36220655752785e-05
0.04433 3.34281983575425e-05
0.044365 3.32341780148303e-05
0.0444 3.3040004547142e-05
0.044435 3.28456779544775e-05
0.04447 3.26511982368367e-05
0.044505 3.24565653942197e-05
0.04454 3.22617794266263e-05
0.044575 3.20668403340566e-05
0.04461 3.18717481165104e-05
0.044645 3.16765027739879e-05
0.04468 3.14811043064889e-05
0.044715 3.12855527140133e-05
0.04475 3.10898479965613e-05
0.044785 3.08939901541326e-05
0.04482 3.06979791867274e-05
0.044855 3.05018150943454e-05
0.04489 3.03054978769868e-05
0.044925 3.01090275346514e-05
0.04496 2.99124040673393e-05
0.044995 2.97156274750504e-05
0.04503 2.95186977577847e-05
0.045065 2.9321614915542e-05
0.0451 2.91243789483225e-05
0.045135 2.8926989856126e-05
0.04517 2.87294476389525e-05
0.045205 2.8531752296802e-05
0.04524 2.83339038296745e-05
0.045275 2.81359022375698e-05
0.04531 2.7937747520488e-05
0.045345 2.77394396784291e-05
0.04538 2.7540978711393e-05
0.045415 2.73423646193797e-05
0.04545 2.7143597402389e-05
0.045485 2.69446770604211e-05
0.04552 2.67456035934758e-05
0.045555 2.65463770015532e-05
0.04559 2.63469972846532e-05
0.045625 2.61474644427757e-05
0.04566 2.59477784759208e-05
0.045695 2.57479393840883e-05
0.04573 2.55479471672783e-05
0.045765 2.53478018254908e-05
0.0458 2.51475033587256e-05
0.045835 2.49470517669828e-05
0.04587 2.47464470502622e-05
0.045905 2.45456892085641e-05
0.04594 2.43447782418881e-05
0.045975 2.41437141502344e-05
0.04601 2.39424969336028e-05
0.046045 2.37411265919934e-05
0.04608 2.35396031254062e-05
0.046115 2.3337926533841e-05
0.04615 2.31360968172979e-05
0.046185 2.29341139757768e-05
0.04622 2.27319780092777e-05
0.046255 2.25296889178005e-05
0.04629 2.23272467013452e-05
0.046325 2.21246513599118e-05
0.04636 2.19219028935003e-05
0.046395 2.17190013021107e-05
0.04643 2.15159465857428e-05
0.046465 2.13127387443966e-05
0.0465 2.11093777780722e-05
0.046535 2.09058636867695e-05
0.04657 2.07021964704884e-05
0.046605 2.0498376129229e-05
0.04664 2.02944026629911e-05
0.046675 2.00902760717748e-05
0.04671 1.98859963555801e-05
0.046745 1.96815635144068e-05
0.04678 1.94769775482549e-05
0.046815 1.92722384571245e-05
0.04685 1.90673462410155e-05
0.046885 1.88623008999279e-05
0.04692 1.86571024338616e-05
0.046955 1.84517508428166e-05
0.04699 1.82462461267929e-05
0.047025 1.80405882857904e-05
0.04706 1.78347773198091e-05
0.047095 1.7628813228849e-05
0.04713 1.742269601291e-05
0.047165 1.72164256719922e-05
0.0472 1.70100022060954e-05
0.047235 1.68034256152196e-05
0.04727 1.6596695899365e-05
0.047305 1.63898130585312e-05
0.04734 1.61827770927185e-05
0.047375 1.59755880019266e-05
0.04741 1.57682457861557e-05
0.047445 1.55607504454056e-05
0.04748 1.53531019796763e-05
0.047515 1.51453003889678e-05
0.04755 1.49373456732801e-05
0.047585 1.47292378326132e-05
0.04762 1.45209768669669e-05
0.047655 1.43125627763413e-05
0.04769 1.41039955607364e-05
0.047725 1.38952752201521e-05
0.04776 1.36864017545883e-05
0.047795 1.34773751640452e-05
0.04783 1.32681954485225e-05
0.047865 1.30588626080204e-05
0.0479 1.28493766425387e-05
0.047935 1.26397375520775e-05
0.04797 1.24299453366366e-05
0.048005 1.22199999962162e-05
0.04804 1.2009901530816e-05
0.048075 1.17996499404363e-05
0.04811 1.15892452250767e-05
0.048145 1.13786873847375e-05
0.04818 1.11679764194185e-05
0.048215 1.09571123291197e-05
0.04825 1.07460951138411e-05
0.048285 1.05349247735826e-05
0.04832 1.03236013083442e-05
0.048355 1.01121247181259e-05
0.04839 9.90049500292769e-06
0.048425 9.68871216274949e-06
0.04846 9.47677619759129e-06
0.048495 9.26468710745306e-06
0.04853 9.05244489233477e-06
0.048565 8.84004955223639e-06
0.0486 8.6275010871579e-06
0.048635 8.41479949709926e-06
0.04867 8.20194478206049e-06
0.048705 7.98893694204143e-06
0.04874 7.77577597704223e-06
0.048775 7.56246188706268e-06
0.04881 7.34899467210292e-06
0.048845 7.13537433216277e-06
0.04888 6.92160086724235e-06
0.048915 6.70767427734148e-06
0.04895 6.49359456246029e-06
0.048985 6.27936172259859e-06
0.04902 6.06497575775652e-06
0.049055 5.85043666793391e-06
0.04909 5.6357444531308e-06
0.049125 5.42089911334714e-06
0.04916 5.20590064858292e-06
0.049195 4.9907490588381e-06
0.04923 4.77544434411265e-06
0.049265 4.55998650440655e-06
0.0493 4.34437553971977e-06
0.049335 4.12861145005233e-06
0.04937 3.91269423540407e-06
0.049405 3.69662389577514e-06
0.04944 3.48040043116534e-06
0.049475 3.2640238415748e-06
0.04951 3.04749412700333e-06
0.049545 2.83081128745109e-06
0.04958 2.61397532291786e-06
0.049615 2.39698623340379e-06
0.04965 2.17984401890869e-06
0.049685 1.96254867943269e-06
0.04972 1.74510021497561e-06
0.049755 1.52749862553758e-06
0.04979 1.30974391111841e-06
0.049825 1.09183607171824e-06
0.04986 8.73775107336878e-07
0.049895 6.55561017974463e-07
0.04993 4.37193803630797e-07
0.049965 2.18673464306028e-07
0.05 0
