3.75e-06 3.74999999947177e-06
1.125e-05 6.25000000032428e-06
1.875e-05 9.749999997181e-06
2.625e-05 1.33928571430357e-05
3.375e-05 1.70833333337378e-05
4.125e-05 2.07954545474535e-05
4.875e-05 2.4519230768279e-05
5.625e-05 2.82500000027668e-05
6.375e-05 3.19852941188814e-05
7.125e-05 3.57236842176677e-05
7.875e-05 3.94642857202571e-05
8.625e-05 4.32065217443577e-05
9.375e-05 4.69500000003254e-05
0.00010125 5.06944444502872e-05
0.00010875 5.44396551782044e-05
0.00011625 5.81854838796758e-05
0.00012375 6.19318181843743e-05
0.00013125 6.56785714284065e-05
0.00013875 6.94256756684359e-05
0.00014625 7.31730769111944e-05
0.00015375 7.69207316910166e-05
0.00016125 8.06686046376148e-05
0.00016875 8.44166666546147e-05
0.00017625 8.81648936112921e-05
0.00018375 9.19132653017308e-05
0.00019125 9.566176469673e-05
0.00019875 9.94103773474878e-05
0.00020625 0.000103159090890486
0.00021375 0.000106907894718612
0.00022125 0.000110656779648677
0.00022875 0.000114405737690106
0.00023625 0.000118154761893167
0.00024375 0.000121903846139343
0.00025125 0.000125652985061835
0.00025875 0.000129402173900996
0.00026625 0.000133151408432051
0.00027375 0.000136900684910887
0.00028125 0.000140649999980091
0.00028875 0.000144399350632812
0.00029625 0.000148148734154929
0.00030375 0.000151898148121442
0.00031125 0.00015564759033865
0.00031875 0.000159397058804392
0.00032625 0.00016314655170444
0.00033375 0.000166896067394413
0.00034125 0.000170645604374505
0.00034875 0.000174395161271391
0.00035625 0.000178144736823784
0.00036375 0.000181894329878811
0.00037125 0.000185643939381186
0.00037875 0.00018939356434067
0.00038625 0.000193143203864605
0.00039375 0.000196892857121766
0.00040125 0.00020064252334237
0.00040875 0.000204392201814459
0.00041625 0.000208141891873057
0.00042375 0.000211891592896551
0.00043125 0.000215641304321158
0.00043875 0.000219391025619234
0.00044625 0.000223140756281205
0.00045375 0.000226890495848083
0.00046125 0.000230640243882584
0.00046875 0.000234389999979935
0.00047625 0.000238139763760668
0.00048375 0.000241889534866989
0.00049125 0.00024563931295196
0.00049875 0.000249389097719234
0.00050625 0.00025313888886522
0.00051375 0.000256888686108051
0.00052125 0.000260638489183875
0.00052875 0.000264388297846969
0.00053625 0.00026813811186601
0.00054375 0.000271887931020559
0.00055125 0.000275637755082935
0.00055875 0.000279387583868809
0.00056625 0.000283137417190267
0.00057375 0.000286887254866603
0.00058125 0.000290637096735188
0.00058875 0.000294386942629777
0.00059625 0.000298136792409428
0.00060375 0.00030188664592234
0.00061125 0.000305636503034808
0.00061875 0.000309386363602271
0.00062625 0.000313136227505449
0.00063375 0.000316886094643181
0.00064125 0.0003206359648781
0.00064875 0.000324385838116277
0.00065625 0.000328135714260107
0.00066375 0.00033188559319394
0.00067125 0.000335635474827456
0.00067875 0.000339385359081113
0.00068625 0.000343135245871808
0.00069375 0.0003468851351128
0.00070125 0.000350635026724581
0.00070875 0.000354384920620414
0.00071625 0.000358134816749709
0.00072375 0.000361884715022099
0.00073125 0.000365634615379778
0.00073875 0.000369384517757691
0.00074625 0.000373134422105222
0.00075375 0.000376884328350129
0.00076125 0.000380634236449
0.00076875 0.000384384146333212
0.00077625 0.000388134057962973
0.00078375 0.000391883971287709
0.00079125 0.000395633886249596
0.00079875 0.000399383802805243
0.00080625 0.000403133720918551
0.00081375 0.000406883640542496
0.00082125 0.000410633561630119
0.00082875 0.000414383484145276
0.00083625 0.000418133408059059
0.00084375 0.000421883333317241
0.00085125 0.000425633259898156
0.00085875 0.000429383187762043
0.00086625 0.000433133116876377
0.00087375 0.000436883047205023
0.00088125 0.000440632978719045
0.00088875 0.000444382911382346
0.00089625 0.000448132845184048
0.00090375 0.000451882780077166
0.00091125 0.000455632716043671
0.00091875 0.000459382653058211
0.00092625 0.000463132591088314
0.00093375 0.000466882530108635
0.00094125 0.000470632470111972
0.00094875 0.000474382411065794
0.00095625 0.00047813235293758
0.00096375 0.000481882295723696
0.00097125 0.000485632239380795
0.00097875 0.000489382183908877
0.00098625 0.000493132129271773
0.00099375 0.000496882075458691
0.00100125 0.000500632022465974
0.00100875 0.000504381970253869
0.00101625 0.000508131918811562
0.00102375 0.000511881868128226
0.00103125 0.000515631818178474
0.00103875 0.000519381768951553
0.00104625 0.000523131720422135
0.00105375 0.000526881672590251
0.00106125 0.000530631625434126
0.00106875 0.000534381578943009
0.00107625 0.000538131533091586
0.00108375 0.000541881487883441
0.00109125 0.000545631443293276
0.00109875 0.000549381399310295
0.00110625 0.000553131355919996
0.00111375 0.000556881313122378
0.00112125 0.000560631270892192
0.00112875 0.000564381229222144
0.00113625 0.000568131188108685
0.00114375 0.00057188114752647
0.00115125 0.000575631107475497
0.00115875 0.000579381067948588
0.00116625 0.000583131028920379
0.00117375 0.000586880990390936
0.00118125 0.000590630952356579
0.00118875 0.000594380914802918
0.00119625 0.000598130877722676
0.00120375 0.000601880841108623
0.00121125 0.000605630804939128
0.00121875 0.00060938076920691
0.00122625 0.000613130733922811
0.00123375 0.000616880699065183
0.00124125 0.000620630664626816
0.00124875 0.000624380630611215
0.00125625 0.000628130596993192
0.00126375 0.000631880563776359
0.00127125 0.000635630530953381
0.00127875 0.000639380498513523
0.00128625 0.000643130466449523
0.00129375 0.000646880434765031
0.00130125 0.00065063040343825
0.00130875 0.000654380372469294
0.00131625 0.000658130341861776
0.00132375 0.000661880311590285
0.00133125 0.000665630281673005
0.00133875 0.000669380252081005
0.00134625 0.000673130222825088
0.00135375 0.000676880193894412
0.00136125 0.000680630165270966
0.00136875 0.000684380136969128
0.00137625 0.000688130108970905
0.00138375 0.000691880081287061
0.00139125 0.000695630053892378
0.00139875 0.000699380026786796
0.00140625 0.000703129999981156
0.00141375 0.000706879973457449
0.00142125 0.000710629947215593
0.00142875 0.00071437992124483
0.00143625 0.000718129895541482
0.00144375 0.000721879870112778
0.00145125 0.000725629844947938
0.00145875 0.000729379820039672
0.00146625 0.000733129795380751
0.00147375 0.00073687977098206
0.00148125 0.00074062974682555
0.00148875 0.000744379722907479
0.00149625 0.000748129699227975
0.00150375 0.000751879675790632
0.00151125 0.000755629652580949
0.00151875 0.000759379629609769
0.00152625 0.000763129606859065
0.00153375 0.00076687958432886
0.00154125 0.000770629562022635
0.00154875 0.00077437953992968
0.00155625 0.000778129518049974
0.00156375 0.000781879496387087
0.00157125 0.000785629474926561
0.00157875 0.000789379453672079
0.00158625 0.000793129432609117
0.00159375 0.000796879411748516
0.00160125 0.000800629391086708
0.00160875 0.00080437937062008
0.00161625 0.000808129350330515
0.00162375 0.000811879330239697
0.00163125 0.00081562931033324
0.00163875 0.000819379290607461
0.00164625 0.000823129271058744
0.00165375 0.000826879251683546
0.00166125 0.000830629232489002
0.00166875 0.000834379213464363
0.00167625 0.000838129194620401
0.00168375 0.000841879175935432
0.00169125 0.000845629157413141
0.00169875 0.00084937913905707
0.00170625 0.000853129120863604
0.00171375 0.00085687910282918
0.00172125 0.000860629084946569
0.00172875 0.000864379067222949
0.00173625 0.000868129049651092
0.00174375 0.000871879032234688
0.00175125 0.000875629014970048
0.00175875 0.000879378997842714
0.00176625 0.000883128980867193
0.00177375 0.000886878964036285
0.00178125 0.00089062894734622
0.00178875 0.000894378930797152
0.00179625 0.000898128914381855
0.00180375 0.0009018788981074
0.00181125 0.000905628881966715
0.00181875 0.000909378865956161
0.00182625 0.000913128850082913
0.00183375 0.000916878834339743
0.00184125 0.000920628818719476
0.00184875 0.000924378803222111
0.00185625 0.000928128787862052
0.00186375 0.000931878772617614
0.00187125 0.000935628757492493
0.00187875 0.000939378742497448
0.00188625 0.000943128727607183
0.00189375 0.000946878712850691
0.00190125 0.000950628698202564
0.00190875 0.000954378683673754
0.00191625 0.000958128669253337
0.00192375 0.000961878654944926
0.00193125 0.000965628640755833
0.00193875 0.000969378626660649
0.00194625 0.000973128612688397
0.00195375 0.000976878598813666
0.00196125 0.000980628585051055
0.00196875 0.000984378571396751
0.00197625 0.00098812855784731
0.00198375 0.000991878544402732
0.00199125 0.000995628531055617
0.00199875 0.00099937851779891
0.00200625 0.00100312850465068
0.00201375 0.00100687849160347
0.00202125 0.00101062847863962
0.00202875 0.00101437846578045
0.00203625 0.00101812845301152
0.00204375 0.00102187844034401
0.00205125 0.00102562842776674
0.00205875 0.00102937841528692
0.00206625 0.00103312840287963
0.00207375 0.00103687839057334
0.00208125 0.0010406283783647
0.00208875 0.0010443783662284
0.00209625 0.00104812835417503
0.00210375 0.00105187834222672
0.00211125 0.00105562833035056
0.00211875 0.00105937831856825
0.00212625 0.00106312830685846
0.00213375 0.00106687829523167
0.00214125 0.00107062828368426
0.00214875 0.00107437827222746
0.00215625 0.00107812826084274
0.00216375 0.0010818782495376
0.00217125 0.00108562823831564
0.00217875 0.00108937822717307
0.00218625 0.00109312821611006
0.00219375 0.00109687820511217
0.00220125 0.00110062819419367
0.00220875 0.00110437818334027
0.00221625 0.00110812817256284
0.00222375 0.00111187816185756
0.00223125 0.00111562815123546
0.00223875 0.00111937814067848
0.00224625 0.00112312813019004
0.00225375 0.00112687811977033
0.00226125 0.00113062810941929
0.00226875 0.00113437809913336
0.00227625 0.00113812808893042
0.00228375 0.00114187807878899
0.00229125 0.00114562806871268
0.00229875 0.00114937805870128
0.00230625 0.00115312804874778
0.00231375 0.00115687803886662
0.00232125 0.00116062802904315
0.00232875 0.00116437801929565
0.00233625 0.00116812800960958
0.00234375 0.00117187799997418
0.00235125 0.0011756279904073
0.00235875 0.00117937798089471
0.00236625 0.00118312797143994
0.00237375 0.0011868779620539
0.00238125 0.00119062795272194
0.00238875 0.00119437794345871
0.00239625 0.00119812793424614
0.00240375 0.00120187792508765
0.00241125 0.00120562791598705
0.00241875 0.00120937790694073
0.00242625 0.00121312789795933
0.00243375 0.00121687788903582
0.00244125 0.00122062788015574
0.00244875 0.00122437787133689
0.00245625 0.00122812786256893
0.00246375 0.00123187785385503
0.00247125 0.00123562784519881
0.00247875 0.00123937783658263
0.00248625 0.00124312782802775
0.00249375 0.0012468778195197
0.00250125 0.00125062781106977
0.00250875 0.00125437780266306
0.00251625 0.0012581277943068
0.00252375 0.00126187778600866
0.00253125 0.00126562777775012
0.00253875 0.00126937776954204
0.00254625 0.00127312776138846
0.00255375 0.00127687775328156
0.00256125 0.00128062774521472
0.00256875 0.00128437773719832
0.00257625 0.00128812772923237
0.00258375 0.00129187772130648
0.00259125 0.00129562771343464
0.00259875 0.00129937770560241
0.00260625 0.00130312769781384
0.00261375 0.00130687769007211
0.00262125 0.0013106276823736
0.00262875 0.00131437767472598
0.00263625 0.00131812766711435
0.00264375 0.00132187765954594
0.00265125 0.00132562765202482
0.00265875 0.00132937764454322
0.00266625 0.00133312763710145
0.00267375 0.00133687762970674
0.00268125 0.00134062762234802
0.00268875 0.00134437761503996
0.00269625 0.00134812760776452
0.00270375 0.00135187760053228
0.00271125 0.00135562759333265
0.00271875 0.00135937758616924
0.00272625 0.00136312757906349
0.00273375 0.00136687757198674
0.00274125 0.00137062756495697
0.00274875 0.0013743775579598
0.00275625 0.00137812755099862
0.00276375 0.00138187754407365
0.00277125 0.00138562753718121
0.00277875 0.00138937753033583
0.00278625 0.00139312752352643
0.00279375 0.00139687751675326
0.00280125 0.00140062751001991
0.00280875 0.00140437750331171
0.00281625 0.00140812749664695
0.00282375 0.00141187749001118
0.00283125 0.00141562748341863
0.00283875 0.00141937747685867
0.00284625 0.00142312747033486
0.00285375 0.00142687746384005
0.00286125 0.00143062745737759
0.00286875 0.00143437745095136
0.00287625 0.00143812744455773
0.00288375 0.0014418774382037
0.00289125 0.00144562743187504
0.00289875 0.00144937742558984
0.00290625 0.00145312741933699
0.00291375 0.0014568774131023
0.00292125 0.00146062740691106
0.00292875 0.00146437740074487
0.00293625 0.00146812739461154
0.00294375 0.00147187738851057
0.00295125 0.00147562738244195
0.00295875 0.00147937737640259
0.00296625 0.00148312737039197
0.00297375 0.00148687736441731
0.00298125 0.00149062735847191
0.00298875 0.00149437735254803
0.00299625 0.00149812734666372
0.00300375 0.00150187734080145
0.00301125 0.00150562733497144
0.00301875 0.00150937732917043
0.00302625 0.00151312732339842
0.00303375 0.00151687731765867
0.00304125 0.00152062731193735
0.00304875 0.00152437730625199
0.00305625 0.00152812730059175
0.00306375 0.00153187729496077
0.00307125 0.00153562728935853
0.00307875 0.0015393772837778
0.00308625 0.00154312727823356
0.00309375 0.00154687727270722
0.00310125 0.0015506272672096
0.00310875 0.00155437726173765
0.00311625 0.00155812725629433
0.00312375 0.00156187725088364
0.00313125 0.00156562724549472
0.00313875 0.00156937724013091
0.00314625 0.00157312723478888
0.00315375 0.00157687722947224
0.00316125 0.00158062722418432
0.00316875 0.0015843772189218
0.00317625 0.00158812721368467
0.00318375 0.00159187720846181
0.00319125 0.00159562720326795
0.00319875 0.0015993771981031
0.00320625 0.00160312719296688
0.00321375 0.00160687718784549
0.00322125 0.00161062718274912
0.00322875 0.00161437717768175
0.00323625 0.00161812717263255
0.00324375 0.00162187716760846
0.00325125 0.00162562716259892
0.00325875 0.00162937715762199
0.00326625 0.00163312715267018
0.00327375 0.00163687714774376
0.00328125 0.00164062714283551
0.00328875 0.00164437713795236
0.00329625 0.00164812713308376
0.00330375 0.00165187712824417
0.00331125 0.00165562712342246
0.00331875 0.00165937711862253
0.00332625 0.00166312711385513
0.00333375 0.00166687710910228
0.00334125 0.00167062710436369
0.00334875 0.00167437709964688
0.00335625 0.00167812709495547
0.00336375 0.00168187709028193
0.00337125 0.00168562708563741
0.00337875 0.00168937708100743
0.00338625 0.00169312707639895
0.00339375 0.00169687707180863
0.00340125 0.00170062706724371
0.00340875 0.00170437706269656
0.00341625 0.00170812705816427
0.00342375 0.00171187705365707
0.00343125 0.00171562704916775
0.00343875 0.00171937704469689
0.00344625 0.00172312704024381
0.00345375 0.00172687703581251
0.00346125 0.0017306270314066
0.00346875 0.00173437702700773
0.00347625 0.00173812702264148
0.00348375 0.00174187701828979
0.00349125 0.00174562701394873
0.00349875 0.00174937700962947
0.00350625 0.00175312700532837
0.00351375 0.00175687700104866
0.00352125 0.0017606269967838
0.00352875 0.00176437699254404
0.00353625 0.00176812698831492
0.00354375 0.00177187698411151
0.00355125 0.00177562697991873
0.00355875 0.00177937697574743
0.00356625 0.001783126971591
0.00357375 0.00178687696745244
0.00358125 0.00179062696332812
0.00358875 0.00179437695922951
0.00359625 0.00179812695514154
0.00360375 0.00180187695107866
0.00361125 0.00180562694702343
0.00361875 0.00180937694298234
0.00362625 0.00181312693896664
0.00363375 0.00181687693496913
0.00364125 0.00182062693098225
0.00364875 0.00182437692700631
0.00365625 0.00182812692305216
0.00366375 0.00183187691911938
0.00367125 0.00183562691519426
0.00367875 0.0018393769112906
0.00368625 0.00184312690739757
0.00369375 0.00184687690352666
0.00370125 0.00185062689966988
0.00370875 0.00185437689582404
0.00371625 0.001858126892
0.00372375 0.0018618768881902
0.00373125 0.00186562688439858
0.00373875 0.00186937688061791
0.00374625 0.00187312687685148
0.00375375 0.00187687687309961
0.00376125 0.00188062686936592
0.00376875 0.00188437686564286
0.00377625 0.00188812686194158
0.00378375 0.00189187685825126
0.00379125 0.00189562685457518
0.00379875 0.00189937685091005
0.00380625 0.00190312684725937
0.00381375 0.00190687684362688
0.00382125 0.001910626840005
0.00382875 0.00191437683640493
0.00383625 0.0019181268328158
0.00384375 0.00192187682923729
0.00385125 0.0019256268256842
0.00385875 0.00192937682213482
0.00386625 0.0019331268186033
0.00387375 0.00193687681507911
0.00388125 0.00194062681156938
0.00388875 0.00194437680807772
0.00389625 0.00194812680459341
0.00390375 0.00195187680113066
0.00391125 0.00195562679767491
0.00391875 0.00195937679423408
0.00392625 0.00196312679080386
0.00393375 0.00196687678739148
0.00394125 0.00197062678398678
0.00394875 0.00197437678060716
0.00395625 0.0019781267772273
0.00396375 0.00198187677386598
0.00397125 0.00198562677050804
0.00397875 0.00198937676716794
0.00398625 0.00199312676384998
0.00399375 0.00199687676053518
0.00400125 0.00200062675723529
0.00400875 0.00200437675394217
0.00401625 0.00200812675066781
0.00402375 0.00201187674740337
0.00403125 0.00201562674415385
0.00403875 0.00201937674091203
0.00404625 0.00202312673768734
0.00405375 0.00202687673447396
0.00406125 0.0020306267312755
0.00406875 0.00203437672807972
0.00407625 0.00203812672490248
0.00408375 0.0020418767217221
0.00409125 0.00204562671857329
0.00409875 0.00204937671542858
0.00410625 0.00205312671230241
0.00411375 0.00205687670917529
0.00412125 0.0020606267060631
0.00412875 0.00206437670296199
0.00413625 0.0020681266998751
0.00414375 0.00207187669679882
0.00415125 0.00207562669373023
0.00415875 0.00207937669067948
0.00416625 0.00208312668763572
0.00417375 0.00208687668460328
0.00418125 0.00209062668157783
0.00418875 0.00209437667856298
0.00419625 0.00209812667555921
0.00420375 0.00210187667256677
0.00421125 0.00210562666959143
0.00421875 0.0021093766666238
0.00422625 0.00211312666367111
0.00423375 0.00211687666071745
0.00424125 0.00212062665777874
0.00424875 0.00212437665485135
0.00425625 0.00212812665194106
0.00426375 0.00213187664903487
0.00427125 0.00213562664614724
0.00427875 0.00213937664325501
0.00428625 0.00214312664037412
0.00429375 0.00214687663750818
0.00430125 0.00215062663465932
0.00430875 0.00215437663181457
0.00431625 0.00215812662898452
0.00432375 0.00216187662616145
0.00433125 0.00216562662334536
0.00433875 0.00216937662054061
0.00434625 0.00217312661773562
0.00435375 0.00217687661495928
0.00436125 0.00218062661217622
0.00436875 0.00218437660941097
0.00437625 0.00218812660664909
0.00438375 0.00219187660390217
0.00439125 0.00219562660115861
0.00439875 0.00219937659843287
0.00440625 0.00220312659570763
0.00441375 0.00220687659300383
0.00442125 0.00221062659030699
0.00442875 0.00221437658760344
0.00443625 0.00221812658491771
0.00444375 0.00222187658224617
0.00445125 0.00222562657957876
0.00445875 0.00222937657692194
0.00446625 0.00223312657427209
0.00447375 0.00223687657164082
0.00448125 0.00224062656900568
0.00448875 0.00224437656638112
0.00449625 0.00224812656376793
0.00450375 0.00225187656116893
0.00451125 0.00225562655858051
0.00451875 0.002259376555989
0.00452625 0.00226312655341142
0.00453375 0.00226687655083798
0.00454125 0.00227062654828235
0.00454875 0.00227437654573369
0.00455625 0.00227812654319277
0.00456375 0.00228187654065521
0.00457125 0.00228562653812461
0.00457875 0.002289376535609
0.00458625 0.00229312653310035
0.00459375 0.00229687653059144
0.00460125 0.0023006265280939
0.00460875 0.0023043765255997
0.00461625 0.00230812652312331
0.00462375 0.00231187652065469
0.00463125 0.00231562651819302
0.00463875 0.00231937651574554
0.00464625 0.00232312651330221
0.00465375 0.00232687651086196
0.00466125 0.00233062650843309
0.00466875 0.00233437650601479
0.00467625 0.00233812650359622
0.00468375 0.00234187650118903
0.00469125 0.00234562649878519
0.00469875 0.00234937649639553
0.00470625 0.00235312649401003
0.00471375 0.0023568764916276
0.00472125 0.00236062648925294
0.00472875 0.00236437648688885
0.00473625 0.00236812648453172
0.00474375 0.00237187648218597
0.00475125 0.00237562647985079
0.00475875 0.00237937647752257
0.00476625 0.00238312647520212
0.00477375 0.0023868764728814
0.00478125 0.00239062647056763
0.00478875 0.00239437646826526
0.00479625 0.00239812646597707
0.00480375 0.00240187646368137
0.00481125 0.00240562646139345
0.00481875 0.0024093764591161
0.00482625 0.00241312645684931
0.00483375 0.00241687645458669
0.00484125 0.00242062645233825
0.00484875 0.00242437645010037
0.00485625 0.00242812644786305
0.00486375 0.00243187644562545
0.00487125 0.00243562644339841
0.00487875 0.00243937644117917
0.00488625 0.00244312643897409
0.00489375 0.00244687643676513
0.00490125 0.00245062643456728
0.00490875 0.00245437643237362
0.00491625 0.00245812643018605
0.00492375 0.00246187642800989
0.00493125 0.00246562642584152
0.00493875 0.00246937642366841
0.00494625 0.00247312642151032
0.00495375 0.00247687641936003
0.00496125 0.0024806264172122
0.00496875 0.0024843764150758
0.00497625 0.00248812641294719
0.00498375 0.00249187641082105
0.00499125 0.00249562640869549
0.00499875 0.00249937640658134
0.00500625 0.00250312640447688
0.00501375 0.00250687640238023
0.00502125 0.00251062640028416
0.00502875 0.00251437639819415
0.00503625 0.00251812639611557
0.00504375 0.00252187639403757
0.00505125 0.00252562639196925
0.00505875 0.00252937638990512
0.00506625 0.00253312638784881
0.00507375 0.00253687638579855
0.00508125 0.0025406263837525
0.00508875 0.00254437638171005
0.00509625 0.00254812637967543
0.00510375 0.00255187637765047
0.00511125 0.00255562637562609
0.00511875 0.00255937637361316
0.00512625 0.00256312637159903
0.00513375 0.00256687636959996
0.00514125 0.00257062636760509
0.00514875 0.00257437636560904
0.00515625 0.00257812636362803
0.00516375 0.00258187636164401
0.00517125 0.00258562635966602
0.00517875 0.00258937635769948
0.00518625 0.00259312635573353
0.00519375 0.00259687635377722
0.00520125 0.00260062635182874
0.00520875 0.00260437634988087
0.00521625 0.00260812634793901
0.00522375 0.00261187634600138
0.00523125 0.00261562634407157
0.00523875 0.00261937634214417
0.00524625 0.00262312634022822
0.00525375 0.00262687633831649
0.00526125 0.00263062633641077
0.00526875 0.00263437633450928
0.00527625 0.00263812633260839
0.00528375 0.00264187633071713
0.00529125 0.00264562632883009
0.00529875 0.00264937632695419
0.00530625 0.00265312632506715
0.00531375 0.00265687632319788
0.00532125 0.0026606263213256
0.00532875 0.0026643763194747
0.00533625 0.00266812631761988
0.00534375 0.00267187631576567
0.00535125 0.002675626313922
0.00535875 0.00267937631208525
0.00536625 0.00268312631025273
0.00537375 0.00268687630843074
0.00538125 0.00269062630661206
0.00538875 0.00269437630478676
0.00539625 0.00269812630297562
0.00540375 0.00270187630115693
0.00541125 0.00270562629934971
0.00541875 0.00270937629756025
0.00542625 0.00271312629576686
0.00543375 0.0027168762939741
0.00544125 0.00272062629218464
0.00544875 0.00272437629041293
0.00545625 0.00272812628864186
0.00546375 0.00273187628687769
0.00547125 0.00273562628511321
0.00547875 0.00273937628335298
0.00548625 0.00274312628159934
0.00549375 0.00274687627984995
0.00550125 0.00275062627810747
0.00550875 0.00275437627636829
0.00551625 0.00275812627463697
0.00552375 0.0027618762728981
0.00553125 0.0027656262711806
0.00553875 0.0027693762694529
0.00554625 0.00277312626773539
0.00555375 0.00277687626602215
0.00556125 0.00278062626431219
0.00556875 0.00278437626261276
0.00557625 0.0027881262609212
0.00558375 0.00279187625922932
0.00559125 0.00279562625754072
0.00559875 0.00279937625585639
0.00560625 0.00280312625417173
0.00561375 0.00280687625249037
0.00562125 0.00281062625081688
0.00562875 0.00281437624915752
0.00563625 0.00281812624749061
0.00564375 0.00282187624583158
0.00565125 0.00282562624417584
0.00565875 0.00282937624253061
0.00566625 0.00283312624089326
0.00567375 0.00283687623925526
0.00568125 0.00284062623761792
0.00568875 0.00284437623598024
0.00569625 0.00284812623435308
0.00570375 0.00285187623272658
0.00571125 0.00285562623111782
0.00571875 0.00285937622950511
0.00572625 0.00286312622788945
0.00573375 0.00286687622628069
0.00574125 0.00287062622467521
0.00574875 0.00287437622307763
0.00575625 0.00287812622149055
0.00576375 0.00288187621989952
0.00577125 0.00288562621831639
0.00577875 0.00288937621673293
0.00578625 0.00289312621515275
0.00579375 0.00289687621358407
0.00580125 0.00290062621201145
0.00580875 0.00290437621045295
0.00581625 0.00290812620888789
0.00582375 0.00291187620732973
0.00583125 0.00291562620577845
0.00583875 0.00291937620422785
0.00584625 0.00292312620268415
0.00585375 0.00292687620114371
0.00586125 0.00293062619960362
0.00586875 0.00293437619807504
0.00587625 0.00293812619654511
0.00588375 0.00294187619501586
0.00589125 0.00294562619349451
0.00589875 0.00294937619197903
0.00590625 0.00295312619046785
0.00591375 0.00295687618896096
0.00592125 0.00296062618744548
0.00592875 0.00296437618594514
0.00593625 0.00296812618444549
0.00594375 0.00297187618295891
0.00595125 0.0029756261814658
0.00595875 0.00297937617997338
0.00596625 0.00298312617849041
0.00597375 0.00298687617701537
0.00598125 0.00299062617553741
0.00598875 0.00299437617406528
0.00599625 0.00299812617259747
0.00600375 0.00300187617113
0.00601125 0.00300562616967303
0.00601875 0.00300937616821932
0.00602625 0.0030131261667627
0.00603375 0.00301687616530934
0.00604125 0.00302062616386286
0.00604875 0.00302437616242034
0.00605625 0.00302812616097852
0.00606375 0.00303187615954253
0.00607125 0.00303562615810724
0.00607875 0.00303937615667988
0.00608625 0.00304312615525473
0.00609375 0.00304687615383029
0.00610125 0.00305062615241739
0.00610875 0.00305437615100308
0.00611625 0.00305812614958947
0.00612375 0.0030618761481838
0.00613125 0.00306562614677672
0.00613875 0.00306937614537757
0.00614625 0.00307312614397551
0.00615375 0.00307687614258288
0.00616125 0.00308062614119457
0.00616875 0.00308437613980337
0.00617625 0.00308812613842157
0.00618375 0.00309187613704049
0.00619125 0.00309562613566375
0.00619875 0.00309937613428918
0.00620625 0.00310312613291894
0.00621375 0.00310687613155304
0.00622125 0.00311062613018931
0.00622875 0.00311437612882991
0.00623625 0.00311812612746726
0.00624375 0.00312187612611871
0.00625125 0.0031256261247698
0.00625875 0.00312937612341799
0.00626625 0.00313312612206944
0.00627375 0.00313687612073137
0.00628125 0.00314062611939402
0.00628875 0.00314437611805992
0.00629625 0.00314812611672907
0.00630375 0.00315187611539896
0.00631125 0.00315562611407209
0.00631875 0.00315937611275208
0.00632625 0.00316312611142919
0.00633375 0.00316687611012039
0.00634125 0.00317062610880761
0.00634875 0.00317437610749557
0.00635625 0.00317812610618315
0.00636375 0.00318187610488122
0.00637125 0.00318562610358001
0.00637875 0.00318937610228567
0.00638625 0.00319312610098734
0.00639375 0.00319687609969699
0.00640125 0.00320062609840626
0.00640875 0.003204376097126
0.00641625 0.00320812609584611
0.00642375 0.00321187609456335
0.00643125 0.00321562609328995
0.00643875 0.00321937609201368
0.00644625 0.00322312609074139
0.00645375 0.00322687608947235
0.00646125 0.00323062608821016
0.00646875 0.00323437608694871
0.00647625 0.00323812608569051
0.00648375 0.00324187608442832
0.00649125 0.00324562608317772
0.00649875 0.00324937608193397
0.00650625 0.00325312608068262
0.00651375 0.00325687607943925
0.00652125 0.00326062607819551
0.00652875 0.00326437607695861
0.00653625 0.00326812607572247
0.00654375 0.00327187607448957
0.00655125 0.00327562607325628
0.00655875 0.0032793760720346
0.00656625 0.00328312607080531
0.00657375 0.00328687606958286
0.00658125 0.0032906260683648
0.00658875 0.00329437606715358
0.00659625 0.00329812606593836
0.00660375 0.00330187606473113
0.00661125 0.00330562606351991
0.00661875 0.00330937606231193
0.00662625 0.00331312606110832
0.00663375 0.00331687605991117
0.00664125 0.00332062605871117
0.00664875 0.00332437605751802
0.00665625 0.0033281260563281
0.00666375 0.00333187605514256
0.00667125 0.00333562605395664
0.00667875 0.00333937605277395
0.00668625 0.00334312605159564
0.00669375 0.00334687605040972
0.00670125 0.00335062604923786
0.00670875 0.00335437604806317
0.00671625 0.0033581260468917
0.00672375 0.00336187604572346
0.00673125 0.003365626044556
0.00673875 0.00336937604339176
0.00674625 0.00337312604223797
0.00675375 0.00337687604108497
0.00676125 0.00338062603993157
0.00676875 0.00338437603877417
0.00677625 0.00338812603762839
0.00678375 0.00339187603647499
0.00679125 0.00339562603532843
0.00679875 0.00339937603418627
0.00680625 0.00340312603305095
0.00681375 0.003406876031908
0.00682125 0.00341062603077628
0.00682875 0.00341437602964536
0.00683625 0.00341812602851286
0.00684375 0.00342187602738837
0.00685125 0.00342562602625745
0.00685875 0.0034293760251394
0.00686625 0.00343312602402215
0.00687375 0.00343687602290529
0.00688125 0.00344062602179526
0.00688875 0.00344437602068122
0.00689625 0.00344812601956798
0.00690375 0.00345187601846156
0.00691125 0.00345562601735475
0.00691875 0.00345937601624512
0.00692625 0.00346312601514593
0.00693375 0.00346687601404996
0.00694125 0.00347062601295479
0.00694875 0.00347437601185922
0.00695625 0.00347812601077408
0.00696375 0.00348187600968614
0.00697125 0.00348562600860141
0.00697875 0.00348937600751628
0.00698625 0.00349312600643556
0.00699375 0.00349687600535445
0.00700125 0.00350062600427293
0.00700875 0.00350437600320265
0.00701625 0.00350812600212958
0.00702375 0.00351187600105849
0.00703125 0.00351562599999183
0.00703875 0.0035193759989296
0.00704625 0.00352312599785851
0.00705375 0.00352687599679907
0.00706125 0.00353062599574046
0.00706875 0.00353437599468021
0.00707625 0.00353812599363162
0.00708375 0.00354187599257662
0.00709125 0.00354562599152721
0.00709875 0.003549375990475
0.00710625 0.00355312598942724
0.00711375 0.00355687598838867
0.00712125 0.00356062598735092
0.00712875 0.00356437598631399
0.00713625 0.00356812598527542
0.00714375 0.00357187598424129
0.00715125 0.00357562598320436
0.00715875 0.00357937598217663
0.00716625 0.00358312598114611
0.00717375 0.00358687598012726
0.00718125 0.00359062597909952
0.00718875 0.00359437597807985
0.00719625 0.00359812597705739
0.00720375 0.0036018759760441
0.00721125 0.00360562597502804
0.00721875 0.00360937597401239
0.00722625 0.00361312597300717
0.00723375 0.00361687597199791
0.00724125 0.00362062597099672
0.00724875 0.00362437596998427
0.00725625 0.00362812596898225
0.00726375 0.00363187596798467
0.00727125 0.00363562596699029
0.00727875 0.00363937596599188
0.00728625 0.00364312596499069
0.00729375 0.00364687596399631
0.00730125 0.00365062596300874
0.00730875 0.00365437596202158
0.00731625 0.00365812596103166
0.00732375 0.00366187596004728
0.00733125 0.00366562595906735
0.00733875 0.00366937595809189
0.00734625 0.0036731259571075
0.00735375 0.00367687595613481
0.00736125 0.00368062595515935
0.00736875 0.0036843759541858
0.00737625 0.00368812595321311
0.00738375 0.00369187595224849
0.00739125 0.00369562595127855
0.00739875 0.00369937595032031
0.00740625 0.00370312594935166
0.00741375 0.00370687594838981
0.00742125 0.00371062594743114
0.00742875 0.00371437594647333
0.00743625 0.00371812594551147
0.00744375 0.00372187594456003
0.00745125 0.00372562594361306
0.00745875 0.00372937594266566
0.00746625 0.00373312594171783
0.00747375 0.0037368759407781
0.00748125 0.00374062593983431
0.00748875 0.00374437593888648
0.00749625 0.00374812593795036
0.00750375 0.0037518759370138
0.00751125 0.00375562593607681
0.00751875 0.00375937593514069
0.00752625 0.00376312593420775
0.00753375 0.00376687593327798
0.00754125 0.00377062593234909
0.00754875 0.00377437593142699
0.00755625 0.00377812593050446
0.00756375 0.00378187592958279
0.00757125 0.00378562592866069
0.00757875 0.00378937592773815
0.00758625 0.00379312592682372
0.00759375 0.0037968759259048
0.00760125 0.00380062592499398
0.00760875 0.0038043759240791
0.00761625 0.00380812592317102
0.00762375 0.00381187592226382
0.00763125 0.00381562592135617
0.00763875 0.00381937592045532
0.00764625 0.00382312591954811
0.00765375 0.0038268759186477
0.00766125 0.00383062591774684
0.00766875 0.00383437591685048
0.00767625 0.00383812591595729
0.00768375 0.00384187591506366
0.00769125 0.00384562591417453
0.00769875 0.00384937591327773
0.00770625 0.00385312591238409
0.00771375 0.00385687591150581
0.00772125 0.00386062591062346
0.00772875 0.00386437590973706
0.00773625 0.00386812590885877
0.00774375 0.00387187590798365
0.00775125 0.00387562590710086
0.00775875 0.00387937590622258
0.00776625 0.00388312590534701
0.00777375 0.00388687590447234
0.00778125 0.00389062590359677
0.00778875 0.00389437590272933
0.00779625 0.00389812590186144
0.00780375 0.00390187590098587
0.00781125 0.00390562590012611
0.00781875 0.00390937589926455
0.00782625 0.00391312589840027
0.00783375 0.0039168758975369
0.00784125 0.00392062589667895
0.00784875 0.00392437589582551
0.00785625 0.00392812589496215
0.00786375 0.00393187589410419
0.00787125 0.00393562589325437
0.00787875 0.00393937589240907
0.00788625 0.00394312589155834
0.00789375 0.00394687589071575
0.00790125 0.00395062588987407
0.00790875 0.00395437588903057
0.00791625 0.00395812588818436
0.00792375 0.00396187588734268
0.00793125 0.00396562588650279
0.00793875 0.00396937588566381
0.00794625 0.00397312588482214
0.00795375 0.00397687588398947
0.00796125 0.00398062588315772
0.00796875 0.00398437588232597
0.00797625 0.00398812588149514
0.00798375 0.00399187588067692
0.00799125 0.00399562587984517
0.00799875 0.00399937587902158
0.00800625 0.00400312587820336
0.00801375 0.00400687587737884
0.00802125 0.00401062587656154
0.00802875 0.00401437587574879
0.00803625 0.00401812587493511
0.00804375 0.00402187587411689
0.00805125 0.00402562587330321
0.00805875 0.00402937587248953
0.00806625 0.00403312587168307
0.00807375 0.00403687587087301
0.00808125 0.0040406258700612
0.00808875 0.00404437586925649
0.00809625 0.00404812586845004
0.00810375 0.0040518758676472
0.00811125 0.00405562586684798
0.00811875 0.00405937586604514
0.00812625 0.00406312586524056
0.00813375 0.00406687586444669
0.00814125 0.00407062586365108
0.00814875 0.00407437586285547
0.00815625 0.00407812586206347
0.00816375 0.00408187586127148
0.00817125 0.00408562586048137
0.00817875 0.0040893758596911
0.00818625 0.00409312585890272
0.00819375 0.00409687585811795
0.00820125 0.00410062585733318
0.00820875 0.00410437585654841
0.00821625 0.00410812585576916
0.00822375 0.0041118758549861
0.00823125 0.00411562585420856
0.00823875 0.00411937585343102
0.00824625 0.00412312585265348
0.00825375 0.00412687585187956
0.00826125 0.00413062585110297
0.00826875 0.00413437585033266
0.00827625 0.00413812584956501
0.00828375 0.0041418758487947
0.00829125 0.00414562584802438
0.00829875 0.0041493758472613
0.00830625 0.00415312584649556
0.00831375 0.00415687584572525
0.00832125 0.00416062584495759
0.00832875 0.00416437584419812
0.00833625 0.00416812584343865
0.00834375 0.0041718758426828
0.00835125 0.00417562584192429
0.00835875 0.00417937584116482
0.00836625 0.00418312584041161
0.00837375 0.00418687583966299
0.00838125 0.00419062583891074
0.00838875 0.0041943758381585
0.00839625 0.00419812583741349
0.00840375 0.0042018758366668
0.00841125 0.00420562583591623
0.00841875 0.00420937583517483
0.00842625 0.00421312583442982
0.00843375 0.00421687583368842
0.00844125 0.00422062583294702
0.00844875 0.00422437583220659
0.00845625 0.00422812583146158
0.00846375 0.00423187583072282
0.00847125 0.00423562582998865
0.00847875 0.00423937582925447
0.00848625 0.0042431258285203
0.00849375 0.00424687582779073
0.00850125 0.00425062582705655
0.00850875 0.00425437582633224
0.00851625 0.00425812582560168
0.00852375 0.00426187582487474
0.00853125 0.00426562582415141
0.00853875 0.00426937582342545
0.00854625 0.00427312582269851
0.00855375 0.00427687582197058
0.00856125 0.00428062582125448
0.00856875 0.00428437582053837
0.00857625 0.00428812581981866
0.00858375 0.00429187581909994
0.00859125 0.00429562581838022
0.00859875 0.00429937581767397
0.00860625 0.00430312581696148
0.00861375 0.00430687581624899
0.00862125 0.00431062581554012
0.00862875 0.00431437581483224
0.00863625 0.0043181258141296
0.00864375 0.00432187581342172
0.00865125 0.00432562581271908
0.00865875 0.00432937581201743
0.00866625 0.00433312581131217
0.00867375 0.00433687581061153
0.00868125 0.00434062580990527
0.00868875 0.00434437580920101
0.00869625 0.00434812580850559
0.00870375 0.00435187580780756
0.00871125 0.00435562580710952
0.00871875 0.00435937580641973
0.00872625 0.0043631258057243
0.00873375 0.00436687580503089
0.00874125 0.00437062580433547
0.00874875 0.00437437580364466
0.00875625 0.00437812580296109
0.00876375 0.00438187580226768
0.00877125 0.00438562580158309
0.00877875 0.00438937580089692
0.00878625 0.00439312580021594
0.00879375 0.00439687579953598
0.00880125 0.0044006257988524
0.00880875 0.00440437579817707
0.00881625 0.00440812579749971
0.00882375 0.00441187579682077
0.00883125 0.0044156257961434
0.00883875 0.00441937579546344
0.00884625 0.0044231257947907
0.00885375 0.00442687579411797
0.00886125 0.00443062579344626
0.00886875 0.00443437579276889
0.00887625 0.00443812579209718
0.00888375 0.00444187579142703
0.00889125 0.00444562579076153
0.00889875 0.00444937579009241
0.00890625 0.00445312578942793
0.00891375 0.00445687578876862
0.00892125 0.00446062578810776
0.00892875 0.00446437578744845
0.00893625 0.00446812578678656
0.00894375 0.00447187578612467
0.00895125 0.00447562578546743
0.00895875 0.0044793757848045
0.00896625 0.00448312578414365
0.00897375 0.00448687578348794
0.00898125 0.00449062578283689
0.00898875 0.00449437578218223
0.00899625 0.00449812578152499
0.00900375 0.0045018757808729
0.00901125 0.00450562578022651
0.00901875 0.00450937577957803
0.00902625 0.0045131257789306
0.00903375 0.00451687577828316
0.00904125 0.004520625777644
0.00904875 0.00452437577699913
0.00905625 0.00452812577635531
0.00906375 0.00453187577571615
0.00907125 0.00453562577507489
0.00907875 0.0045393757744383
0.00908625 0.00454312577379191
0.00909375 0.00454687577315427
0.00910125 0.00455062577251768
0.00910875 0.00455437577187491
0.00911625 0.00455812577124449
0.00912375 0.00456187577060789
0.00913125 0.00456562576997958
0.00913875 0.00456937576934555
0.00914625 0.00457312576871618
0.00915375 0.00457687576809149
0.00916125 0.00458062576746106
0.00916875 0.00458437576683531
0.00917625 0.0045881257662034
0.00918375 0.00459187576557658
0.00919125 0.00459562576495083
0.00919875 0.00459937576432253
0.00920625 0.00460312576370294
0.00921375 0.0046068757630808
0.00922125 0.00461062576246696
0.00922875 0.00461437576184376
0.00923625 0.00461812576122523
0.00924375 0.00462187576060671
0.00925125 0.00462562575999287
0.00925875 0.00462937575938412
0.00926625 0.00463312575876305
0.00927375 0.00463687575814707
0.00928125 0.00464062575753577
0.00928875 0.00464437575692448
0.00929625 0.00464812575631426
0.00930375 0.00465187575570189
0.00931125 0.00465562575508698
0.00931875 0.00465937575448037
0.00932625 0.00466312575387884
0.00933375 0.00466687575327477
0.00934125 0.00467062575266817
0.00934875 0.00467437575207025
0.00935625 0.00467812575146618
0.00936375 0.0046818757508632
0.00937125 0.00468562575025805
0.00937875 0.00468937574966121
0.00938625 0.00469312574906184
0.00939375 0.0046968757484603
0.00940125 0.00470062574786346
0.00940875 0.00470437574726771
0.00941625 0.00470812574667701
0.00942375 0.00471187574608017
0.00943125 0.00471562574548694
0.00943875 0.0047193757448912
0.00944625 0.00472312574430049
0.00945375 0.00472687574371197
0.00946125 0.00473062574311404
0.00946875 0.00473437574252804
0.00947625 0.00473812574193843
0.00948375 0.00474187574135715
0.00949125 0.00474562574077005
0.00949875 0.00474937574018515
0.00950625 0.00475312573960528
0.00951375 0.0047568757390229
0.00952125 0.00476062573844052
0.00952875 0.00476437573785562
0.00953625 0.00476812573727575
0.00954375 0.00477187573669447
0.00955125 0.0047756257361146
0.00955875 0.00477937573553583
0.00956625 0.00478312573495706
0.00957375 0.00478687573438662
0.00958125 0.00479062573381036
0.00958875 0.00479437573323631
0.00959625 0.00479812573267089
0.00960375 0.00480187573209573
0.00961125 0.00480562573152419
0.00961875 0.00480937573095626
0.00962625 0.00481312573038584
0.00963375 0.00481687572982152
0.00964125 0.00482062572924887
0.00964875 0.00482437572868455
0.00965625 0.00482812572811663
0.00966375 0.00483187572755231
0.00967125 0.00483562572698189
0.00967875 0.00483937572641396
0.00968625 0.00484312572585214
0.00969375 0.00484687572529144
0.00970125 0.00485062572473074
0.00970875 0.00485437572417005
0.00971625 0.00485812572361408
0.00972375 0.00486187572305338
0.00973125 0.00486562572249517
0.00973875 0.0048693757219417
0.00974625 0.00487312572138462
0.00975375 0.00487687572083115
0.00976125 0.00488062572027157
0.00976875 0.00488437571971697
0.00977625 0.00488812571916825
0.00978375 0.00489187571861003
0.00979125 0.00489562571806017
0.00979875 0.00489937571751032
0.00980625 0.00490312571696046
0.00981375 0.00490687571641535
0.00982125 0.00491062571586911
0.00982875 0.00491437571532896
0.00983625 0.00491812571478633
0.00984375 0.00492187571423647
0.00985125 0.00492562571369745
0.00985875 0.00492937571315235
0.00986625 0.00493312571261695
0.00987375 0.00493687571206595
0.00988125 0.00494062571152693
0.00988875 0.00494437571098792
0.00989625 0.0049481257104489
0.00990375 0.00495187570991465
0.00991125 0.00495562570937925
0.00991875 0.00495937570884631
0.00992625 0.00496312570831091
0.00993375 0.00496687570777912
0.00994125 0.00497062570724372
0.00994875 0.00497437570670586
0.00995625 0.0049781257061813
0.00996375 0.00498187570564474
0.00997125 0.00498562570511657
0.00997875 0.00498937570458478
0.00998625 0.00499312570405661
0.00999375 0.00499687570352844
0.01000125 0.00500062570299896
0.01000875 0.00500437570247209
0.01001625 0.00500812570194753
0.01002375 0.00501187570142297
0.01003125 0.0050156257008948
0.01003875 0.00501937570037385
0.01004625 0.00502312569985161
0.01005375 0.00502687569933196
0.01006125 0.00503062569881101
0.01006875 0.00503437569829007
0.01007625 0.00503812569777274
0.01008375 0.00504187569725179
0.01009125 0.00504562569672957
0.01009875 0.00504937569621713
0.01010625 0.0050531256956998
0.01011375 0.00505687569518247
0.01012125 0.00506062569466875
0.01012875 0.00506437569415503
0.01013625 0.00506812569363643
0.01014375 0.0050718756931276
0.01015125 0.00507562569261388
0.01015875 0.00507937569210377
0.01016625 0.00508312569159367
0.01017375 0.00508687569108357
0.01018125 0.00509062569057346
0.01018875 0.00509437569007294
0.01019625 0.00509812568955687
0.01020375 0.00510187568905038
0.01021125 0.00510562568854389
0.01021875 0.00510937568804102
0.01022625 0.00511312568753453
0.01023375 0.00511687568703763
0.01024125 0.00512062568652877
0.01024875 0.0051243756860259
0.01025625 0.00512812568552664
0.01026375 0.00513187568502376
0.01027125 0.0051356256845245
0.01027875 0.005139375684024
0.01028625 0.00514312568352598
0.01029375 0.00514687568302672
0.01030125 0.00515062568253107
0.01030875 0.00515437568203181
0.01031625 0.00515812568153977
0.01032375 0.0051618756810429
0.01033125 0.00516562568054848
0.01033875 0.00516937568005645
0.01034625 0.0051731256795608
0.01035375 0.00517687567906876
0.01036125 0.00518062567858035
0.01036875 0.0051843756780859
0.01037625 0.00518812567759386
0.01038375 0.00519187567710063
0.01039125 0.00519562567661221
0.01039875 0.00519937567612018
0.01040625 0.00520312567563537
0.01041375 0.00520687567514816
0.01042125 0.00521062567465974
0.01042875 0.00521437567417734
0.01043625 0.00521812567369254
0.01044375 0.00522187567320773
0.01045125 0.00522562567272654
0.01045875 0.00522937567224294
0.01046625 0.00523312567175814
0.01047375 0.00523687567127574
0.01048125 0.00524062567079455
0.01048875 0.00524437567031335
0.01049625 0.00524812566983578
0.01050375 0.0052518756693558
0.01051125 0.00525562566887461
0.01051875 0.00525937566840304
0.01052625 0.00526312566792908
0.01053375 0.00526687566744789
0.01054125 0.00527062566697754
0.01054875 0.00527437566650118
0.01055625 0.00527812566602361
0.01056375 0.00528187566554842
0.01057125 0.00528562566507807
0.01057875 0.00528937566460411
0.01058625 0.00529312566413376
0.01059375 0.00529687566366463
0.01060125 0.00530062566319667
0.01060875 0.00530437566272394
0.01061625 0.00530812566225598
0.01062375 0.00531187566178924
0.01063125 0.00531562566131889
0.01063875 0.00531937566085577
0.01064625 0.00532312566039388
0.01065375 0.00532687565993076
0.01066125 0.0053306256594664
0.01066875 0.00533437565900328
0.01067625 0.00533812565854016
0.01068375 0.00534187565807704
0.01069125 0.00534562565761154
0.01069875 0.00534937565715565
0.01070625 0.00535312565669852
0.01071375 0.0053568756562354
0.01072125 0.0053606256557795
0.01072875 0.00536437565532
0.01073625 0.00536812565486534
0.01074375 0.00537187565440945
0.01075125 0.00537562565395593
0.01075875 0.00537937565350004
0.01076625 0.00538312565304414
0.01077375 0.00538687565258825
0.01078125 0.0053906256521336
0.01078875 0.00539437565168008
0.01079625 0.00539812565122543
0.01080375 0.00540187565076829
0.01081125 0.00540562565031962
0.01081875 0.00540937564986734
0.01082625 0.00541312564942354
0.01083375 0.00541687564897001
0.01084125 0.0054206256485226
0.01084875 0.00542437564807991
0.01085625 0.00542812564763125
0.01086375 0.00543187564718258
0.01087125 0.00543562564673156
0.01087875 0.00543937564628525
0.01088625 0.00544312564584146
0.01089375 0.00544687564539515
0.01090125 0.00545062564495009
0.01090875 0.00545437564450504
0.01091625 0.00545812564406487
0.01092375 0.00546187564362578
0.01093125 0.00546562564317838
0.01093875 0.00546937564273929
0.01094625 0.00547312564229786
0.01095375 0.00547687564186003
0.01096125 0.00548062564141986
0.01096875 0.00548437564097716
0.01097625 0.00548812564053934
0.01098375 0.00549187564010278
0.01099125 0.0054956256396673
0.01099875 0.00549937563923309
0.01100625 0.00550312563879654
0.01101375 0.00550687563836829
0.01102125 0.00551062563793046
0.01102875 0.00551437563749753
0.01103625 0.00551812563705843
0.01104375 0.00552187563662784
0.01105125 0.00552562563619852
0.01105875 0.00552937563575942
0.01106625 0.00553312563533244
0.01107375 0.00553687563489951
0.01108125 0.00554062563447125
0.01108875 0.00554437563404426
0.01109625 0.00554812563361728
0.01110375 0.00555187563318436
0.01111125 0.00555562563275971
0.01111875 0.0055593756323304
0.01112625 0.00556312563189852
0.01113375 0.00556687563147153
0.01114125 0.00557062563104817
0.01114875 0.0055743756306297
0.01115625 0.00557812563020505
0.01116375 0.00558187562978168
0.01117125 0.00558562562935599
0.01117875 0.00558937562893133
0.01118625 0.00559312562851158
0.01119375 0.00559687562808589
0.01120125 0.00560062562766484
0.01120875 0.0056043756272487
0.01121625 0.00560812562683025
0.01122375 0.00561187562641281
0.01123125 0.00561562562599306
0.01123875 0.00561937562558183
0.01124625 0.00562312562516439
0.01125375 0.00562687562474102
0.01126125 0.00563062562432257
0.01126875 0.00563437562390513
0.01127625 0.00563812562349622
0.01128375 0.00564187562307416
0.01129125 0.00564562562266033
0.01129875 0.00564937562225142
0.01130625 0.0056531256218402
0.01131375 0.00565687562142998
0.01132125 0.00566062562101384
0.01132875 0.00566437562060624
0.01133625 0.00566812562019963
0.01134375 0.00567187561978711
0.01135125 0.0056756256193782
0.01135875 0.0056793756189706
0.01136625 0.00568312561856037
0.01137375 0.00568687561814193
0.01138125 0.00569062561773894
0.01138875 0.00569437561733002
0.01139625 0.00569812561692834
0.01140375 0.00570187561651713
0.01141125 0.00570562561611775
0.01141875 0.00570937561571377
0.01142625 0.00571312561529992
0.01143375 0.00571687561490185
0.01144125 0.00572062561450017
0.01144875 0.00572437561408897
0.01145625 0.00572812561368958
0.01146375 0.00573187561328922
0.01147125 0.00573562561288982
0.01147875 0.00573937561248814
0.01148625 0.00574312561209007
0.01149375 0.00574687561168972
0.01150125 0.00575062561129393
0.01150875 0.00575437561089719
0.01151625 0.00575812561049418
0.01152375 0.00576187561009972
0.01153125 0.00576562560970166
0.01153875 0.0057693756093072
0.01154625 0.00577312560890685
0.01155375 0.00577687560851106
0.01156125 0.00578062560811433
0.01156875 0.00578437560771492
0.01157625 0.00578812560732408
0.01158375 0.00579187560692963
0.01159125 0.0057956256065329
0.01159875 0.00579937560614072
0.01160625 0.00580312560575122
0.01161375 0.00580687560536265
0.01162125 0.00581062560497181
0.01162875 0.00581437560458096
0.01163625 0.00581812560419508
0.01164375 0.00582187560380651
0.01165125 0.00582562560342063
0.01165875 0.00582937560302483
0.01166625 0.00583312560264121
0.01167375 0.00583687560224676
0.01168125 0.0058406256018645
0.01168875 0.00584437560147592
0.01169625 0.00584812560109004
0.01170375 0.00585187560070869
0.01171125 0.00585562560032146
0.01171875 0.00585937559993785
0.01172625 0.00586312559955785
0.01173375 0.0058668755991756
0.01174125 0.00587062559878837
0.01174875 0.0058743755984034
0.01175625 0.0058781255980234
0.01176375 0.00588187559763979
0.01177125 0.0058856255972634
0.01177875 0.00588937559688115
0.01178625 0.00589312559650476
0.01179375 0.00589687559613063
0.01180125 0.00590062559575063
0.01180875 0.00590437559537425
0.01181625 0.00590812559499786
0.01182375 0.00591187559461923
0.01183125 0.00591562559424284
0.01183875 0.00591937559386509
0.01184625 0.00592312559348871
0.01185375 0.00592687559310871
0.01186125 0.00593062559273594
0.01186875 0.00593437559236454
0.01187625 0.00593812559198815
0.01188375 0.00594187559162124
0.01189125 0.00594562559124846
0.01189875 0.00594937559087569
0.01190625 0.00595312559050292
0.01191375 0.00595687559013015
0.01192125 0.00596062558975652
0.01192875 0.00596437558939184
0.01193625 0.00596812558901545
0.01194375 0.00597187558864991
0.01195125 0.00597562558828075
0.01195875 0.00597937558791159
0.01196625 0.00598312558753798
0.01197375 0.00598687558717328
0.01198125 0.00599062558680773
0.01198875 0.00599437558643858
0.01199625 0.00599812558607303
0.01200375 0.00600187558570749
0.01201125 0.00600562558533611
0.01201875 0.00600937558497057
0.01202625 0.00601312558460363
0.01203375 0.0060168755842417
0.01204125 0.00602062558387255
0.01204875 0.00602437558351062
0.01205625 0.0060281255831537
0.01206375 0.00603187558278815
0.01207125 0.00603562558242844
0.01207875 0.0060393755820629
0.01208625 0.00604312558170097
0.01209375 0.00604687558134627
0.01210125 0.00605062558098434
0.01210875 0.0060543755806216
0.01211625 0.0060581255802641
0.01212375 0.00606187557990217
0.01213125 0.00606562557954385
0.01213875 0.00606937557918554
0.01214625 0.00607312557882722
0.01215375 0.00607687557847533
0.01216125 0.00608062557811782
0.01216875 0.0060843755777595
0.01217625 0.0060881255774048
0.01218375 0.00609187557704287
0.01219125 0.00609562557669179
0.01219875 0.00609937557633991
0.01220625 0.00610312557598238
0.01221375 0.0061068755756313
0.01222125 0.00611062557527298
0.01222875 0.00611437557492551
0.01223625 0.00611812557457442
0.01224375 0.00612187557421894
0.01225125 0.00612562557386863
0.01225875 0.00612937557351393
0.01226625 0.00613312557316646
0.01227375 0.00613687557281537
0.01228125 0.0061406255724679
0.01228875 0.00614437557211823
0.01229625 0.00614812557176715
0.01230375 0.00615187557141825
0.01231125 0.00615562557107078
0.01231875 0.0061593755707233
0.01232625 0.00616312557037222
0.01233375 0.00616687557002617
0.01234125 0.0061706255696787
0.01234875 0.00617437556933341
0.01235625 0.00617812556898594
0.01236375 0.00618187556864208
0.01237125 0.00618562556829461
0.01237875 0.00618937556795075
0.01238625 0.00619312556760975
0.01239375 0.00619687556726303
0.01240125 0.00620062556691917
0.01240875 0.00620437556658254
0.01241625 0.00620812556623506
0.01242375 0.00621187556589482
0.01243125 0.00621562556555745
0.01243875 0.00621937556521071
0.01244625 0.00622312556487408
0.01245375 0.00622687556453022
0.01246125 0.00623062556418998
0.01246875 0.00623437556384973
0.01247625 0.00623812556351455
0.01248375 0.00624187556317791
0.01249125 0.00624562556283984
0.01249875 0.0062493755624996
0.01250625 0.00625312556215935
0.01251375 0.00625687556182272
0.01252125 0.00626062556148392
0.01252875 0.00626437556115452
0.01253625 0.00626812556082005
0.01254375 0.00627187556048704
0.01255125 0.00627562556015402
0.01255875 0.00627937555981739
0.01256625 0.00628312555948221
0.01257375 0.00628687555914919
0.01258125 0.00629062555881834
0.01258875 0.0062943755584817
0.01259625 0.00629812555814869
0.01260375 0.00630187555781928
0.01261125 0.00630562555748773
0.01261875 0.00630937555716194
0.01262625 0.00631312555682746
0.01263375 0.00631687555649806
0.01264125 0.00632062555616865
0.01264875 0.00632437555583925
0.01265625 0.00632812555551131
0.01266375 0.00633187555518552
0.01267125 0.00633562555485104
0.01267875 0.00633937555452164
0.01268625 0.00634312555419946
0.01269375 0.00634687555387006
0.01270125 0.00635062555354574
0.01270875 0.00635437555321487
0.01271625 0.00635812555288694
0.01272375 0.00636187555255606
0.01273125 0.00636562555223389
0.01273875 0.0063693755519081
0.01274625 0.00637312555158017
0.01275375 0.00637687555126013
0.01276125 0.00638062555093221
0.01276875 0.00638437555060494
0.01277625 0.00638812555028638
0.01278375 0.0063918755499642
0.01279125 0.00639562554963989
0.01279875 0.00639937554931263
0.01280625 0.00640312554899555
0.01281375 0.00640687554867189
0.01282125 0.00641062554834971
0.01282875 0.00641437554803115
0.01283625 0.00641812554770898
0.01284375 0.0064218755473919
0.01285125 0.00642562554706973
0.01285875 0.00642937554674607
0.01286625 0.00643312554643112
0.01287375 0.00643687554611256
0.01288125 0.006440625545794
0.01288875 0.00644437554548054
0.01289625 0.0064481255451641
0.01290375 0.00645187554484342
0.01291125 0.00645562554452337
0.01291875 0.00645937554421203
0.01292625 0.00646312554388986
0.01293375 0.00646687554357641
0.01294125 0.00647062554325996
0.01294875 0.0064743755429429
0.01295625 0.00647812554263368
0.01296375 0.00648187554232235
0.01297125 0.0064856255420074
0.01297875 0.00648937554169757
0.01298625 0.00649312554138474
0.01299375 0.00649687554106768
0.01300125 0.00650062554075484
0.01300875 0.00650437554044712
0.01301625 0.00650812554013218
0.01302375 0.00651187553982235
0.01303125 0.00651562553950951
0.01303875 0.00651937553919607
0.01304625 0.00652312553889407
0.01305375 0.00652687553858274
0.01306125 0.00653062553827502
0.01306875 0.00653437553796881
0.01307625 0.00653812553765597
0.01308375 0.00654187553734825
0.01309125 0.00654562553704204
0.01309875 0.00654937553673642
0.01310625 0.00655312553642871
0.01311375 0.0065568755361225
0.01312125 0.00656062553581327
0.01312875 0.00656437553550555
0.01313625 0.00656812553519573
0.01314375 0.00657187553489372
0.01315125 0.006575625534586
0.01315875 0.00657937553428342
0.01316625 0.00658312553398141
0.01317375 0.0065868755336773
0.01318125 0.00659062553337834
0.01318875 0.00659437553307271
0.01319625 0.00659812553277222
0.01320375 0.00660187553246241
0.01321125 0.00660562553216401
0.01321875 0.0066093755318599
0.01322625 0.00661312553155371
0.01323375 0.00661687553125169
0.01324125 0.0066206255309512
0.01324875 0.00662437553065585
0.01325625 0.00662812553035383
0.01326375 0.00663187553005695
0.01327125 0.00663562552975285
0.01327875 0.00663937552945751
0.01328625 0.00664312552916271
0.01329375 0.00664687552886222
0.01330125 0.00665062552856688
0.01330875 0.00665437552826485
0.01331625 0.00665812552796797
0.01332375 0.00666187552766902
0.01333125 0.00666562552736699
0.01333875 0.00666937552707373
0.01334625 0.00667312552677839
0.01335375 0.00667687552647997
0.01336125 0.00668062552618671
0.01336875 0.00668437552589499
0.01337625 0.00668812552560018
0.01338375 0.00669187552530692
0.01339125 0.00669562552501159
0.01339875 0.00669937552471678
0.01340625 0.0067031255244199
0.01341375 0.00670687552412458
0.01342125 0.00671062552382976
0.01342875 0.00671437552354011
0.01343625 0.00671812552324479
0.01344375 0.0067218755229572
0.01345125 0.00672562552266755
0.01345875 0.00672937552237429
0.01346625 0.00673312552208258
0.01347375 0.00673687552179138
0.01348125 0.00674062552149967
0.01348875 0.00674437552121208
0.01349625 0.00674812552092243
0.01350375 0.00675187552062917
0.01351125 0.00675562552034108
0.01351875 0.0067593755200571
0.01352625 0.0067631255197654
0.01353375 0.00676687551947418
0.01354125 0.00677062551918815
0.01354875 0.00677437551890211
0.01355625 0.00677812551861403
0.01356375 0.00678187551833004
0.01357125 0.00678562551804196
0.01357875 0.00678937551775436
0.01358625 0.00679312551746471
0.01359375 0.00679687551718229
0.01360125 0.00680062551689783
0.01360875 0.00680437551661745
0.01361625 0.00680812551632576
0.01362375 0.00681187551604538
0.01363125 0.00681562551575934
0.01363875 0.00681937551547692
0.01364625 0.0068231255151945
0.01365375 0.00682687551491366
0.01366125 0.00683062551463124
0.01366875 0.00683437551434724
0.01367625 0.00683812551407204
0.01368375 0.00684187551378601
0.01369125 0.0068456255135072
0.01369875 0.00684937551322275
0.01370625 0.00685312551294394
0.01371375 0.00685687551266355
0.01372125 0.00686062551238113
0.01372875 0.00686437551210232
0.01373625 0.00686812551182352
0.01374375 0.00687187551154269
0.01375125 0.00687562551126952
0.01375875 0.00687937551098869
0.01376625 0.0068831255107119
0.01377375 0.0068868755104331
0.01378125 0.00689062551015429
0.01378875 0.00689437550987708
0.01379625 0.00689812550960029
0.01380375 0.00690187550931946
0.01381125 0.00690562550904267
0.01381875 0.0069093755087711
0.01382625 0.00691312550849229
0.01383375 0.00691687550821348
0.01384125 0.00692062550793989
0.01384875 0.00692437550766108
0.01385625 0.00692812550739152
0.01386375 0.00693187550711632
0.01387125 0.00693562550684113
0.01387875 0.00693937550656594
0.01388625 0.00694312550629596
0.01389375 0.00694687550602077
0.01390125 0.00695062550574397
0.01390875 0.00695437550547239
0.01391625 0.0069581255051972
0.01392375 0.00696187550492562
0.01393125 0.00696562550465204
0.01393875 0.00696937550438046
0.01394625 0.00697312550410727
0.01395375 0.0069768755038393
0.01396125 0.00698062550356773
0.01396875 0.00698437550329615
0.01397625 0.0069881255030298
0.01398375 0.00699187550275822
0.01399125 0.00699562550248502
0.01399875 0.00699937550221344
0.01400625 0.00700312550194548
0.01401375 0.00700687550167751
0.01402125 0.00701062550140955
0.01402875 0.00701437550114121
0.01403625 0.00701812550087
0.01404375 0.00702187550060204
0.01405125 0.00702562550033769
0.01405875 0.00702937550007334
0.01406625 0.00703312549980537
0.01407375 0.00703687549954066
0.01408125 0.00704062549927306
0.01408875 0.00704437549900509
0.01409625 0.00704812549873713
0.01410375 0.00705187549847639
0.01411125 0.00705562549820842
0.01411875 0.00705937549794734
0.01412625 0.00706312549767972
0.01413375 0.00706687549741176
0.01414125 0.00707062549715102
0.01414875 0.00707437549689028
0.01415625 0.00707812549662593
0.01416375 0.00708187549636486
0.01417125 0.00708562549610084
0.01417875 0.00708937549584011
0.01418625 0.00709312549557214
0.01419375 0.00709687549531502
0.01420125 0.00710062549505428
0.01420875 0.00710437549478993
0.01421625 0.00710812549452887
0.01422375 0.00711187549426846
0.01423125 0.00711562549400772
0.01423875 0.0071193754937506
0.01424625 0.00712312549348625
0.01425375 0.00712687549322912
0.01426125 0.00713062549296807
0.01426875 0.00713437549271126
0.01427625 0.00713812549245053
0.01428375 0.0071418754921934
0.01429125 0.00714562549193628
0.01429875 0.00714937549167554
0.01430625 0.00715312549142173
0.01431375 0.0071568754911613
0.01432125 0.00716062549090056
0.01432875 0.00716437549065066
0.01433625 0.00716812549038993
0.01434375 0.0071718754901328
0.01435125 0.007175625489879
0.01435875 0.00717937548962579
0.01436625 0.00718312548936505
0.01437375 0.00718687548911154
0.01438125 0.00719062548885442
0.01438875 0.00719437548860091
0.01439625 0.00719812548834712
0.01440375 0.00720187548809028
0.01441125 0.00720562548784038
0.01441875 0.00720937548758687
0.01442625 0.00721312548732975
0.01443375 0.00721687548707624
0.01444125 0.0072206254868244
0.01444875 0.00722437548657451
0.01445625 0.00722812548632655
0.01446375 0.00723187548607305
0.01447125 0.00723562548581954
0.01447875 0.00723937548556603
0.01448625 0.00724312548531781
0.01449375 0.00724687548507153
0.01450125 0.00725062548481634
0.01450875 0.00725437548456283
0.01451625 0.00725812548431655
0.01452375 0.00726187548406304
0.01453125 0.00726562548381483
0.01453875 0.00726937548356494
0.01454625 0.00727312548332059
0.01455375 0.00727687548307431
0.01456125 0.0072806254828208
0.01456875 0.00728437548257452
0.01457625 0.00728812548232269
0.01458375 0.00729187548207641
0.01459125 0.00729562548182844
0.01459875 0.00729937548158216
0.01460625 0.00730312548133588
0.01461375 0.00730687548108599
0.01462125 0.00731062548083971
0.01462875 0.00731437548059512
0.01463625 0.00731812548034161
0.01464375 0.00732187548009725
0.01465125 0.00732562547985458
0.01465875 0.0073293754796083
0.01466625 0.00733312547936202
0.01467375 0.00733687547911744
0.01468125 0.00734062547887116
0.01468875 0.00734437547862679
0.01469625 0.00734812547838051
0.01470375 0.00735187547813784
0.01471125 0.00735562547789518
0.01471875 0.00735937547764698
0.01472625 0.00736312547740432
0.01473375 0.00736687547715995
0.01474125 0.00737062547692089
0.01474875 0.00737437547667461
0.01475625 0.00737812547643195
0.01476375 0.00738187547619099
0.01477125 0.00738562547594832
0.01477875 0.00738937547570756
0.01478625 0.00739312547546851
0.01479375 0.00739687547522223
0.01480125 0.00740062547498317
0.01480875 0.00740437547474222
0.01481625 0.00740812547450145
0.01482375 0.0074118754742605
0.01483125 0.00741562547402335
0.01483875 0.00741937547378429
0.01484625 0.00742312547354885
0.01485375 0.00742687547330791
0.01486125 0.00743062547307075
0.01486875 0.00743437547282619
0.01487625 0.00743812547258903
0.01488375 0.00744187547235359
0.01489125 0.00744562547211454
0.01489875 0.00744937547187721
0.01490625 0.00745312547163643
0.01491375 0.00745687547140272
0.01492125 0.00746062547116555
0.01492875 0.0074643754709265
0.01493625 0.00746812547069106
0.01494375 0.00747187547045735
0.01495125 0.0074756254702238
0.01495875 0.00747937546998286
0.01496625 0.0074831254697493
0.01497375 0.00748687546951387
0.01498125 0.00749062546927843
0.01498875 0.00749437546904111
0.01499625 0.00749812546880393
0.015175 0.00758850906089336
0.015525 0.0077634863123386
0.015875 0.00793846456687003
0.016225 0.00811344375957244
0.016575 0.00828842383101475
0.016925 0.00846340472668041
0.017275 0.00863838639647254
0.017625 0.00881336879427266
0.017975 0.00898835187755496
0.018325 0.00916333560704219
0.018675 0.00933831994640121
0.019025 0.00951330486197331
0.019375 0.00968829032253129
0.019725 0.0098632762990647
0.020075 0.0100382627645854
0.020425 0.0102132496939562
0.020775 0.0103882370637331
0.021125 0.0105632248520266
0.021475 0.0107382130383731
0.021825 0.0109132016036229
0.022175 0.0110881905298342
0.022525 0.0112631798001811
0.022875 0.0114381693988671
0.023225 0.0116131593110477
0.023575 0.0117881495227606
0.023925 0.0119631400208602
0.024275 0.012138130792959
0.024625 0.0123131218273738
0.024975 0.0124881131130758
0.025325 0.0126631046396476
0.025675 0.0128380963972377
0.026025 0.0130130883765253
0.026375 0.013188080568685
0.026725 0.0133630729653532
0.027075 0.0135380655585987
0.027425 0.0137130583408954
0.027775 0.0138880513050967
0.028125 0.0140630444444111
0.028475 0.0142380377523813
0.028825 0.0144130312228643
0.029175 0.0145880248500109
0.029525 0.0147630186282497
0.029875 0.0149380125522703
0.030225 0.0151130066170085
0.030575 0.0152880008176317
0.030925 0.0154629951495261
0.031275 0.0156379896082842
0.031625 0.0158129841896949
0.031975 0.0159879788897295
0.032325 0.0161629737045355
0.032675 0.0163379686304243
0.033025 0.0165129636638641
0.033375 0.0166879588014714
0.033725 0.0168629540400034
0.034075 0.0170379493763494
0.034425 0.0172129448075268
0.034775 0.0173879403306721
0.035125 0.0175629359430351
0.035475 0.0177379316419761
0.035825 0.0179129274249576
0.036175 0.01808792328954
0.036525 0.0182629192333774
0.036875 0.0184379152542131
0.037225 0.0186129113498753
0.037575 0.0187879075182731
0.037925 0.0189629037573925
0.038275 0.0191379000652936
0.038625 0.0193128964401064
0.038975 0.0194878928800285
0.039325 0.0196628893833214
0.039675 0.019837885948308
0.040025 0.0200128825733695
0.040375 0.0201878792569441
0.040725 0.0203628759975229
0.041075 0.0205378727936486
0.041425 0.0207128696439136
0.041775 0.0208878665469568
0.042125 0.0210628635014627
0.042475 0.0212378605061592
0.042825 0.0214128575598159
0.043175 0.0215878546612419
0.043525 0.0217628518092846
0.043875 0.0219378490028288
0.044225 0.0221128462407941
0.044575 0.0222878435221339
0.044925 0.0224628408458345
0.045275 0.0226378382109137
0.045625 0.022812835616419
0.045975 0.0229878330614272
0.046325 0.0231628305450429
0.046675 0.0233378280663977
0.047025 0.0235128256246489
0.047375 0.0236878232189787
0.047725 0.0238628208485933
0.048075 0.0240378185127221
0.048425 0.0242128162106167
0.048775 0.0243878139415503
0.049125 0.0245628117048166
0.049475 0.0247378094997295
0.049825 0.024912807325622
